0 4 8 16
4 8
4 16


1 4 8 16
4 8
4 16


2 4 8 16
4 8
4 16


3 4 8 16
4 8
4 16


4 4 8 16
4 8
4 16


5 4 8 16
4 8
4 16


6 4 8 16
4 8
4 16


7 4 8 16
4 8
4 16


8 4 8 16
4 8
4 16


9 4 8 16
4 8
4 16


10 4 8 16
4 8
4 16


11 4 8 16
4 8
4 16


12 4 8 16
4 8
4 16


13 4 8 16
4 8
4 16


14 4 8 16
4 8
4 16


15 4 8 16
4 8
4 16


16 4 8 16
4 8
4 16


17 4 8 16
4 8
4 16


18 4 8 16
4 8
4 16


19 4 8 16
4 8
4 16


20 4 8 16
4 8
4 16


21 4 8 16
4 8
4 16


22 4 8 16
4 8
4 16


23 4 8 16
4 8
4 16


24 4 8 16
4 8
4 16


25 4 8 16
4 8
4 16


26 4 8 16
4 8
4 16


27 4 8 16
4 8
4 16


28 4 8 16
4 8
4 16


29 4 8 16
4 8
4 16


30 4 8 16
4 8
4 16


31 4 8 16
4 8
4 16


32 4 8 16
4 8
4 16


33 4 8 16
4 8
4 16


34 4 8 16
4 8
4 16


35 4 8 16
4 8
4 16


36 4 8 16
4 8
4 16


37 4 8 16
4 8
4 16


38 4 8 16
4 8
4 16


39 4 8 16
4 8
4 16


40 4 8 16
4 8
4 16


41 4 8 16
4 8
4 16


42 4 8 16
4 8
4 16


43 4 8 16
4 8
4 16


44 4 8 16
4 8
4 16


45 4 8 16
4 8
4 16


46 4 8 16
4 8
4 16


47 4 8 16
4 8
4 16


48 4 8 16
4 8
4 16


49 4 8 16
4 8
4 16


50 4 8 16
4 8
4 16


51 4 8 16
4 8
4 16


52 4 8 16
4 8
4 16


53 4 8 16
4 8
4 16


54 4 8 16
4 8
4 16


55 4 8 16
4 8
4 16


56 4 8 16
4 8
4 16


57 4 8 16
4 8
4 16


58 4 8 16
4 8
4 16


59 4 8 16
4 8
4 16


60 4 8 16
4 8
4 16


61 4 8 16
4 8
4 16


62 4 8 16
4 8
4 16


63 4 8 16
4 8
4 16


324 9 17 18
9 17
9 18


325 9 17 18
9 17
9 18


326 9 17 18
9 17
9 18


327 9 17 18
9 17
9 18


328 9 17 18
9 17
9 18


329 9 17 18
9 17
9 18


330 9 17 18
9 17
9 18


331 9 17 18
9 17
9 18


332 9 17 18
9 17
9 18


333 9 17 18
9 17
9 18


334 9 17 18
9 17
9 18


335 9 17 18
9 17
9 18


336 9 17 18
9 17
9 18


337 9 17 18
9 17
9 18


338 9 17 18
9 17
9 18


339 9 17 18
9 17
9 18


340 9 17 18
9 17
9 18


341 9 17 18
9 17
9 18


342 9 17 18
9 17
9 18


343 9 17 18
9 17
9 18


344 9 17 18
9 17
9 18


345 9 17 18
9 17
9 18


346 9 17 18
9 17
9 18


347 9 17 18
9 17
9 18


348 9 17 18
9 17
9 18


349 9 17 18
9 17
9 18


350 9 17 18
9 17
9 18


351 9 17 18
9 17
9 18


352 9 17 18
9 17
9 18


353 9 17 18
9 17
9 18


354 9 17 18
9 17
9 18


355 9 17 18
9 17
9 18


356 9 17 18
9 17
9 18


357 9 17 18
9 17
9 18


358 9 17 18
9 17
9 18


359 9 17 18
9 17
9 18


360 9 17 18
9 17
9 18


361 9 17 18
9 17
9 18


362 9 17 18
9 17
9 18


363 9 17 18
9 17
9 18


364 9 17 18
9 17
9 18


365 9 17 18
9 17
9 18


366 9 17 18
9 17
9 18


367 9 17 18
9 17
9 18


368 9 17 18
9 17
9 18


369 9 17 18
9 17
9 18


370 9 17 18
9 17
9 18


371 9 17 18
9 17
9 18


372 9 17 18
9 17
9 18


373 9 17 18
9 17
9 18


374 9 17 18
9 17
9 18


375 9 17 18
9 17
9 18


376 9 17 18
9 17
9 18


377 9 17 18
9 17
9 18


378 9 17 18
9 17
9 18


379 9 17 18
9 17
9 18


380 9 17 18
9 17
9 18


381 9 17 18
9 17
9 18


382 9 17 18
9 17
9 18


383 9 17 18
9 17
9 18


384 9 17 18
9 17
9 18


385 9 17 18
9 17
9 18


386 9 17 18
9 17
9 18


387 9 17 18
9 17
9 18


648 25 27 19
25 27
25 19


649 25 27 19
25 27
25 19


650 25 27 19
25 27
25 19


651 25 27 19
25 27
25 19


652 25 27 19
25 27
25 19


653 25 27 19
25 27
25 19


654 25 27 19
25 27
25 19


655 25 27 19
25 27
25 19


656 25 27 19
25 27
25 19


657 25 27 19
25 27
25 19


658 25 27 19
25 27
25 19


659 25 27 19
25 27
25 19


660 25 27 19
25 27
25 19


661 25 27 19
25 27
25 19


662 25 27 19
25 27
25 19


663 25 27 19
25 27
25 19


664 25 27 19
25 27
25 19


665 25 27 19
25 27
25 19


666 25 27 19
25 27
25 19


667 25 27 19
25 27
25 19


668 25 27 19
25 27
25 19


669 25 27 19
25 27
25 19


670 25 27 19
25 27
25 19


671 25 27 19
25 27
25 19


672 25 27 19
25 27
25 19


673 25 27 19
25 27
25 19


674 25 27 19
25 27
25 19


675 25 27 19
25 27
25 19


676 25 27 19
25 27
25 19


677 25 27 19
25 27
25 19


678 25 27 19
25 27
25 19


679 25 27 19
25 27
25 19


680 25 27 19
25 27
25 19


681 25 27 19
25 27
25 19


682 25 27 19
25 27
25 19


683 25 27 19
25 27
25 19


684 25 27 19
25 27
25 19


685 25 27 19
25 27
25 19


686 25 27 19
25 27
25 19


687 25 27 19
25 27
25 19


688 25 27 19
25 27
25 19


689 25 27 19
25 27
25 19


690 25 27 19
25 27
25 19


691 25 27 19
25 27
25 19


692 25 27 19
25 27
25 19


693 25 27 19
25 27
25 19


694 25 27 19
25 27
25 19


695 25 27 19
25 27
25 19


696 25 27 19
25 27
25 19


697 25 27 19
25 27
25 19


698 25 27 19
25 27
25 19


699 25 27 19
25 27
25 19


700 25 27 19
25 27
25 19


701 25 27 19
25 27
25 19


702 25 27 19
25 27
25 19


703 25 27 19
25 27
25 19


704 25 27 19
25 27
25 19


705 25 27 19
25 27
25 19


706 25 27 19
25 27
25 19


707 25 27 19
25 27
25 19


708 25 27 19
25 27
25 19


709 25 27 19
25 27
25 19


710 25 27 19
25 27
25 19


711 25 27 19
25 27
25 19


972 26 10 2
26 10
26 2


973 26 10 2
26 10
26 2


974 26 10 2
26 10
26 2


975 26 10 2
26 10
26 2


976 26 10 2
26 10
26 2


977 26 10 2
26 10
26 2


978 26 10 2
26 10
26 2


979 26 10 2
26 10
26 2


980 26 10 2
26 10
26 2


981 26 10 2
26 10
26 2


982 26 10 2
26 10
26 2


983 26 10 2
26 10
26 2


984 26 10 2
26 10
26 2


985 26 10 2
26 10
26 2


986 26 10 2
26 10
26 2


987 26 10 2
26 10
26 2


988 26 10 2
26 10
26 2


989 26 10 2
26 10
26 2


990 26 10 2
26 10
26 2


991 26 10 2
26 10
26 2


992 26 10 2
26 10
26 2


993 26 10 2
26 10
26 2


994 26 10 2
26 10
26 2


995 26 10 2
26 10
26 2


996 26 10 2
26 10
26 2


997 26 10 2
26 10
26 2


998 26 10 2
26 10
26 2


999 26 10 2
26 10
26 2


1000 26 10 2
26 10
26 2


1001 26 10 2
26 10
26 2


1002 26 10 2
26 10
26 2


1003 26 10 2
26 10
26 2


1004 26 10 2
26 10
26 2


1005 26 10 2
26 10
26 2


1006 26 10 2
26 10
26 2


1007 26 10 2
26 10
26 2


1008 26 10 2
26 10
26 2


1009 26 10 2
26 10
26 2


1010 26 10 2
26 10
26 2


1011 26 10 2
26 10
26 2


1012 26 10 2
26 10
26 2


1013 26 10 2
26 10
26 2


1014 26 10 2
26 10
26 2


1015 26 10 2
26 10
26 2


1016 26 10 2
26 10
26 2


1017 26 10 2
26 10
26 2


1018 26 10 2
26 10
26 2


1019 26 10 2
26 10
26 2


1020 26 10 2
26 10
26 2


1021 26 10 2
26 10
26 2


1022 26 10 2
26 10
26 2


1023 26 10 2
26 10
26 2


1024 26 10 2
26 10
26 2


1025 26 10 2
26 10
26 2


1026 26 10 2
26 10
26 2


1027 26 10 2
26 10
26 2


1028 26 10 2
26 10
26 2


1029 26 10 2
26 10
26 2


1030 26 10 2
26 10
26 2


1031 26 10 2
26 10
26 2


1032 26 10 2
26 10
26 2


1033 26 10 2
26 10
26 2


1034 26 10 2
26 10
26 2


1035 26 10 2
26 10
26 2


1296 11 13 5
11 13
11 5


1297 11 13 5
11 13
11 5


1298 11 13 5
11 13
11 5


1299 11 13 5
11 13
11 5


1300 11 13 5
11 13
11 5


1301 11 13 5
11 13
11 5


1302 11 13 5
11 13
11 5


1303 11 13 5
11 13
11 5


1304 11 13 5
11 13
11 5


1305 11 13 5
11 13
11 5


1306 11 13 5
11 13
11 5


1307 11 13 5
11 13
11 5


1308 11 13 5
11 13
11 5


1309 11 13 5
11 13
11 5


1310 11 13 5
11 13
11 5


1311 11 13 5
11 13
11 5


1312 11 13 5
11 13
11 5


1313 11 13 5
11 13
11 5


1314 11 13 5
11 13
11 5


1315 11 13 5
11 13
11 5


1316 11 13 5
11 13
11 5


1317 11 13 5
11 13
11 5


1318 11 13 5
11 13
11 5


1319 11 13 5
11 13
11 5


1320 11 13 5
11 13
11 5


1321 11 13 5
11 13
11 5


1322 11 13 5
11 13
11 5


1323 11 13 5
11 13
11 5


1324 11 13 5
11 13
11 5


1325 11 13 5
11 13
11 5


1326 11 13 5
11 13
11 5


1327 11 13 5
11 13
11 5


1328 11 13 5
11 13
11 5


1329 11 13 5
11 13
11 5


1330 11 13 5
11 13
11 5


1331 11 13 5
11 13
11 5


1332 11 13 5
11 13
11 5


1333 11 13 5
11 13
11 5


1334 11 13 5
11 13
11 5


1335 11 13 5
11 13
11 5


1336 11 13 5
11 13
11 5


1337 11 13 5
11 13
11 5


1338 11 13 5
11 13
11 5


1339 11 13 5
11 13
11 5


1340 11 13 5
11 13
11 5


1341 11 13 5
11 13
11 5


1342 11 13 5
11 13
11 5


1343 11 13 5
11 13
11 5


1344 11 13 5
11 13
11 5


1345 11 13 5
11 13
11 5


1346 11 13 5
11 13
11 5


1347 11 13 5
11 13
11 5


1348 11 13 5
11 13
11 5


1349 11 13 5
11 13
11 5


1350 11 13 5
11 13
11 5


1351 11 13 5
11 13
11 5


1352 11 13 5
11 13
11 5


1353 11 13 5
11 13
11 5


1354 11 13 5
11 13
11 5


1355 11 13 5
11 13
11 5


1356 11 13 5
11 13
11 5


1357 11 13 5
11 13
11 5


1358 11 13 5
11 13
11 5


1359 11 13 5
11 13
11 5


1360 11 13 5
11 13
11 5


1361 11 13 5
11 13
11 5


1362 11 13 5
11 13
11 5


1363 11 13 5
11 13
11 5


1364 11 13 5
11 13
11 5


1365 11 13 5
11 13
11 5


1366 11 13 5
11 13
11 5


1367 11 13 5
11 13
11 5


1368 11 13 5
11 13
11 5


1369 11 13 5
11 13
11 5


1370 11 13 5
11 13
11 5


1371 11 13 5
11 13
11 5


1372 11 13 5
11 13
11 5


1373 11 13 5
11 13
11 5


1374 11 13 5
11 13
11 5


1375 11 13 5
11 13
11 5


1376 11 13 5
11 13
11 5


1377 11 13 5
11 13
11 5


1378 11 13 5
11 13
11 5


1379 11 13 5
11 13
11 5


1380 11 13 5
11 13
11 5


1381 11 13 5
11 13
11 5


1382 11 13 5
11 13
11 5


1383 11 13 5
11 13
11 5


1384 11 13 5
11 13
11 5


1385 11 13 5
11 13
11 5


1386 11 13 5
11 13
11 5


1387 11 13 5
11 13
11 5


1388 11 13 5
11 13
11 5


1389 11 13 5
11 13
11 5


1390 11 13 5
11 13
11 5


1391 11 13 5
11 13
11 5


1392 11 13 5
11 13
11 5


1393 11 13 5
11 13
11 5


1394 11 13 5
11 13
11 5


1395 11 13 5
11 13
11 5


1396 11 13 5
11 13
11 5


1397 11 13 5
11 13
11 5


1398 11 13 5
11 13
11 5


1399 11 13 5
11 13
11 5


1400 11 13 5
11 13
11 5


1401 11 13 5
11 13
11 5


1402 11 13 5
11 13
11 5


1403 11 13 5
11 13
11 5


1404 11 13 5
11 13
11 5


1405 11 13 5
11 13
11 5


1406 11 13 5
11 13
11 5


1407 11 13 5
11 13
11 5


1408 11 13 5
11 13
11 5


1409 11 13 5
11 13
11 5


1410 11 13 5
11 13
11 5


1411 11 13 5
11 13
11 5


1412 11 13 5
11 13
11 5


1413 11 13 5
11 13
11 5


1414 11 13 5
11 13
11 5


1415 11 13 5
11 13
11 5


1416 11 13 5
11 13
11 5


1417 11 13 5
11 13
11 5


1418 11 13 5
11 13
11 5


1419 11 13 5
11 13
11 5


1420 11 13 5
11 13
11 5


1421 11 13 5
11 13
11 5


1422 11 13 5
11 13
11 5


1423 11 13 5
11 13
11 5


1424 11 13 5
11 13
11 5


1425 11 13 5
11 13
11 5


1426 11 13 5
11 13
11 5


1427 11 13 5
11 13
11 5


1428 11 13 5
11 13
11 5


1429 11 13 5
11 13
11 5


1430 11 13 5
11 13
11 5


1431 11 13 5
11 13
11 5


1432 11 13 5
11 13
11 5


1433 11 13 5
11 13
11 5


1434 11 13 5
11 13
11 5


1435 11 13 5
11 13
11 5


1436 11 13 5
11 13
11 5


1437 11 13 5
11 13
11 5


1438 11 13 5
11 13
11 5


1439 11 13 5
11 13
11 5


1440 11 13 5
11 13
11 5


1441 11 13 5
11 13
11 5


1442 11 13 5
11 13
11 5


1443 11 13 5
11 13
11 5


1444 11 13 5
11 13
11 5


1445 11 13 5
11 13
11 5


1446 11 13 5
11 13
11 5


1447 11 13 5
11 13
11 5


1448 11 13 5
11 13
11 5


1449 11 13 5
11 13
11 5


1450 11 13 5
11 13
11 5


1451 11 13 5
11 13
11 5


1452 11 13 5
11 13
11 5


1453 11 13 5
11 13
11 5


1454 11 13 5
11 13
11 5


1455 11 13 5
11 13
11 5


1456 11 13 5
11 13
11 5


1457 11 13 5
11 13
11 5


1458 11 13 5
11 13
11 5


1459 11 13 5
11 13
11 5


1460 11 13 5
11 13
11 5


1461 11 13 5
11 13
11 5


1462 11 13 5
11 13
11 5


1463 11 13 5
11 13
11 5


1464 11 13 5
11 13
11 5


1465 11 13 5
11 13
11 5


1466 11 13 5
11 13
11 5


1467 11 13 5
11 13
11 5


1468 11 13 5
11 13
11 5


1469 11 13 5
11 13
11 5


1470 11 13 5
11 13
11 5


1471 11 13 5
11 13
11 5


1472 11 13 5
11 13
11 5


1473 11 13 5
11 13
11 5


1474 11 13 5
11 13
11 5


1475 11 13 5
11 13
11 5


1476 11 13 5
11 13
11 5


1477 11 13 5
11 13
11 5


1478 11 13 5
11 13
11 5


1479 11 13 5
11 13
11 5


1480 11 13 5
11 13
11 5


1481 11 13 5
11 13
11 5


1482 11 13 5
11 13
11 5


1483 11 13 5
11 13
11 5


1484 11 13 5
11 13
11 5


1485 11 13 5
11 13
11 5


1486 11 13 5
11 13
11 5


1487 11 13 5
11 13
11 5


1488 11 13 5
11 13
11 5


1489 11 13 5
11 13
11 5


1490 11 13 5
11 13
11 5


1491 11 13 5
11 13
11 5


1492 11 13 5
11 13
11 5


1493 11 13 5
11 13
11 5


1494 11 13 5
11 13
11 5


1495 11 13 5
11 13
11 5


1496 11 13 5
11 13
11 5


1497 11 13 5
11 13
11 5


1498 11 13 5
11 13
11 5


1499 11 13 5
11 13
11 5


1500 11 13 5
11 13
11 5


1501 11 13 5
11 13
11 5


1502 11 13 5
11 13
11 5


1503 11 13 5
11 13
11 5


1504 11 13 5
11 13
11 5


1505 11 13 5
11 13
11 5


1506 11 13 5
11 13
11 5


1507 11 13 5
11 13
11 5


1508 11 13 5
11 13
11 5


1509 11 13 5
11 13
11 5


1510 11 13 5
11 13
11 5


1511 11 13 5
11 13
11 5


1512 11 13 5
11 13
11 5


1513 11 13 5
11 13
11 5


1514 11 13 5
11 13
11 5


1515 11 13 5
11 13
11 5


1516 11 13 5
11 13
11 5


1517 11 13 5
11 13
11 5


1518 11 13 5
11 13
11 5


1519 11 13 5
11 13
11 5


1520 11 13 5
11 13
11 5


1521 11 13 5
11 13
11 5


1522 11 13 5
11 13
11 5


1523 11 13 5
11 13
11 5


1524 11 13 5
11 13
11 5


1525 11 13 5
11 13
11 5


1526 11 13 5
11 13
11 5


1527 11 13 5
11 13
11 5


1528 11 13 5
11 13
11 5


1529 11 13 5
11 13
11 5


1530 11 13 5
11 13
11 5


1531 11 13 5
11 13
11 5


1532 11 13 5
11 13
11 5


1533 11 13 5
11 13
11 5


1534 11 13 5
11 13
11 5


1535 11 13 5
11 13
11 5


1536 11 13 5
11 13
11 5


1537 11 13 5
11 13
11 5


1538 11 13 5
11 13
11 5


1539 11 13 5
11 13
11 5


1540 11 13 5
11 13
11 5


1541 11 13 5
11 13
11 5


1542 11 13 5
11 13
11 5


1543 11 13 5
11 13
11 5


1544 11 13 5
11 13
11 5


1545 11 13 5
11 13
11 5


1546 11 13 5
11 13
11 5


1547 11 13 5
11 13
11 5


1548 11 13 5
11 13
11 5


1549 11 13 5
11 13
11 5


1550 11 13 5
11 13
11 5


1551 11 13 5
11 13
11 5


2580 12 7 15
12 7
12 15


2581 12 7 15
12 7
12 15


2582 12 7 15
12 7
12 15


2583 12 7 15
12 7
12 15


2584 12 7 15
12 7
12 15


2585 12 7 15
12 7
12 15


2586 12 7 15
12 7
12 15


2587 12 7 15
12 7
12 15


2588 12 7 15
12 7
12 15


2589 12 7 15
12 7
12 15


2590 12 7 15
12 7
12 15


2591 12 7 15
12 7
12 15


2592 12 7 15
12 7
12 15


2593 12 7 15
12 7
12 15


2594 12 7 15
12 7
12 15


2595 12 7 15
12 7
12 15


2596 12 7 15
12 7
12 15


2597 12 7 15
12 7
12 15


2598 12 7 15
12 7
12 15


2599 12 7 15
12 7
12 15


2600 12 7 15
12 7
12 15


2601 12 7 15
12 7
12 15


2602 12 7 15
12 7
12 15


2603 12 7 15
12 7
12 15


2604 12 7 15
12 7
12 15


2605 12 7 15
12 7
12 15


2606 12 7 15
12 7
12 15


2607 12 7 15
12 7
12 15


2608 12 7 15
12 7
12 15


2609 12 7 15
12 7
12 15


2610 12 7 15
12 7
12 15


2611 12 7 15
12 7
12 15


2612 12 7 15
12 7
12 15


2613 12 7 15
12 7
12 15


2614 12 7 15
12 7
12 15


2615 12 7 15
12 7
12 15


2616 12 7 15
12 7
12 15


2617 12 7 15
12 7
12 15


2618 12 7 15
12 7
12 15


2619 12 7 15
12 7
12 15


2620 12 7 15
12 7
12 15


2621 12 7 15
12 7
12 15


2622 12 7 15
12 7
12 15


2623 12 7 15
12 7
12 15


2624 12 7 15
12 7
12 15


2625 12 7 15
12 7
12 15


2626 12 7 15
12 7
12 15


2627 12 7 15
12 7
12 15


2628 12 7 15
12 7
12 15


2629 12 7 15
12 7
12 15


2630 12 7 15
12 7
12 15


2631 12 7 15
12 7
12 15


2632 12 7 15
12 7
12 15


2633 12 7 15
12 7
12 15


2634 12 7 15
12 7
12 15


2635 12 7 15
12 7
12 15


2636 12 7 15
12 7
12 15


2637 12 7 15
12 7
12 15


2638 12 7 15
12 7
12 15


2639 12 7 15
12 7
12 15


2640 12 7 15
12 7
12 15


2641 12 7 15
12 7
12 15


2642 12 7 15
12 7
12 15


2643 12 7 15
12 7
12 15


2644 12 7 15
12 7
12 15


2645 12 7 15
12 7
12 15


2646 12 7 15
12 7
12 15


2647 12 7 15
12 7
12 15


2648 12 7 15
12 7
12 15


2649 12 7 15
12 7
12 15


2650 12 7 15
12 7
12 15


2651 12 7 15
12 7
12 15


2652 12 7 15
12 7
12 15


2653 12 7 15
12 7
12 15


2654 12 7 15
12 7
12 15


2655 12 7 15
12 7
12 15


2656 12 7 15
12 7
12 15


2657 12 7 15
12 7
12 15


2658 12 7 15
12 7
12 15


2659 12 7 15
12 7
12 15


2660 12 7 15
12 7
12 15


2661 12 7 15
12 7
12 15


2662 12 7 15
12 7
12 15


2663 12 7 15
12 7
12 15


2664 12 7 15
12 7
12 15


2665 12 7 15
12 7
12 15


2666 12 7 15
12 7
12 15


2667 12 7 15
12 7
12 15


2668 12 7 15
12 7
12 15


2669 12 7 15
12 7
12 15


2670 12 7 15
12 7
12 15


2671 12 7 15
12 7
12 15


2672 12 7 15
12 7
12 15


2673 12 7 15
12 7
12 15


2674 12 7 15
12 7
12 15


2675 12 7 15
12 7
12 15


2676 12 7 15
12 7
12 15


2677 12 7 15
12 7
12 15


2678 12 7 15
12 7
12 15


2679 12 7 15
12 7
12 15


2680 12 7 15
12 7
12 15


2681 12 7 15
12 7
12 15


2682 12 7 15
12 7
12 15


2683 12 7 15
12 7
12 15


2684 12 7 15
12 7
12 15


2685 12 7 15
12 7
12 15


2686 12 7 15
12 7
12 15


2687 12 7 15
12 7
12 15


2688 12 7 15
12 7
12 15


2689 12 7 15
12 7
12 15


2690 12 7 15
12 7
12 15


2691 12 7 15
12 7
12 15


2692 12 7 15
12 7
12 15


2693 12 7 15
12 7
12 15


2694 12 7 15
12 7
12 15


2695 12 7 15
12 7
12 15


2696 12 7 15
12 7
12 15


2697 12 7 15
12 7
12 15


2698 12 7 15
12 7
12 15


2699 12 7 15
12 7
12 15


2700 12 7 15
12 7
12 15


2701 12 7 15
12 7
12 15


2702 12 7 15
12 7
12 15


2703 12 7 15
12 7
12 15


2704 12 7 15
12 7
12 15


2705 12 7 15
12 7
12 15


2706 12 7 15
12 7
12 15


2707 12 7 15
12 7
12 15


2708 12 7 15
12 7
12 15


2709 12 7 15
12 7
12 15


2710 12 7 15
12 7
12 15


2711 12 7 15
12 7
12 15


2712 12 7 15
12 7
12 15


2713 12 7 15
12 7
12 15


2714 12 7 15
12 7
12 15


2715 12 7 15
12 7
12 15


2716 12 7 15
12 7
12 15


2717 12 7 15
12 7
12 15


2718 12 7 15
12 7
12 15


2719 12 7 15
12 7
12 15


2720 12 7 15
12 7
12 15


2721 12 7 15
12 7
12 15


2722 12 7 15
12 7
12 15


2723 12 7 15
12 7
12 15


2724 12 7 15
12 7
12 15


2725 12 7 15
12 7
12 15


2726 12 7 15
12 7
12 15


2727 12 7 15
12 7
12 15


2728 12 7 15
12 7
12 15


2729 12 7 15
12 7
12 15


2730 12 7 15
12 7
12 15


2731 12 7 15
12 7
12 15


2732 12 7 15
12 7
12 15


2733 12 7 15
12 7
12 15


2734 12 7 15
12 7
12 15


2735 12 7 15
12 7
12 15


2736 12 7 15
12 7
12 15


2737 12 7 15
12 7
12 15


2738 12 7 15
12 7
12 15


2739 12 7 15
12 7
12 15


2740 12 7 15
12 7
12 15


2741 12 7 15
12 7
12 15


2742 12 7 15
12 7
12 15


2743 12 7 15
12 7
12 15


2744 12 7 15
12 7
12 15


2745 12 7 15
12 7
12 15


2746 12 7 15
12 7
12 15


2747 12 7 15
12 7
12 15


2748 12 7 15
12 7
12 15


2749 12 7 15
12 7
12 15


2750 12 7 15
12 7
12 15


2751 12 7 15
12 7
12 15


2752 12 7 15
12 7
12 15


2753 12 7 15
12 7
12 15


2754 12 7 15
12 7
12 15


2755 12 7 15
12 7
12 15


2756 12 7 15
12 7
12 15


2757 12 7 15
12 7
12 15


2758 12 7 15
12 7
12 15


2759 12 7 15
12 7
12 15


2760 12 7 15
12 7
12 15


2761 12 7 15
12 7
12 15


2762 12 7 15
12 7
12 15


2763 12 7 15
12 7
12 15


2764 12 7 15
12 7
12 15


2765 12 7 15
12 7
12 15


2766 12 7 15
12 7
12 15


2767 12 7 15
12 7
12 15


2768 12 7 15
12 7
12 15


2769 12 7 15
12 7
12 15


2770 12 7 15
12 7
12 15


2771 12 7 15
12 7
12 15


2772 12 7 15
12 7
12 15


2773 12 7 15
12 7
12 15


2774 12 7 15
12 7
12 15


2775 12 7 15
12 7
12 15


2776 12 7 15
12 7
12 15


2777 12 7 15
12 7
12 15


2778 12 7 15
12 7
12 15


2779 12 7 15
12 7
12 15


2780 12 7 15
12 7
12 15


2781 12 7 15
12 7
12 15


2782 12 7 15
12 7
12 15


2783 12 7 15
12 7
12 15


2784 12 7 15
12 7
12 15


2785 12 7 15
12 7
12 15


2786 12 7 15
12 7
12 15


2787 12 7 15
12 7
12 15


2788 12 7 15
12 7
12 15


2789 12 7 15
12 7
12 15


2790 12 7 15
12 7
12 15


2791 12 7 15
12 7
12 15


2792 12 7 15
12 7
12 15


2793 12 7 15
12 7
12 15


2794 12 7 15
12 7
12 15


2795 12 7 15
12 7
12 15


2796 12 7 15
12 7
12 15


2797 12 7 15
12 7
12 15


2798 12 7 15
12 7
12 15


2799 12 7 15
12 7
12 15


2800 12 7 15
12 7
12 15


2801 12 7 15
12 7
12 15


2802 12 7 15
12 7
12 15


2803 12 7 15
12 7
12 15


2804 12 7 15
12 7
12 15


2805 12 7 15
12 7
12 15


2806 12 7 15
12 7
12 15


2807 12 7 15
12 7
12 15


2808 12 7 15
12 7
12 15


2809 12 7 15
12 7
12 15


2810 12 7 15
12 7
12 15


2811 12 7 15
12 7
12 15


2812 12 7 15
12 7
12 15


2813 12 7 15
12 7
12 15


2814 12 7 15
12 7
12 15


2815 12 7 15
12 7
12 15


2816 12 7 15
12 7
12 15


2817 12 7 15
12 7
12 15


2818 12 7 15
12 7
12 15


2819 12 7 15
12 7
12 15


2820 12 7 15
12 7
12 15


2821 12 7 15
12 7
12 15


2822 12 7 15
12 7
12 15


2823 12 7 15
12 7
12 15


2824 12 7 15
12 7
12 15


2825 12 7 15
12 7
12 15


2826 12 7 15
12 7
12 15


2827 12 7 15
12 7
12 15


2828 12 7 15
12 7
12 15


2829 12 7 15
12 7
12 15


2830 12 7 15
12 7
12 15


2831 12 7 15
12 7
12 15


2832 12 7 15
12 7
12 15


2833 12 7 15
12 7
12 15


2834 12 7 15
12 7
12 15


2835 12 7 15
12 7
12 15


2836 12 7 15
12 7
12 15


2837 12 7 15
12 7
12 15


2838 12 7 15
12 7
12 15


2839 12 7 15
12 7
12 15


2840 12 7 15
12 7
12 15


2841 12 7 15
12 7
12 15


2842 12 7 15
12 7
12 15


2843 12 7 15
12 7
12 15


2844 12 7 15
12 7
12 15


2845 12 7 15
12 7
12 15


2846 12 7 15
12 7
12 15


2847 12 7 15
12 7
12 15


2848 12 7 15
12 7
12 15


2849 12 7 15
12 7
12 15


2850 12 7 15
12 7
12 15


2851 12 7 15
12 7
12 15


2852 12 7 15
12 7
12 15


2853 12 7 15
12 7
12 15


2854 12 7 15
12 7
12 15


2855 12 7 15
12 7
12 15


2856 12 7 15
12 7
12 15


2857 12 7 15
12 7
12 15


2858 12 7 15
12 7
12 15


2859 12 7 15
12 7
12 15


2860 12 7 15
12 7
12 15


2861 12 7 15
12 7
12 15


2862 12 7 15
12 7
12 15


2863 12 7 15
12 7
12 15


2864 12 7 15
12 7
12 15


2865 12 7 15
12 7
12 15


2866 12 7 15
12 7
12 15


2867 12 7 15
12 7
12 15


2868 12 7 15
12 7
12 15


2869 12 7 15
12 7
12 15


2870 12 7 15
12 7
12 15


2871 12 7 15
12 7
12 15


2872 12 7 15
12 7
12 15


2873 12 7 15
12 7
12 15


2874 12 7 15
12 7
12 15


2875 12 7 15
12 7
12 15


2876 12 7 15
12 7
12 15


2877 12 7 15
12 7
12 15


2878 12 7 15
12 7
12 15


2879 12 7 15
12 7
12 15


2880 12 7 15
12 7
12 15


2881 12 7 15
12 7
12 15


2882 12 7 15
12 7
12 15


2883 12 7 15
12 7
12 15


2884 12 7 15
12 7
12 15


2885 12 7 15
12 7
12 15


2886 12 7 15
12 7
12 15


2887 12 7 15
12 7
12 15


2888 12 7 15
12 7
12 15


2889 12 7 15
12 7
12 15


2890 12 7 15
12 7
12 15


2891 12 7 15
12 7
12 15


2892 12 7 15
12 7
12 15


2893 12 7 15
12 7
12 15


2894 12 7 15
12 7
12 15


2895 12 7 15
12 7
12 15


2896 12 7 15
12 7
12 15


2897 12 7 15
12 7
12 15


2898 12 7 15
12 7
12 15


2899 12 7 15
12 7
12 15


2900 12 7 15
12 7
12 15


2901 12 7 15
12 7
12 15


2902 12 7 15
12 7
12 15


2903 12 7 15
12 7
12 15


2904 12 7 15
12 7
12 15


2905 12 7 15
12 7
12 15


2906 12 7 15
12 7
12 15


2907 12 7 15
12 7
12 15


2908 12 7 15
12 7
12 15


2909 12 7 15
12 7
12 15


2910 12 7 15
12 7
12 15


2911 12 7 15
12 7
12 15


2912 12 7 15
12 7
12 15


2913 12 7 15
12 7
12 15


2914 12 7 15
12 7
12 15


2915 12 7 15
12 7
12 15


2916 12 7 15
12 7
12 15


2917 12 7 15
12 7
12 15


2918 12 7 15
12 7
12 15


2919 12 7 15
12 7
12 15


2920 12 7 15
12 7
12 15


2921 12 7 15
12 7
12 15


2922 12 7 15
12 7
12 15


2923 12 7 15
12 7
12 15


2924 12 7 15
12 7
12 15


2925 12 7 15
12 7
12 15


2926 12 7 15
12 7
12 15


2927 12 7 15
12 7
12 15


2928 12 7 15
12 7
12 15


2929 12 7 15
12 7
12 15


2930 12 7 15
12 7
12 15


2931 12 7 15
12 7
12 15


2932 12 7 15
12 7
12 15


2933 12 7 15
12 7
12 15


2934 12 7 15
12 7
12 15


2935 12 7 15
12 7
12 15


2936 12 7 15
12 7
12 15


2937 12 7 15
12 7
12 15


2938 12 7 15
12 7
12 15


2939 12 7 15
12 7
12 15


2940 12 7 15
12 7
12 15


2941 12 7 15
12 7
12 15


2942 12 7 15
12 7
12 15


2943 12 7 15
12 7
12 15


2944 12 7 15
12 7
12 15


2945 12 7 15
12 7
12 15


2946 12 7 15
12 7
12 15


2947 12 7 15
12 7
12 15


2948 12 7 15
12 7
12 15


2949 12 7 15
12 7
12 15


2950 12 7 15
12 7
12 15


2951 12 7 15
12 7
12 15


2952 12 7 15
12 7
12 15


2953 12 7 15
12 7
12 15


2954 12 7 15
12 7
12 15


2955 12 7 15
12 7
12 15


2956 12 7 15
12 7
12 15


2957 12 7 15
12 7
12 15


2958 12 7 15
12 7
12 15


2959 12 7 15
12 7
12 15


2960 12 7 15
12 7
12 15


2961 12 7 15
12 7
12 15


2962 12 7 15
12 7
12 15


2963 12 7 15
12 7
12 15


2964 12 7 15
12 7
12 15


2965 12 7 15
12 7
12 15


2966 12 7 15
12 7
12 15


2967 12 7 15
12 7
12 15


2968 12 7 15
12 7
12 15


2969 12 7 15
12 7
12 15


2970 12 7 15
12 7
12 15


2971 12 7 15
12 7
12 15


2972 12 7 15
12 7
12 15


2973 12 7 15
12 7
12 15


2974 12 7 15
12 7
12 15


2975 12 7 15
12 7
12 15


2976 12 7 15
12 7
12 15


2977 12 7 15
12 7
12 15


2978 12 7 15
12 7
12 15


2979 12 7 15
12 7
12 15


2980 12 7 15
12 7
12 15


2981 12 7 15
12 7
12 15


2982 12 7 15
12 7
12 15


2983 12 7 15
12 7
12 15


2984 12 7 15
12 7
12 15


2985 12 7 15
12 7
12 15


2986 12 7 15
12 7
12 15


2987 12 7 15
12 7
12 15


2988 12 7 15
12 7
12 15


2989 12 7 15
12 7
12 15


2990 12 7 15
12 7
12 15


2991 12 7 15
12 7
12 15


2992 12 7 15
12 7
12 15


2993 12 7 15
12 7
12 15


2994 12 7 15
12 7
12 15


2995 12 7 15
12 7
12 15


2996 12 7 15
12 7
12 15


2997 12 7 15
12 7
12 15


2998 12 7 15
12 7
12 15


2999 12 7 15
12 7
12 15


3000 12 7 15
12 7
12 15


3001 12 7 15
12 7
12 15


3002 12 7 15
12 7
12 15


3003 12 7 15
12 7
12 15


3004 12 7 15
12 7
12 15


3005 12 7 15
12 7
12 15


3006 12 7 15
12 7
12 15


3007 12 7 15
12 7
12 15


3008 12 7 15
12 7
12 15


3009 12 7 15
12 7
12 15


3010 12 7 15
12 7
12 15


3011 12 7 15
12 7
12 15


3012 12 7 15
12 7
12 15


3013 12 7 15
12 7
12 15


3014 12 7 15
12 7
12 15


3015 12 7 15
12 7
12 15


3016 12 7 15
12 7
12 15


3017 12 7 15
12 7
12 15


3018 12 7 15
12 7
12 15


3019 12 7 15
12 7
12 15


3020 12 7 15
12 7
12 15


3021 12 7 15
12 7
12 15


3022 12 7 15
12 7
12 15


3023 12 7 15
12 7
12 15


3024 12 7 15
12 7
12 15


3025 12 7 15
12 7
12 15


3026 12 7 15
12 7
12 15


3027 12 7 15
12 7
12 15


3028 12 7 15
12 7
12 15


3029 12 7 15
12 7
12 15


3030 12 7 15
12 7
12 15


3031 12 7 15
12 7
12 15


3032 12 7 15
12 7
12 15


3033 12 7 15
12 7
12 15


3034 12 7 15
12 7
12 15


3035 12 7 15
12 7
12 15


3036 12 7 15
12 7
12 15


3037 12 7 15
12 7
12 15


3038 12 7 15
12 7
12 15


3039 12 7 15
12 7
12 15


3040 12 7 15
12 7
12 15


3041 12 7 15
12 7
12 15


3042 12 7 15
12 7
12 15


3043 12 7 15
12 7
12 15


3044 12 7 15
12 7
12 15


3045 12 7 15
12 7
12 15


3046 12 7 15
12 7
12 15


3047 12 7 15
12 7
12 15


3048 12 7 15
12 7
12 15


3049 12 7 15
12 7
12 15


3050 12 7 15
12 7
12 15


3051 12 7 15
12 7
12 15


3052 12 7 15
12 7
12 15


3053 12 7 15
12 7
12 15


3054 12 7 15
12 7
12 15


3055 12 7 15
12 7
12 15


3056 12 7 15
12 7
12 15


3057 12 7 15
12 7
12 15


3058 12 7 15
12 7
12 15


3059 12 7 15
12 7
12 15


3060 12 7 15
12 7
12 15


3061 12 7 15
12 7
12 15


3062 12 7 15
12 7
12 15


3063 12 7 15
12 7
12 15


3064 12 7 15
12 7
12 15


3065 12 7 15
12 7
12 15


3066 12 7 15
12 7
12 15


3067 12 7 15
12 7
12 15


3068 12 7 15
12 7
12 15


3069 12 7 15
12 7
12 15


3070 12 7 15
12 7
12 15


3071 12 7 15
12 7
12 15


3072 12 7 15
12 7
12 15


3073 12 7 15
12 7
12 15


3074 12 7 15
12 7
12 15


3075 12 7 15
12 7
12 15


3076 12 7 15
12 7
12 15


3077 12 7 15
12 7
12 15


3078 12 7 15
12 7
12 15


3079 12 7 15
12 7
12 15


3080 12 7 15
12 7
12 15


3081 12 7 15
12 7
12 15


3082 12 7 15
12 7
12 15


3083 12 7 15
12 7
12 15


3084 12 7 15
12 7
12 15


3085 12 7 15
12 7
12 15


3086 12 7 15
12 7
12 15


3087 12 7 15
12 7
12 15


3088 12 7 15
12 7
12 15


3089 12 7 15
12 7
12 15


3090 12 7 15
12 7
12 15


3091 12 7 15
12 7
12 15


4136 6 22 23
6 22
6 23


4137 6 22 23
6 22
6 23


4138 6 22 23
6 22
6 23


4139 6 22 23
6 22
6 23


4140 6 22 23
6 22
6 23


4141 6 22 23
6 22
6 23


4142 6 22 23
6 22
6 23


4143 6 22 23
6 22
6 23


4144 6 22 23
6 22
6 23


4145 6 22 23
6 22
6 23


4146 6 22 23
6 22
6 23


4147 6 22 23
6 22
6 23


4148 6 22 23
6 22
6 23


4149 6 22 23
6 22
6 23


4150 6 22 23
6 22
6 23


4151 6 22 23
6 22
6 23


4152 6 22 23
6 22
6 23


4153 6 22 23
6 22
6 23


4154 6 22 23
6 22
6 23


4155 6 22 23
6 22
6 23


4156 6 22 23
6 22
6 23


4157 6 22 23
6 22
6 23


4158 6 22 23
6 22
6 23


4159 6 22 23
6 22
6 23


4160 6 22 23
6 22
6 23


4161 6 22 23
6 22
6 23


4162 6 22 23
6 22
6 23


4163 6 22 23
6 22
6 23


4164 6 22 23
6 22
6 23


4165 6 22 23
6 22
6 23


4166 6 22 23
6 22
6 23


4167 6 22 23
6 22
6 23


4168 6 22 23
6 22
6 23


4169 6 22 23
6 22
6 23


4170 6 22 23
6 22
6 23


4171 6 22 23
6 22
6 23


4172 6 22 23
6 22
6 23


4173 6 22 23
6 22
6 23


4174 6 22 23
6 22
6 23


4175 6 22 23
6 22
6 23


4176 6 22 23
6 22
6 23


4177 6 22 23
6 22
6 23


4178 6 22 23
6 22
6 23


4179 6 22 23
6 22
6 23


4180 6 22 23
6 22
6 23


4181 6 22 23
6 22
6 23


4182 6 22 23
6 22
6 23


4183 6 22 23
6 22
6 23


4184 6 22 23
6 22
6 23


4185 6 22 23
6 22
6 23


4186 6 22 23
6 22
6 23


4187 6 22 23
6 22
6 23


4188 6 22 23
6 22
6 23


4189 6 22 23
6 22
6 23


4190 6 22 23
6 22
6 23


4191 6 22 23
6 22
6 23


4192 6 22 23
6 22
6 23


4193 6 22 23
6 22
6 23


4194 6 22 23
6 22
6 23


4195 6 22 23
6 22
6 23


4196 6 22 23
6 22
6 23


4197 6 22 23
6 22
6 23


4198 6 22 23
6 22
6 23


4199 6 22 23
6 22
6 23


4460 14 29 21
14 29
14 21


4461 14 29 21
14 29
14 21


4462 14 29 21
14 29
14 21


4463 14 29 21
14 29
14 21


4464 14 29 21
14 29
14 21


4465 14 29 21
14 29
14 21


4466 14 29 21
14 29
14 21


4467 14 29 21
14 29
14 21


4468 14 29 21
14 29
14 21


4469 14 29 21
14 29
14 21


4470 14 29 21
14 29
14 21


4471 14 29 21
14 29
14 21


4472 14 29 21
14 29
14 21


4473 14 29 21
14 29
14 21


4474 14 29 21
14 29
14 21


4475 14 29 21
14 29
14 21


4476 14 29 21
14 29
14 21


4477 14 29 21
14 29
14 21


4478 14 29 21
14 29
14 21


4479 14 29 21
14 29
14 21


4480 14 29 21
14 29
14 21


4481 14 29 21
14 29
14 21


4482 14 29 21
14 29
14 21


4483 14 29 21
14 29
14 21


4484 14 29 21
14 29
14 21


4485 14 29 21
14 29
14 21


4486 14 29 21
14 29
14 21


4487 14 29 21
14 29
14 21


4488 14 29 21
14 29
14 21


4489 14 29 21
14 29
14 21


4490 14 29 21
14 29
14 21


4491 14 29 21
14 29
14 21


4492 14 29 21
14 29
14 21


4493 14 29 21
14 29
14 21


4494 14 29 21
14 29
14 21


4495 14 29 21
14 29
14 21


4496 14 29 21
14 29
14 21


4497 14 29 21
14 29
14 21


4498 14 29 21
14 29
14 21


4499 14 29 21
14 29
14 21


4500 14 29 21
14 29
14 21


4501 14 29 21
14 29
14 21


4502 14 29 21
14 29
14 21


4503 14 29 21
14 29
14 21


4504 14 29 21
14 29
14 21


4505 14 29 21
14 29
14 21


4506 14 29 21
14 29
14 21


4507 14 29 21
14 29
14 21


4508 14 29 21
14 29
14 21


4509 14 29 21
14 29
14 21


4510 14 29 21
14 29
14 21


4511 14 29 21
14 29
14 21


4512 14 29 21
14 29
14 21


4513 14 29 21
14 29
14 21


4514 14 29 21
14 29
14 21


4515 14 29 21
14 29
14 21


4516 14 29 21
14 29
14 21


4517 14 29 21
14 29
14 21


4518 14 29 21
14 29
14 21


4519 14 29 21
14 29
14 21


4520 14 29 21
14 29
14 21


4521 14 29 21
14 29
14 21


4522 14 29 21
14 29
14 21


4523 14 29 21
14 29
14 21


7892 38 55 61
38 55
38 61


7893 38 55 61
38 55
38 61


7894 38 55 61
38 55
38 61


7895 38 55 61
38 55
38 61


7896 38 55 61
38 55
38 61


7897 38 55 61
38 55
38 61


7898 38 55 61
38 55
38 61


7899 38 55 61
38 55
38 61


7900 38 55 61
38 55
38 61


7901 38 55 61
38 55
38 61


7902 38 55 61
38 55
38 61


7903 38 55 61
38 55
38 61


7904 38 55 61
38 55
38 61


7905 38 55 61
38 55
38 61


7906 38 55 61
38 55
38 61


7907 38 55 61
38 55
38 61


7908 38 55 61
38 55
38 61


7909 38 55 61
38 55
38 61


7910 38 55 61
38 55
38 61


7911 38 55 61
38 55
38 61


7912 38 55 61
38 55
38 61


7913 38 55 61
38 55
38 61


7914 38 55 61
38 55
38 61


7915 38 55 61
38 55
38 61


7916 38 55 61
38 55
38 61


7917 38 55 61
38 55
38 61


7918 38 55 61
38 55
38 61


7919 38 55 61
38 55
38 61


7920 38 55 61
38 55
38 61


7921 38 55 61
38 55
38 61


7922 38 55 61
38 55
38 61


7923 38 55 61
38 55
38 61


7924 38 55 61
38 55
38 61


7925 38 55 61
38 55
38 61


7926 38 55 61
38 55
38 61


7927 38 55 61
38 55
38 61


7928 38 55 61
38 55
38 61


7929 38 55 61
38 55
38 61


7930 38 55 61
38 55
38 61


7931 38 55 61
38 55
38 61


7932 38 55 61
38 55
38 61


7933 38 55 61
38 55
38 61


7934 38 55 61
38 55
38 61


7935 38 55 61
38 55
38 61


7936 38 55 61
38 55
38 61


7937 38 55 61
38 55
38 61


7938 38 55 61
38 55
38 61


7939 38 55 61
38 55
38 61


7940 38 55 61
38 55
38 61


7941 38 55 61
38 55
38 61


7942 38 55 61
38 55
38 61


7943 38 55 61
38 55
38 61


7944 38 55 61
38 55
38 61


7945 38 55 61
38 55
38 61


7946 38 55 61
38 55
38 61


7947 38 55 61
38 55
38 61


7948 38 55 61
38 55
38 61


7949 38 55 61
38 55
38 61


7950 38 55 61
38 55
38 61


7951 38 55 61
38 55
38 61


7952 38 55 61
38 55
38 61


7953 38 55 61
38 55
38 61


7954 38 55 61
38 55
38 61


7955 38 55 61
38 55
38 61


7956 38 55 61
38 55
38 61


7957 38 55 61
38 55
38 61


7958 38 55 61
38 55
38 61


7959 38 55 61
38 55
38 61


7960 38 55 61
38 55
38 61


7961 38 55 61
38 55
38 61


7962 38 55 61
38 55
38 61


7963 38 55 61
38 55
38 61


7964 38 55 61
38 55
38 61


7965 38 55 61
38 55
38 61


7966 38 55 61
38 55
38 61


7967 38 55 61
38 55
38 61


7968 38 55 61
38 55
38 61


7969 38 55 61
38 55
38 61


7970 38 55 61
38 55
38 61


7971 38 55 61
38 55
38 61


7972 38 55 61
38 55
38 61


7973 38 55 61
38 55
38 61


7974 38 55 61
38 55
38 61


7975 38 55 61
38 55
38 61


7976 38 55 61
38 55
38 61


7977 38 55 61
38 55
38 61


7978 38 55 61
38 55
38 61


7979 38 55 61
38 55
38 61


7980 38 55 61
38 55
38 61


7981 38 55 61
38 55
38 61


7982 38 55 61
38 55
38 61


7983 38 55 61
38 55
38 61


7984 38 55 61
38 55
38 61


7985 38 55 61
38 55
38 61


7986 38 55 61
38 55
38 61


7987 38 55 61
38 55
38 61


7988 38 55 61
38 55
38 61


7989 38 55 61
38 55
38 61


7990 38 55 61
38 55
38 61


7991 38 55 61
38 55
38 61


7992 38 55 61
38 55
38 61


7993 38 55 61
38 55
38 61


7994 38 55 61
38 55
38 61


7995 38 55 61
38 55
38 61


7996 38 55 61
38 55
38 61


7997 38 55 61
38 55
38 61


7998 38 55 61
38 55
38 61


7999 38 55 61
38 55
38 61


8000 38 55 61
38 55
38 61


8001 38 55 61
38 55
38 61


8002 38 55 61
38 55
38 61


8003 38 55 61
38 55
38 61


8004 38 55 61
38 55
38 61


8005 38 55 61
38 55
38 61


8006 38 55 61
38 55
38 61


8007 38 55 61
38 55
38 61


8008 38 55 61
38 55
38 61


8009 38 55 61
38 55
38 61


8010 38 55 61
38 55
38 61


8011 38 55 61
38 55
38 61


8012 38 55 61
38 55
38 61


8013 38 55 61
38 55
38 61


8014 38 55 61
38 55
38 61


8015 38 55 61
38 55
38 61


8016 38 55 61
38 55
38 61


8017 38 55 61
38 55
38 61


8018 38 55 61
38 55
38 61


8019 38 55 61
38 55
38 61


8020 38 55 61
38 55
38 61


8021 38 55 61
38 55
38 61


8022 38 55 61
38 55
38 61


8023 38 55 61
38 55
38 61


8024 38 55 61
38 55
38 61


8025 38 55 61
38 55
38 61


8026 38 55 61
38 55
38 61


8027 38 55 61
38 55
38 61


8028 38 55 61
38 55
38 61


8029 38 55 61
38 55
38 61


8030 38 55 61
38 55
38 61


8031 38 55 61
38 55
38 61


8032 38 55 61
38 55
38 61


8033 38 55 61
38 55
38 61


8034 38 55 61
38 55
38 61


8035 38 55 61
38 55
38 61


8036 38 55 61
38 55
38 61


8037 38 55 61
38 55
38 61


8038 38 55 61
38 55
38 61


8039 38 55 61
38 55
38 61


8040 38 55 61
38 55
38 61


8041 38 55 61
38 55
38 61


8042 38 55 61
38 55
38 61


8043 38 55 61
38 55
38 61


8044 38 55 61
38 55
38 61


8045 38 55 61
38 55
38 61


8046 38 55 61
38 55
38 61


8047 38 55 61
38 55
38 61


8048 38 55 61
38 55
38 61


8049 38 55 61
38 55
38 61


8050 38 55 61
38 55
38 61


8051 38 55 61
38 55
38 61


8052 38 55 61
38 55
38 61


8053 38 55 61
38 55
38 61


8054 38 55 61
38 55
38 61


8055 38 55 61
38 55
38 61


8056 38 55 61
38 55
38 61


8057 38 55 61
38 55
38 61


8058 38 55 61
38 55
38 61


8059 38 55 61
38 55
38 61


8060 38 55 61
38 55
38 61


8061 38 55 61
38 55
38 61


8062 38 55 61
38 55
38 61


8063 38 55 61
38 55
38 61


8064 38 55 61
38 55
38 61


8065 38 55 61
38 55
38 61


8066 38 55 61
38 55
38 61


8067 38 55 61
38 55
38 61


8068 38 55 61
38 55
38 61


8069 38 55 61
38 55
38 61


8070 38 55 61
38 55
38 61


8071 38 55 61
38 55
38 61


8072 38 55 61
38 55
38 61


8073 38 55 61
38 55
38 61


8074 38 55 61
38 55
38 61


8075 38 55 61
38 55
38 61


8076 38 55 61
38 55
38 61


8077 38 55 61
38 55
38 61


8078 38 55 61
38 55
38 61


8079 38 55 61
38 55
38 61


8080 38 55 61
38 55
38 61


8081 38 55 61
38 55
38 61


8082 38 55 61
38 55
38 61


8083 38 55 61
38 55
38 61


8084 38 55 61
38 55
38 61


8085 38 55 61
38 55
38 61


8086 38 55 61
38 55
38 61


8087 38 55 61
38 55
38 61


8088 38 55 61
38 55
38 61


8089 38 55 61
38 55
38 61


8090 38 55 61
38 55
38 61


8091 38 55 61
38 55
38 61


8092 38 55 61
38 55
38 61


8093 38 55 61
38 55
38 61


8094 38 55 61
38 55
38 61


8095 38 55 61
38 55
38 61


8096 38 55 61
38 55
38 61


8097 38 55 61
38 55
38 61


8098 38 55 61
38 55
38 61


8099 38 55 61
38 55
38 61


8100 38 55 61
38 55
38 61


8101 38 55 61
38 55
38 61


8102 38 55 61
38 55
38 61


8103 38 55 61
38 55
38 61


8104 38 55 61
38 55
38 61


8105 38 55 61
38 55
38 61


8106 38 55 61
38 55
38 61


8107 38 55 61
38 55
38 61


8108 38 55 61
38 55
38 61


8109 38 55 61
38 55
38 61


8110 38 55 61
38 55
38 61


8111 38 55 61
38 55
38 61


8112 38 55 61
38 55
38 61


8113 38 55 61
38 55
38 61


8114 38 55 61
38 55
38 61


8115 38 55 61
38 55
38 61


8116 38 55 61
38 55
38 61


8117 38 55 61
38 55
38 61


8118 38 55 61
38 55
38 61


8119 38 55 61
38 55
38 61


8120 38 55 61
38 55
38 61


8121 38 55 61
38 55
38 61


8122 38 55 61
38 55
38 61


8123 38 55 61
38 55
38 61


8124 38 55 61
38 55
38 61


8125 38 55 61
38 55
38 61


8126 38 55 61
38 55
38 61


8127 38 55 61
38 55
38 61


8128 38 55 61
38 55
38 61


8129 38 55 61
38 55
38 61


8130 38 55 61
38 55
38 61


8131 38 55 61
38 55
38 61


8132 38 55 61
38 55
38 61


8133 38 55 61
38 55
38 61


8134 38 55 61
38 55
38 61


8135 38 55 61
38 55
38 61


8136 38 55 61
38 55
38 61


8137 38 55 61
38 55
38 61


8138 38 55 61
38 55
38 61


8139 38 55 61
38 55
38 61


8140 38 55 61
38 55
38 61


8141 38 55 61
38 55
38 61


8142 38 55 61
38 55
38 61


8143 38 55 61
38 55
38 61


8144 38 55 61
38 55
38 61


8145 38 55 61
38 55
38 61


8146 38 55 61
38 55
38 61


8147 38 55 61
38 55
38 61


8148 38 55 61
38 55
38 61


8149 38 55 61
38 55
38 61


8150 38 55 61
38 55
38 61


8151 38 55 61
38 55
38 61


8152 38 55 61
38 55
38 61


8153 38 55 61
38 55
38 61


8154 38 55 61
38 55
38 61


8155 38 55 61
38 55
38 61


8156 38 55 61
38 55
38 61


8157 38 55 61
38 55
38 61


8158 38 55 61
38 55
38 61


8159 38 55 61
38 55
38 61


8160 38 55 61
38 55
38 61


8161 38 55 61
38 55
38 61


8162 38 55 61
38 55
38 61


8163 38 55 61
38 55
38 61


8164 38 55 61
38 55
38 61


8165 38 55 61
38 55
38 61


8166 38 55 61
38 55
38 61


8167 38 55 61
38 55
38 61


8168 38 55 61
38 55
38 61


8169 38 55 61
38 55
38 61


8170 38 55 61
38 55
38 61


8171 38 55 61
38 55
38 61


8172 38 55 61
38 55
38 61


8173 38 55 61
38 55
38 61


8174 38 55 61
38 55
38 61


8175 38 55 61
38 55
38 61


8176 38 55 61
38 55
38 61


8177 38 55 61
38 55
38 61


8178 38 55 61
38 55
38 61


8179 38 55 61
38 55
38 61


8180 38 55 61
38 55
38 61


8181 38 55 61
38 55
38 61


8182 38 55 61
38 55
38 61


8183 38 55 61
38 55
38 61


8184 38 55 61
38 55
38 61


8185 38 55 61
38 55
38 61


8186 38 55 61
38 55
38 61


8187 38 55 61
38 55
38 61


8188 38 55 61
38 55
38 61


8189 38 55 61
38 55
38 61


8190 38 55 61
38 55
38 61


8191 38 55 61
38 55
38 61


8192 38 55 61
38 55
38 61


8193 38 55 61
38 55
38 61


8194 38 55 61
38 55
38 61


8195 38 55 61
38 55
38 61


8196 38 55 61
38 55
38 61


8197 38 55 61
38 55
38 61


8198 38 55 61
38 55
38 61


8199 38 55 61
38 55
38 61


8200 38 55 61
38 55
38 61


8201 38 55 61
38 55
38 61


8202 38 55 61
38 55
38 61


8203 38 55 61
38 55
38 61


8204 38 55 61
38 55
38 61


8205 38 55 61
38 55
38 61


8206 38 55 61
38 55
38 61


8207 38 55 61
38 55
38 61


8208 38 55 61
38 55
38 61


8209 38 55 61
38 55
38 61


8210 38 55 61
38 55
38 61


8211 38 55 61
38 55
38 61


8212 38 55 61
38 55
38 61


8213 38 55 61
38 55
38 61


8214 38 55 61
38 55
38 61


8215 38 55 61
38 55
38 61


8216 38 55 61
38 55
38 61


8217 38 55 61
38 55
38 61


8218 38 55 61
38 55
38 61


8219 38 55 61
38 55
38 61


8220 38 55 61
38 55
38 61


8221 38 55 61
38 55
38 61


8222 38 55 61
38 55
38 61


8223 38 55 61
38 55
38 61


8224 38 55 61
38 55
38 61


8225 38 55 61
38 55
38 61


8226 38 55 61
38 55
38 61


8227 38 55 61
38 55
38 61


8228 38 55 61
38 55
38 61


8229 38 55 61
38 55
38 61


8230 38 55 61
38 55
38 61


8231 38 55 61
38 55
38 61


8232 38 55 61
38 55
38 61


8233 38 55 61
38 55
38 61


8234 38 55 61
38 55
38 61


8235 38 55 61
38 55
38 61


8236 38 55 61
38 55
38 61


8237 38 55 61
38 55
38 61


8238 38 55 61
38 55
38 61


8239 38 55 61
38 55
38 61


8240 38 55 61
38 55
38 61


8241 38 55 61
38 55
38 61


8242 38 55 61
38 55
38 61


8243 38 55 61
38 55
38 61


8244 38 55 61
38 55
38 61


8245 38 55 61
38 55
38 61


8246 38 55 61
38 55
38 61


8247 38 55 61
38 55
38 61


8248 38 55 61
38 55
38 61


8249 38 55 61
38 55
38 61


8250 38 55 61
38 55
38 61


8251 38 55 61
38 55
38 61


8252 38 55 61
38 55
38 61


8253 38 55 61
38 55
38 61


8254 38 55 61
38 55
38 61


8255 38 55 61
38 55
38 61


8256 38 55 61
38 55
38 61


8257 38 55 61
38 55
38 61


8258 38 55 61
38 55
38 61


8259 38 55 61
38 55
38 61


8260 38 55 61
38 55
38 61


8261 38 55 61
38 55
38 61


8262 38 55 61
38 55
38 61


8263 38 55 61
38 55
38 61


8264 38 55 61
38 55
38 61


8265 38 55 61
38 55
38 61


8266 38 55 61
38 55
38 61


8267 38 55 61
38 55
38 61


8268 38 55 61
38 55
38 61


8269 38 55 61
38 55
38 61


8270 38 55 61
38 55
38 61


8271 38 55 61
38 55
38 61


8272 38 55 61
38 55
38 61


8273 38 55 61
38 55
38 61


8274 38 55 61
38 55
38 61


8275 38 55 61
38 55
38 61


8276 38 55 61
38 55
38 61


8277 38 55 61
38 55
38 61


8278 38 55 61
38 55
38 61


8279 38 55 61
38 55
38 61


8280 38 55 61
38 55
38 61


8281 38 55 61
38 55
38 61


8282 38 55 61
38 55
38 61


8283 38 55 61
38 55
38 61


8284 38 55 61
38 55
38 61


8285 38 55 61
38 55
38 61


8286 38 55 61
38 55
38 61


8287 38 55 61
38 55
38 61


8288 38 55 61
38 55
38 61


8289 38 55 61
38 55
38 61


8290 38 55 61
38 55
38 61


8291 38 55 61
38 55
38 61


8292 38 55 61
38 55
38 61


8293 38 55 61
38 55
38 61


8294 38 55 61
38 55
38 61


8295 38 55 61
38 55
38 61


8296 38 55 61
38 55
38 61


8297 38 55 61
38 55
38 61


8298 38 55 61
38 55
38 61


8299 38 55 61
38 55
38 61


8300 38 55 61
38 55
38 61


8301 38 55 61
38 55
38 61


8302 38 55 61
38 55
38 61


8303 38 55 61
38 55
38 61


8304 38 55 61
38 55
38 61


8305 38 55 61
38 55
38 61


8306 38 55 61
38 55
38 61


8307 38 55 61
38 55
38 61


8308 38 55 61
38 55
38 61


8309 38 55 61
38 55
38 61


8310 38 55 61
38 55
38 61


8311 38 55 61
38 55
38 61


8312 38 55 61
38 55
38 61


8313 38 55 61
38 55
38 61


8314 38 55 61
38 55
38 61


8315 38 55 61
38 55
38 61


8316 38 55 61
38 55
38 61


8317 38 55 61
38 55
38 61


8318 38 55 61
38 55
38 61


8319 38 55 61
38 55
38 61


8320 38 55 61
38 55
38 61


8321 38 55 61
38 55
38 61


8322 38 55 61
38 55
38 61


8323 38 55 61
38 55
38 61


8324 38 55 61
38 55
38 61


8325 38 55 61
38 55
38 61


8326 38 55 61
38 55
38 61


8327 38 55 61
38 55
38 61


8328 38 55 61
38 55
38 61


8329 38 55 61
38 55
38 61


8330 38 55 61
38 55
38 61


8331 38 55 61
38 55
38 61


8332 38 55 61
38 55
38 61


8333 38 55 61
38 55
38 61


8334 38 55 61
38 55
38 61


8335 38 55 61
38 55
38 61


8336 38 55 61
38 55
38 61


8337 38 55 61
38 55
38 61


8338 38 55 61
38 55
38 61


8339 38 55 61
38 55
38 61


8340 38 55 61
38 55
38 61


8341 38 55 61
38 55
38 61


8342 38 55 61
38 55
38 61


8343 38 55 61
38 55
38 61


8344 38 55 61
38 55
38 61


8345 38 55 61
38 55
38 61


8346 38 55 61
38 55
38 61


8347 38 55 61
38 55
38 61


8348 38 55 61
38 55
38 61


8349 38 55 61
38 55
38 61


8350 38 55 61
38 55
38 61


8351 38 55 61
38 55
38 61


8352 38 55 61
38 55
38 61


8353 38 55 61
38 55
38 61


8354 38 55 61
38 55
38 61


8355 38 55 61
38 55
38 61


8356 38 55 61
38 55
38 61


8357 38 55 61
38 55
38 61


8358 38 55 61
38 55
38 61


8359 38 55 61
38 55
38 61


8360 38 55 61
38 55
38 61


8361 38 55 61
38 55
38 61


8362 38 55 61
38 55
38 61


8363 38 55 61
38 55
38 61


8364 38 55 61
38 55
38 61


8365 38 55 61
38 55
38 61


8366 38 55 61
38 55
38 61


8367 38 55 61
38 55
38 61


8368 38 55 61
38 55
38 61


8369 38 55 61
38 55
38 61


8370 38 55 61
38 55
38 61


8371 38 55 61
38 55
38 61


8372 38 55 61
38 55
38 61


8373 38 55 61
38 55
38 61


8374 38 55 61
38 55
38 61


8375 38 55 61
38 55
38 61


8376 38 55 61
38 55
38 61


8377 38 55 61
38 55
38 61


8378 38 55 61
38 55
38 61


8379 38 55 61
38 55
38 61


8380 38 55 61
38 55
38 61


8381 38 55 61
38 55
38 61


8382 38 55 61
38 55
38 61


8383 38 55 61
38 55
38 61


8384 38 55 61
38 55
38 61


8385 38 55 61
38 55
38 61


8386 38 55 61
38 55
38 61


8387 38 55 61
38 55
38 61


8388 38 55 61
38 55
38 61


8389 38 55 61
38 55
38 61


8390 38 55 61
38 55
38 61


8391 38 55 61
38 55
38 61


8392 38 55 61
38 55
38 61


8393 38 55 61
38 55
38 61


8394 38 55 61
38 55
38 61


8395 38 55 61
38 55
38 61


8396 38 55 61
38 55
38 61


8397 38 55 61
38 55
38 61


8398 38 55 61
38 55
38 61


8399 38 55 61
38 55
38 61


8400 38 55 61
38 55
38 61


8401 38 55 61
38 55
38 61


8402 38 55 61
38 55
38 61


8403 38 55 61
38 55
38 61


13604 48 9 8
48 9
48 8


13605 48 9 8
48 9
48 8


13606 48 9 8
48 9
48 8


13607 48 9 8
48 9
48 8


13608 48 9 8
48 9
48 8


13609 48 9 8
48 9
48 8


13610 48 9 8
48 9
48 8


13611 48 9 8
48 9
48 8


13612 48 9 8
48 9
48 8


13613 48 9 8
48 9
48 8


13614 48 9 8
48 9
48 8


13615 48 9 8
48 9
48 8


13616 48 9 8
48 9
48 8


13617 48 9 8
48 9
48 8


13618 48 9 8
48 9
48 8


13619 48 9 8
48 9
48 8


13620 48 9 8
48 9
48 8


13621 48 9 8
48 9
48 8


13622 48 9 8
48 9
48 8


13623 48 9 8
48 9
48 8


13624 48 9 8
48 9
48 8


13625 48 9 8
48 9
48 8


13626 48 9 8
48 9
48 8


13627 48 9 8
48 9
48 8


13628 48 9 8
48 9
48 8


13629 48 9 8
48 9
48 8


13630 48 9 8
48 9
48 8


13631 48 9 8
48 9
48 8


13632 48 9 8
48 9
48 8


13633 48 9 8
48 9
48 8


13634 48 9 8
48 9
48 8


13635 48 9 8
48 9
48 8


13636 48 9 8
48 9
48 8


13637 48 9 8
48 9
48 8


13638 48 9 8
48 9
48 8


13639 48 9 8
48 9
48 8


13640 48 9 8
48 9
48 8


13641 48 9 8
48 9
48 8


13642 48 9 8
48 9
48 8


13643 48 9 8
48 9
48 8


13644 48 9 8
48 9
48 8


13645 48 9 8
48 9
48 8


13646 48 9 8
48 9
48 8


13647 48 9 8
48 9
48 8


13648 48 9 8
48 9
48 8


13649 48 9 8
48 9
48 8


13650 48 9 8
48 9
48 8


13651 48 9 8
48 9
48 8


13652 48 9 8
48 9
48 8


13653 48 9 8
48 9
48 8


13654 48 9 8
48 9
48 8


13655 48 9 8
48 9
48 8


13656 48 9 8
48 9
48 8


13657 48 9 8
48 9
48 8


13658 48 9 8
48 9
48 8


13659 48 9 8
48 9
48 8


13660 48 9 8
48 9
48 8


13661 48 9 8
48 9
48 8


13662 48 9 8
48 9
48 8


13663 48 9 8
48 9
48 8


13664 48 9 8
48 9
48 8


13665 48 9 8
48 9
48 8


13666 48 9 8
48 9
48 8


13667 48 9 8
48 9
48 8


13668 48 9 8
48 9
48 8


13669 48 9 8
48 9
48 8


13670 48 9 8
48 9
48 8


13671 48 9 8
48 9
48 8


13672 48 9 8
48 9
48 8


13673 48 9 8
48 9
48 8


13674 48 9 8
48 9
48 8


13675 48 9 8
48 9
48 8


13676 48 9 8
48 9
48 8


13677 48 9 8
48 9
48 8


13678 48 9 8
48 9
48 8


13679 48 9 8
48 9
48 8


13680 48 9 8
48 9
48 8


13681 48 9 8
48 9
48 8


13682 48 9 8
48 9
48 8


13683 48 9 8
48 9
48 8


13684 48 9 8
48 9
48 8


13685 48 9 8
48 9
48 8


13686 48 9 8
48 9
48 8


13687 48 9 8
48 9
48 8


13688 48 9 8
48 9
48 8


13689 48 9 8
48 9
48 8


13690 48 9 8
48 9
48 8


13691 48 9 8
48 9
48 8


13692 48 9 8
48 9
48 8


13693 48 9 8
48 9
48 8


13694 48 9 8
48 9
48 8


13695 48 9 8
48 9
48 8


13696 48 9 8
48 9
48 8


13697 48 9 8
48 9
48 8


13698 48 9 8
48 9
48 8


13699 48 9 8
48 9
48 8


13700 48 9 8
48 9
48 8


13701 48 9 8
48 9
48 8


13702 48 9 8
48 9
48 8


13703 48 9 8
48 9
48 8


13704 48 9 8
48 9
48 8


13705 48 9 8
48 9
48 8


13706 48 9 8
48 9
48 8


13707 48 9 8
48 9
48 8


13708 48 9 8
48 9
48 8


13709 48 9 8
48 9
48 8


13710 48 9 8
48 9
48 8


13711 48 9 8
48 9
48 8


13712 48 9 8
48 9
48 8


13713 48 9 8
48 9
48 8


13714 48 9 8
48 9
48 8


13715 48 9 8
48 9
48 8


13716 48 9 8
48 9
48 8


13717 48 9 8
48 9
48 8


13718 48 9 8
48 9
48 8


13719 48 9 8
48 9
48 8


13720 48 9 8
48 9
48 8


13721 48 9 8
48 9
48 8


13722 48 9 8
48 9
48 8


13723 48 9 8
48 9
48 8


13724 48 9 8
48 9
48 8


13725 48 9 8
48 9
48 8


13726 48 9 8
48 9
48 8


13727 48 9 8
48 9
48 8


13728 48 9 8
48 9
48 8


13729 48 9 8
48 9
48 8


13730 48 9 8
48 9
48 8


13731 48 9 8
48 9
48 8


13732 48 9 8
48 9
48 8


13733 48 9 8
48 9
48 8


13734 48 9 8
48 9
48 8


13735 48 9 8
48 9
48 8


13736 48 9 8
48 9
48 8


13737 48 9 8
48 9
48 8


13738 48 9 8
48 9
48 8


13739 48 9 8
48 9
48 8


13740 48 9 8
48 9
48 8


13741 48 9 8
48 9
48 8


13742 48 9 8
48 9
48 8


13743 48 9 8
48 9
48 8


13744 48 9 8
48 9
48 8


13745 48 9 8
48 9
48 8


13746 48 9 8
48 9
48 8


13747 48 9 8
48 9
48 8


13748 48 9 8
48 9
48 8


13749 48 9 8
48 9
48 8


13750 48 9 8
48 9
48 8


13751 48 9 8
48 9
48 8


13752 48 9 8
48 9
48 8


13753 48 9 8
48 9
48 8


13754 48 9 8
48 9
48 8


13755 48 9 8
48 9
48 8


13756 48 9 8
48 9
48 8


13757 48 9 8
48 9
48 8


13758 48 9 8
48 9
48 8


13759 48 9 8
48 9
48 8


13760 48 9 8
48 9
48 8


13761 48 9 8
48 9
48 8


13762 48 9 8
48 9
48 8


13763 48 9 8
48 9
48 8


13764 48 9 8
48 9
48 8


13765 48 9 8
48 9
48 8


13766 48 9 8
48 9
48 8


13767 48 9 8
48 9
48 8


13768 48 9 8
48 9
48 8


13769 48 9 8
48 9
48 8


13770 48 9 8
48 9
48 8


13771 48 9 8
48 9
48 8


13772 48 9 8
48 9
48 8


13773 48 9 8
48 9
48 8


13774 48 9 8
48 9
48 8


13775 48 9 8
48 9
48 8


13776 48 9 8
48 9
48 8


13777 48 9 8
48 9
48 8


13778 48 9 8
48 9
48 8


13779 48 9 8
48 9
48 8


13780 48 9 8
48 9
48 8


13781 48 9 8
48 9
48 8


13782 48 9 8
48 9
48 8


13783 48 9 8
48 9
48 8


13784 48 9 8
48 9
48 8


13785 48 9 8
48 9
48 8


13786 48 9 8
48 9
48 8


13787 48 9 8
48 9
48 8


13788 48 9 8
48 9
48 8


13789 48 9 8
48 9
48 8


13790 48 9 8
48 9
48 8


13791 48 9 8
48 9
48 8


13792 48 9 8
48 9
48 8


13793 48 9 8
48 9
48 8


13794 48 9 8
48 9
48 8


13795 48 9 8
48 9
48 8


13796 48 9 8
48 9
48 8


13797 48 9 8
48 9
48 8


13798 48 9 8
48 9
48 8


13799 48 9 8
48 9
48 8


13800 48 9 8
48 9
48 8


13801 48 9 8
48 9
48 8


13802 48 9 8
48 9
48 8


13803 48 9 8
48 9
48 8


13804 48 9 8
48 9
48 8


13805 48 9 8
48 9
48 8


13806 48 9 8
48 9
48 8


13807 48 9 8
48 9
48 8


13808 48 9 8
48 9
48 8


13809 48 9 8
48 9
48 8


13810 48 9 8
48 9
48 8


13811 48 9 8
48 9
48 8


13812 48 9 8
48 9
48 8


13813 48 9 8
48 9
48 8


13814 48 9 8
48 9
48 8


13815 48 9 8
48 9
48 8


13816 48 9 8
48 9
48 8


13817 48 9 8
48 9
48 8


13818 48 9 8
48 9
48 8


13819 48 9 8
48 9
48 8


13820 48 9 8
48 9
48 8


13821 48 9 8
48 9
48 8


13822 48 9 8
48 9
48 8


13823 48 9 8
48 9
48 8


13824 48 9 8
48 9
48 8


13825 48 9 8
48 9
48 8


13826 48 9 8
48 9
48 8


13827 48 9 8
48 9
48 8


13828 48 9 8
48 9
48 8


13829 48 9 8
48 9
48 8


13830 48 9 8
48 9
48 8


13831 48 9 8
48 9
48 8


13832 48 9 8
48 9
48 8


13833 48 9 8
48 9
48 8


13834 48 9 8
48 9
48 8


13835 48 9 8
48 9
48 8


13836 48 9 8
48 9
48 8


13837 48 9 8
48 9
48 8


13838 48 9 8
48 9
48 8


13839 48 9 8
48 9
48 8


13840 48 9 8
48 9
48 8


13841 48 9 8
48 9
48 8


13842 48 9 8
48 9
48 8


13843 48 9 8
48 9
48 8


13844 48 9 8
48 9
48 8


13845 48 9 8
48 9
48 8


13846 48 9 8
48 9
48 8


13847 48 9 8
48 9
48 8


13848 48 9 8
48 9
48 8


13849 48 9 8
48 9
48 8


13850 48 9 8
48 9
48 8


13851 48 9 8
48 9
48 8


13852 48 9 8
48 9
48 8


13853 48 9 8
48 9
48 8


13854 48 9 8
48 9
48 8


13855 48 9 8
48 9
48 8


13856 48 9 8
48 9
48 8


13857 48 9 8
48 9
48 8


13858 48 9 8
48 9
48 8


13859 48 9 8
48 9
48 8


13860 48 9 8
48 9
48 8


13861 48 9 8
48 9
48 8


13862 48 9 8
48 9
48 8


13863 48 9 8
48 9
48 8


13864 48 9 8
48 9
48 8


13865 48 9 8
48 9
48 8


13866 48 9 8
48 9
48 8


13867 48 9 8
48 9
48 8


13868 48 9 8
48 9
48 8


13869 48 9 8
48 9
48 8


13870 48 9 8
48 9
48 8


13871 48 9 8
48 9
48 8


13872 48 9 8
48 9
48 8


13873 48 9 8
48 9
48 8


13874 48 9 8
48 9
48 8


13875 48 9 8
48 9
48 8


13876 48 9 8
48 9
48 8


13877 48 9 8
48 9
48 8


13878 48 9 8
48 9
48 8


13879 48 9 8
48 9
48 8


13880 48 9 8
48 9
48 8


13881 48 9 8
48 9
48 8


13882 48 9 8
48 9
48 8


13883 48 9 8
48 9
48 8


13884 48 9 8
48 9
48 8


13885 48 9 8
48 9
48 8


13886 48 9 8
48 9
48 8


13887 48 9 8
48 9
48 8


13888 48 9 8
48 9
48 8


13889 48 9 8
48 9
48 8


13890 48 9 8
48 9
48 8


13891 48 9 8
48 9
48 8


13892 48 9 8
48 9
48 8


13893 48 9 8
48 9
48 8


13894 48 9 8
48 9
48 8


13895 48 9 8
48 9
48 8


13896 48 9 8
48 9
48 8


13897 48 9 8
48 9
48 8


13898 48 9 8
48 9
48 8


13899 48 9 8
48 9
48 8


13900 48 9 8
48 9
48 8


13901 48 9 8
48 9
48 8


13902 48 9 8
48 9
48 8


13903 48 9 8
48 9
48 8


13904 48 9 8
48 9
48 8


13905 48 9 8
48 9
48 8


13906 48 9 8
48 9
48 8


13907 48 9 8
48 9
48 8


13908 48 9 8
48 9
48 8


13909 48 9 8
48 9
48 8


13910 48 9 8
48 9
48 8


13911 48 9 8
48 9
48 8


13912 48 9 8
48 9
48 8


13913 48 9 8
48 9
48 8


13914 48 9 8
48 9
48 8


13915 48 9 8
48 9
48 8


13916 48 9 8
48 9
48 8


13917 48 9 8
48 9
48 8


13918 48 9 8
48 9
48 8


13919 48 9 8
48 9
48 8


13920 48 9 8
48 9
48 8


13921 48 9 8
48 9
48 8


13922 48 9 8
48 9
48 8


13923 48 9 8
48 9
48 8


13924 48 9 8
48 9
48 8


13925 48 9 8
48 9
48 8


13926 48 9 8
48 9
48 8


13927 48 9 8
48 9
48 8


13928 48 9 8
48 9
48 8


13929 48 9 8
48 9
48 8


13930 48 9 8
48 9
48 8


13931 48 9 8
48 9
48 8


13932 48 9 8
48 9
48 8


13933 48 9 8
48 9
48 8


13934 48 9 8
48 9
48 8


13935 48 9 8
48 9
48 8


13936 48 9 8
48 9
48 8


13937 48 9 8
48 9
48 8


13938 48 9 8
48 9
48 8


13939 48 9 8
48 9
48 8


13940 48 9 8
48 9
48 8


13941 48 9 8
48 9
48 8


13942 48 9 8
48 9
48 8


13943 48 9 8
48 9
48 8


13944 48 9 8
48 9
48 8


13945 48 9 8
48 9
48 8


13946 48 9 8
48 9
48 8


13947 48 9 8
48 9
48 8


13948 48 9 8
48 9
48 8


13949 48 9 8
48 9
48 8


13950 48 9 8
48 9
48 8


13951 48 9 8
48 9
48 8


13952 48 9 8
48 9
48 8


13953 48 9 8
48 9
48 8


13954 48 9 8
48 9
48 8


13955 48 9 8
48 9
48 8


13956 48 9 8
48 9
48 8


13957 48 9 8
48 9
48 8


13958 48 9 8
48 9
48 8


13959 48 9 8
48 9
48 8


13960 48 9 8
48 9
48 8


13961 48 9 8
48 9
48 8


13962 48 9 8
48 9
48 8


13963 48 9 8
48 9
48 8


13964 48 9 8
48 9
48 8


13965 48 9 8
48 9
48 8


13966 48 9 8
48 9
48 8


13967 48 9 8
48 9
48 8


13968 48 9 8
48 9
48 8


13969 48 9 8
48 9
48 8


13970 48 9 8
48 9
48 8


13971 48 9 8
48 9
48 8


13972 48 9 8
48 9
48 8


13973 48 9 8
48 9
48 8


13974 48 9 8
48 9
48 8


13975 48 9 8
48 9
48 8


13976 48 9 8
48 9
48 8


13977 48 9 8
48 9
48 8


13978 48 9 8
48 9
48 8


13979 48 9 8
48 9
48 8


13980 48 9 8
48 9
48 8


13981 48 9 8
48 9
48 8


13982 48 9 8
48 9
48 8


13983 48 9 8
48 9
48 8


13984 48 9 8
48 9
48 8


13985 48 9 8
48 9
48 8


13986 48 9 8
48 9
48 8


13987 48 9 8
48 9
48 8


13988 48 9 8
48 9
48 8


13989 48 9 8
48 9
48 8


13990 48 9 8
48 9
48 8


13991 48 9 8
48 9
48 8


13992 48 9 8
48 9
48 8


13993 48 9 8
48 9
48 8


13994 48 9 8
48 9
48 8


13995 48 9 8
48 9
48 8


13996 48 9 8
48 9
48 8


13997 48 9 8
48 9
48 8


13998 48 9 8
48 9
48 8


13999 48 9 8
48 9
48 8


14000 48 9 8
48 9
48 8


14001 48 9 8
48 9
48 8


14002 48 9 8
48 9
48 8


14003 48 9 8
48 9
48 8


14004 48 9 8
48 9
48 8


14005 48 9 8
48 9
48 8


14006 48 9 8
48 9
48 8


14007 48 9 8
48 9
48 8


14008 48 9 8
48 9
48 8


14009 48 9 8
48 9
48 8


14010 48 9 8
48 9
48 8


14011 48 9 8
48 9
48 8


14012 48 9 8
48 9
48 8


14013 48 9 8
48 9
48 8


14014 48 9 8
48 9
48 8


14015 48 9 8
48 9
48 8


14016 48 9 8
48 9
48 8


14017 48 9 8
48 9
48 8


14018 48 9 8
48 9
48 8


14019 48 9 8
48 9
48 8


14020 48 9 8
48 9
48 8


14021 48 9 8
48 9
48 8


14022 48 9 8
48 9
48 8


14023 48 9 8
48 9
48 8


14024 48 9 8
48 9
48 8


14025 48 9 8
48 9
48 8


14026 48 9 8
48 9
48 8


14027 48 9 8
48 9
48 8


14028 48 9 8
48 9
48 8


14029 48 9 8
48 9
48 8


14030 48 9 8
48 9
48 8


14031 48 9 8
48 9
48 8


14032 48 9 8
48 9
48 8


14033 48 9 8
48 9
48 8


14034 48 9 8
48 9
48 8


14035 48 9 8
48 9
48 8


14036 48 9 8
48 9
48 8


14037 48 9 8
48 9
48 8


14038 48 9 8
48 9
48 8


14039 48 9 8
48 9
48 8


14040 48 9 8
48 9
48 8


14041 48 9 8
48 9
48 8


14042 48 9 8
48 9
48 8


14043 48 9 8
48 9
48 8


14044 48 9 8
48 9
48 8


14045 48 9 8
48 9
48 8


14046 48 9 8
48 9
48 8


14047 48 9 8
48 9
48 8


14048 48 9 8
48 9
48 8


14049 48 9 8
48 9
48 8


14050 48 9 8
48 9
48 8


14051 48 9 8
48 9
48 8


14052 48 9 8
48 9
48 8


14053 48 9 8
48 9
48 8


14054 48 9 8
48 9
48 8


14055 48 9 8
48 9
48 8


14056 48 9 8
48 9
48 8


14057 48 9 8
48 9
48 8


14058 48 9 8
48 9
48 8


14059 48 9 8
48 9
48 8


14060 48 9 8
48 9
48 8


14061 48 9 8
48 9
48 8


14062 48 9 8
48 9
48 8


14063 48 9 8
48 9
48 8


14064 48 9 8
48 9
48 8


14065 48 9 8
48 9
48 8


14066 48 9 8
48 9
48 8


14067 48 9 8
48 9
48 8


14068 48 9 8
48 9
48 8


14069 48 9 8
48 9
48 8


14070 48 9 8
48 9
48 8


14071 48 9 8
48 9
48 8


14072 48 9 8
48 9
48 8


14073 48 9 8
48 9
48 8


14074 48 9 8
48 9
48 8


14075 48 9 8
48 9
48 8


14076 48 9 8
48 9
48 8


14077 48 9 8
48 9
48 8


14078 48 9 8
48 9
48 8


14079 48 9 8
48 9
48 8


14080 48 9 8
48 9
48 8


14081 48 9 8
48 9
48 8


14082 48 9 8
48 9
48 8


14083 48 9 8
48 9
48 8


14084 48 9 8
48 9
48 8


14085 48 9 8
48 9
48 8


14086 48 9 8
48 9
48 8


14087 48 9 8
48 9
48 8


14088 48 9 8
48 9
48 8


14089 48 9 8
48 9
48 8


14090 48 9 8
48 9
48 8


14091 48 9 8
48 9
48 8


14092 48 9 8
48 9
48 8


14093 48 9 8
48 9
48 8


14094 48 9 8
48 9
48 8


14095 48 9 8
48 9
48 8


14096 48 9 8
48 9
48 8


14097 48 9 8
48 9
48 8


14098 48 9 8
48 9
48 8


14099 48 9 8
48 9
48 8


14100 48 9 8
48 9
48 8


14101 48 9 8
48 9
48 8


14102 48 9 8
48 9
48 8


14103 48 9 8
48 9
48 8


14104 48 9 8
48 9
48 8


14105 48 9 8
48 9
48 8


14106 48 9 8
48 9
48 8


14107 48 9 8
48 9
48 8


14108 48 9 8
48 9
48 8


14109 48 9 8
48 9
48 8


14110 48 9 8
48 9
48 8


14111 48 9 8
48 9
48 8


14112 48 9 8
48 9
48 8


14113 48 9 8
48 9
48 8


14114 48 9 8
48 9
48 8


14115 48 9 8
48 9
48 8


19316 5 14 22
5 14
5 22


19317 5 14 22
5 14
5 22


19318 5 14 22
5 14
5 22


19319 5 14 22
5 14
5 22


19320 5 14 22
5 14
5 22


19321 5 14 22
5 14
5 22


19322 5 14 22
5 14
5 22


19323 5 14 22
5 14
5 22


19324 5 14 22
5 14
5 22


19325 5 14 22
5 14
5 22


19326 5 14 22
5 14
5 22


19327 5 14 22
5 14
5 22


19328 5 14 22
5 14
5 22


19329 5 14 22
5 14
5 22


19330 5 14 22
5 14
5 22


19331 5 14 22
5 14
5 22


19332 5 14 22
5 14
5 22


19333 5 14 22
5 14
5 22


19334 5 14 22
5 14
5 22


19335 5 14 22
5 14
5 22


19336 5 14 22
5 14
5 22


19337 5 14 22
5 14
5 22


19338 5 14 22
5 14
5 22


19339 5 14 22
5 14
5 22


19340 5 14 22
5 14
5 22


19341 5 14 22
5 14
5 22


19342 5 14 22
5 14
5 22


19343 5 14 22
5 14
5 22


19344 5 14 22
5 14
5 22


19345 5 14 22
5 14
5 22


19346 5 14 22
5 14
5 22


19347 5 14 22
5 14
5 22


19348 5 14 22
5 14
5 22


19349 5 14 22
5 14
5 22


19350 5 14 22
5 14
5 22


19351 5 14 22
5 14
5 22


19352 5 14 22
5 14
5 22


19353 5 14 22
5 14
5 22


19354 5 14 22
5 14
5 22


19355 5 14 22
5 14
5 22


19356 5 14 22
5 14
5 22


19357 5 14 22
5 14
5 22


19358 5 14 22
5 14
5 22


19359 5 14 22
5 14
5 22


19360 5 14 22
5 14
5 22


19361 5 14 22
5 14
5 22


19362 5 14 22
5 14
5 22


19363 5 14 22
5 14
5 22


19364 5 14 22
5 14
5 22


19365 5 14 22
5 14
5 22


19366 5 14 22
5 14
5 22


19367 5 14 22
5 14
5 22


19368 5 14 22
5 14
5 22


19369 5 14 22
5 14
5 22


19370 5 14 22
5 14
5 22


19371 5 14 22
5 14
5 22


19372 5 14 22
5 14
5 22


19373 5 14 22
5 14
5 22


19374 5 14 22
5 14
5 22


19375 5 14 22
5 14
5 22


19376 5 14 22
5 14
5 22


19377 5 14 22
5 14
5 22


19378 5 14 22
5 14
5 22


19379 5 14 22
5 14
5 22


19380 5 14 22
5 14
5 22


19381 5 14 22
5 14
5 22


19382 5 14 22
5 14
5 22


19383 5 14 22
5 14
5 22


19384 5 14 22
5 14
5 22


19385 5 14 22
5 14
5 22


19386 5 14 22
5 14
5 22


19387 5 14 22
5 14
5 22


19388 5 14 22
5 14
5 22


19389 5 14 22
5 14
5 22


19390 5 14 22
5 14
5 22


19391 5 14 22
5 14
5 22


19392 5 14 22
5 14
5 22


19393 5 14 22
5 14
5 22


19394 5 14 22
5 14
5 22


19395 5 14 22
5 14
5 22


19396 5 14 22
5 14
5 22


19397 5 14 22
5 14
5 22


19398 5 14 22
5 14
5 22


19399 5 14 22
5 14
5 22


19400 5 14 22
5 14
5 22


19401 5 14 22
5 14
5 22


19402 5 14 22
5 14
5 22


19403 5 14 22
5 14
5 22


19404 5 14 22
5 14
5 22


19405 5 14 22
5 14
5 22


19406 5 14 22
5 14
5 22


19407 5 14 22
5 14
5 22


19408 5 14 22
5 14
5 22


19409 5 14 22
5 14
5 22


19410 5 14 22
5 14
5 22


19411 5 14 22
5 14
5 22


19412 5 14 22
5 14
5 22


19413 5 14 22
5 14
5 22


19414 5 14 22
5 14
5 22


19415 5 14 22
5 14
5 22


19416 5 14 22
5 14
5 22


19417 5 14 22
5 14
5 22


19418 5 14 22
5 14
5 22


19419 5 14 22
5 14
5 22


19420 5 14 22
5 14
5 22


19421 5 14 22
5 14
5 22


19422 5 14 22
5 14
5 22


19423 5 14 22
5 14
5 22


19424 5 14 22
5 14
5 22


19425 5 14 22
5 14
5 22


19426 5 14 22
5 14
5 22


19427 5 14 22
5 14
5 22


19428 5 14 22
5 14
5 22


19429 5 14 22
5 14
5 22


19430 5 14 22
5 14
5 22


19431 5 14 22
5 14
5 22


19432 5 14 22
5 14
5 22


19433 5 14 22
5 14
5 22


19434 5 14 22
5 14
5 22


19435 5 14 22
5 14
5 22


19436 5 14 22
5 14
5 22


19437 5 14 22
5 14
5 22


19438 5 14 22
5 14
5 22


19439 5 14 22
5 14
5 22


19440 5 14 22
5 14
5 22


19441 5 14 22
5 14
5 22


19442 5 14 22
5 14
5 22


19443 5 14 22
5 14
5 22


19444 5 14 22
5 14
5 22


19445 5 14 22
5 14
5 22


19446 5 14 22
5 14
5 22


19447 5 14 22
5 14
5 22


19448 5 14 22
5 14
5 22


19449 5 14 22
5 14
5 22


19450 5 14 22
5 14
5 22


19451 5 14 22
5 14
5 22


19452 5 14 22
5 14
5 22


19453 5 14 22
5 14
5 22


19454 5 14 22
5 14
5 22


19455 5 14 22
5 14
5 22


19456 5 14 22
5 14
5 22


19457 5 14 22
5 14
5 22


19458 5 14 22
5 14
5 22


19459 5 14 22
5 14
5 22


19460 5 14 22
5 14
5 22


19461 5 14 22
5 14
5 22


19462 5 14 22
5 14
5 22


19463 5 14 22
5 14
5 22


19464 5 14 22
5 14
5 22


19465 5 14 22
5 14
5 22


19466 5 14 22
5 14
5 22


19467 5 14 22
5 14
5 22


19468 5 14 22
5 14
5 22


19469 5 14 22
5 14
5 22


19470 5 14 22
5 14
5 22


19471 5 14 22
5 14
5 22


19472 5 14 22
5 14
5 22


19473 5 14 22
5 14
5 22


19474 5 14 22
5 14
5 22


19475 5 14 22
5 14
5 22


19476 5 14 22
5 14
5 22


19477 5 14 22
5 14
5 22


19478 5 14 22
5 14
5 22


19479 5 14 22
5 14
5 22


19480 5 14 22
5 14
5 22


19481 5 14 22
5 14
5 22


19482 5 14 22
5 14
5 22


19483 5 14 22
5 14
5 22


19484 5 14 22
5 14
5 22


19485 5 14 22
5 14
5 22


19486 5 14 22
5 14
5 22


19487 5 14 22
5 14
5 22


19488 5 14 22
5 14
5 22


19489 5 14 22
5 14
5 22


19490 5 14 22
5 14
5 22


19491 5 14 22
5 14
5 22


19492 5 14 22
5 14
5 22


19493 5 14 22
5 14
5 22


19494 5 14 22
5 14
5 22


19495 5 14 22
5 14
5 22


19496 5 14 22
5 14
5 22


19497 5 14 22
5 14
5 22


19498 5 14 22
5 14
5 22


19499 5 14 22
5 14
5 22


19500 5 14 22
5 14
5 22


19501 5 14 22
5 14
5 22


19502 5 14 22
5 14
5 22


19503 5 14 22
5 14
5 22


19504 5 14 22
5 14
5 22


19505 5 14 22
5 14
5 22


19506 5 14 22
5 14
5 22


19507 5 14 22
5 14
5 22


19508 5 14 22
5 14
5 22


19509 5 14 22
5 14
5 22


19510 5 14 22
5 14
5 22


19511 5 14 22
5 14
5 22


19512 5 14 22
5 14
5 22


19513 5 14 22
5 14
5 22


19514 5 14 22
5 14
5 22


19515 5 14 22
5 14
5 22


19516 5 14 22
5 14
5 22


19517 5 14 22
5 14
5 22


19518 5 14 22
5 14
5 22


19519 5 14 22
5 14
5 22


19520 5 14 22
5 14
5 22


19521 5 14 22
5 14
5 22


19522 5 14 22
5 14
5 22


19523 5 14 22
5 14
5 22


19524 5 14 22
5 14
5 22


19525 5 14 22
5 14
5 22


19526 5 14 22
5 14
5 22


19527 5 14 22
5 14
5 22


19528 5 14 22
5 14
5 22


19529 5 14 22
5 14
5 22


19530 5 14 22
5 14
5 22


19531 5 14 22
5 14
5 22


19532 5 14 22
5 14
5 22


19533 5 14 22
5 14
5 22


19534 5 14 22
5 14
5 22


19535 5 14 22
5 14
5 22


19536 5 14 22
5 14
5 22


19537 5 14 22
5 14
5 22


19538 5 14 22
5 14
5 22


19539 5 14 22
5 14
5 22


19540 5 14 22
5 14
5 22


19541 5 14 22
5 14
5 22


19542 5 14 22
5 14
5 22


19543 5 14 22
5 14
5 22


19544 5 14 22
5 14
5 22


19545 5 14 22
5 14
5 22


19546 5 14 22
5 14
5 22


19547 5 14 22
5 14
5 22


19548 5 14 22
5 14
5 22


19549 5 14 22
5 14
5 22


19550 5 14 22
5 14
5 22


19551 5 14 22
5 14
5 22


19552 5 14 22
5 14
5 22


19553 5 14 22
5 14
5 22


19554 5 14 22
5 14
5 22


19555 5 14 22
5 14
5 22


19556 5 14 22
5 14
5 22


19557 5 14 22
5 14
5 22


19558 5 14 22
5 14
5 22


19559 5 14 22
5 14
5 22


19560 5 14 22
5 14
5 22


19561 5 14 22
5 14
5 22


19562 5 14 22
5 14
5 22


19563 5 14 22
5 14
5 22


19564 5 14 22
5 14
5 22


19565 5 14 22
5 14
5 22


19566 5 14 22
5 14
5 22


19567 5 14 22
5 14
5 22


19568 5 14 22
5 14
5 22


19569 5 14 22
5 14
5 22


19570 5 14 22
5 14
5 22


19571 5 14 22
5 14
5 22


19572 5 14 22
5 14
5 22


19573 5 14 22
5 14
5 22


19574 5 14 22
5 14
5 22


19575 5 14 22
5 14
5 22


19576 5 14 22
5 14
5 22


19577 5 14 22
5 14
5 22


19578 5 14 22
5 14
5 22


19579 5 14 22
5 14
5 22


19580 5 14 22
5 14
5 22


19581 5 14 22
5 14
5 22


19582 5 14 22
5 14
5 22


19583 5 14 22
5 14
5 22


19584 5 14 22
5 14
5 22


19585 5 14 22
5 14
5 22


19586 5 14 22
5 14
5 22


19587 5 14 22
5 14
5 22


19588 5 14 22
5 14
5 22


19589 5 14 22
5 14
5 22


19590 5 14 22
5 14
5 22


19591 5 14 22
5 14
5 22


19592 5 14 22
5 14
5 22


19593 5 14 22
5 14
5 22


19594 5 14 22
5 14
5 22


19595 5 14 22
5 14
5 22


19596 5 14 22
5 14
5 22


19597 5 14 22
5 14
5 22


19598 5 14 22
5 14
5 22


19599 5 14 22
5 14
5 22


19600 5 14 22
5 14
5 22


19601 5 14 22
5 14
5 22


19602 5 14 22
5 14
5 22


19603 5 14 22
5 14
5 22


19604 5 14 22
5 14
5 22


19605 5 14 22
5 14
5 22


19606 5 14 22
5 14
5 22


19607 5 14 22
5 14
5 22


19608 5 14 22
5 14
5 22


19609 5 14 22
5 14
5 22


19610 5 14 22
5 14
5 22


19611 5 14 22
5 14
5 22


19612 5 14 22
5 14
5 22


19613 5 14 22
5 14
5 22


19614 5 14 22
5 14
5 22


19615 5 14 22
5 14
5 22


19616 5 14 22
5 14
5 22


19617 5 14 22
5 14
5 22


19618 5 14 22
5 14
5 22


19619 5 14 22
5 14
5 22


19620 5 14 22
5 14
5 22


19621 5 14 22
5 14
5 22


19622 5 14 22
5 14
5 22


19623 5 14 22
5 14
5 22


19624 5 14 22
5 14
5 22


19625 5 14 22
5 14
5 22


19626 5 14 22
5 14
5 22


19627 5 14 22
5 14
5 22


19628 5 14 22
5 14
5 22


19629 5 14 22
5 14
5 22


19630 5 14 22
5 14
5 22


19631 5 14 22
5 14
5 22


19632 5 14 22
5 14
5 22


19633 5 14 22
5 14
5 22


19634 5 14 22
5 14
5 22


19635 5 14 22
5 14
5 22


19636 5 14 22
5 14
5 22


19637 5 14 22
5 14
5 22


19638 5 14 22
5 14
5 22


19639 5 14 22
5 14
5 22


19640 5 14 22
5 14
5 22


19641 5 14 22
5 14
5 22


19642 5 14 22
5 14
5 22


19643 5 14 22
5 14
5 22


19644 5 14 22
5 14
5 22


19645 5 14 22
5 14
5 22


19646 5 14 22
5 14
5 22


19647 5 14 22
5 14
5 22


19648 5 14 22
5 14
5 22


19649 5 14 22
5 14
5 22


19650 5 14 22
5 14
5 22


19651 5 14 22
5 14
5 22


19652 5 14 22
5 14
5 22


19653 5 14 22
5 14
5 22


19654 5 14 22
5 14
5 22


19655 5 14 22
5 14
5 22


19656 5 14 22
5 14
5 22


19657 5 14 22
5 14
5 22


19658 5 14 22
5 14
5 22


19659 5 14 22
5 14
5 22


19660 5 14 22
5 14
5 22


19661 5 14 22
5 14
5 22


19662 5 14 22
5 14
5 22


19663 5 14 22
5 14
5 22


19664 5 14 22
5 14
5 22


19665 5 14 22
5 14
5 22


19666 5 14 22
5 14
5 22


19667 5 14 22
5 14
5 22


19668 5 14 22
5 14
5 22


19669 5 14 22
5 14
5 22


19670 5 14 22
5 14
5 22


19671 5 14 22
5 14
5 22


19672 5 14 22
5 14
5 22


19673 5 14 22
5 14
5 22


19674 5 14 22
5 14
5 22


19675 5 14 22
5 14
5 22


19676 5 14 22
5 14
5 22


19677 5 14 22
5 14
5 22


19678 5 14 22
5 14
5 22


19679 5 14 22
5 14
5 22


19680 5 14 22
5 14
5 22


19681 5 14 22
5 14
5 22


19682 5 14 22
5 14
5 22


19683 5 14 22
5 14
5 22


19684 5 14 22
5 14
5 22


19685 5 14 22
5 14
5 22


19686 5 14 22
5 14
5 22


19687 5 14 22
5 14
5 22


19688 5 14 22
5 14
5 22


19689 5 14 22
5 14
5 22


19690 5 14 22
5 14
5 22


19691 5 14 22
5 14
5 22


19692 5 14 22
5 14
5 22


19693 5 14 22
5 14
5 22


19694 5 14 22
5 14
5 22


19695 5 14 22
5 14
5 22


19696 5 14 22
5 14
5 22


19697 5 14 22
5 14
5 22


19698 5 14 22
5 14
5 22


19699 5 14 22
5 14
5 22


19700 5 14 22
5 14
5 22


19701 5 14 22
5 14
5 22


19702 5 14 22
5 14
5 22


19703 5 14 22
5 14
5 22


19704 5 14 22
5 14
5 22


19705 5 14 22
5 14
5 22


19706 5 14 22
5 14
5 22


19707 5 14 22
5 14
5 22


19708 5 14 22
5 14
5 22


19709 5 14 22
5 14
5 22


19710 5 14 22
5 14
5 22


19711 5 14 22
5 14
5 22


19712 5 14 22
5 14
5 22


19713 5 14 22
5 14
5 22


19714 5 14 22
5 14
5 22


19715 5 14 22
5 14
5 22


19716 5 14 22
5 14
5 22


19717 5 14 22
5 14
5 22


19718 5 14 22
5 14
5 22


19719 5 14 22
5 14
5 22


19720 5 14 22
5 14
5 22


19721 5 14 22
5 14
5 22


19722 5 14 22
5 14
5 22


19723 5 14 22
5 14
5 22


19724 5 14 22
5 14
5 22


19725 5 14 22
5 14
5 22


19726 5 14 22
5 14
5 22


19727 5 14 22
5 14
5 22


19728 5 14 22
5 14
5 22


19729 5 14 22
5 14
5 22


19730 5 14 22
5 14
5 22


19731 5 14 22
5 14
5 22


19732 5 14 22
5 14
5 22


19733 5 14 22
5 14
5 22


19734 5 14 22
5 14
5 22


19735 5 14 22
5 14
5 22


19736 5 14 22
5 14
5 22


19737 5 14 22
5 14
5 22


19738 5 14 22
5 14
5 22


19739 5 14 22
5 14
5 22


19740 5 14 22
5 14
5 22


19741 5 14 22
5 14
5 22


19742 5 14 22
5 14
5 22


19743 5 14 22
5 14
5 22


19744 5 14 22
5 14
5 22


19745 5 14 22
5 14
5 22


19746 5 14 22
5 14
5 22


19747 5 14 22
5 14
5 22


19748 5 14 22
5 14
5 22


19749 5 14 22
5 14
5 22


19750 5 14 22
5 14
5 22


19751 5 14 22
5 14
5 22


19752 5 14 22
5 14
5 22


19753 5 14 22
5 14
5 22


19754 5 14 22
5 14
5 22


19755 5 14 22
5 14
5 22


19756 5 14 22
5 14
5 22


19757 5 14 22
5 14
5 22


19758 5 14 22
5 14
5 22


19759 5 14 22
5 14
5 22


19760 5 14 22
5 14
5 22


19761 5 14 22
5 14
5 22


19762 5 14 22
5 14
5 22


19763 5 14 22
5 14
5 22


19764 5 14 22
5 14
5 22


19765 5 14 22
5 14
5 22


19766 5 14 22
5 14
5 22


19767 5 14 22
5 14
5 22


19768 5 14 22
5 14
5 22


19769 5 14 22
5 14
5 22


19770 5 14 22
5 14
5 22


19771 5 14 22
5 14
5 22


19772 5 14 22
5 14
5 22


19773 5 14 22
5 14
5 22


19774 5 14 22
5 14
5 22


19775 5 14 22
5 14
5 22


19776 5 14 22
5 14
5 22


19777 5 14 22
5 14
5 22


19778 5 14 22
5 14
5 22


19779 5 14 22
5 14
5 22


19780 5 14 22
5 14
5 22


19781 5 14 22
5 14
5 22


19782 5 14 22
5 14
5 22


19783 5 14 22
5 14
5 22


19784 5 14 22
5 14
5 22


19785 5 14 22
5 14
5 22


19786 5 14 22
5 14
5 22


19787 5 14 22
5 14
5 22


19788 5 14 22
5 14
5 22


19789 5 14 22
5 14
5 22


19790 5 14 22
5 14
5 22


19791 5 14 22
5 14
5 22


19792 5 14 22
5 14
5 22


19793 5 14 22
5 14
5 22


19794 5 14 22
5 14
5 22


19795 5 14 22
5 14
5 22


19796 5 14 22
5 14
5 22


19797 5 14 22
5 14
5 22


19798 5 14 22
5 14
5 22


19799 5 14 22
5 14
5 22


19800 5 14 22
5 14
5 22


19801 5 14 22
5 14
5 22


19802 5 14 22
5 14
5 22


19803 5 14 22
5 14
5 22


19804 5 14 22
5 14
5 22


19805 5 14 22
5 14
5 22


19806 5 14 22
5 14
5 22


19807 5 14 22
5 14
5 22


19808 5 14 22
5 14
5 22


19809 5 14 22
5 14
5 22


19810 5 14 22
5 14
5 22


19811 5 14 22
5 14
5 22


19812 5 14 22
5 14
5 22


19813 5 14 22
5 14
5 22


19814 5 14 22
5 14
5 22


19815 5 14 22
5 14
5 22


19816 5 14 22
5 14
5 22


19817 5 14 22
5 14
5 22


19818 5 14 22
5 14
5 22


19819 5 14 22
5 14
5 22


19820 5 14 22
5 14
5 22


19821 5 14 22
5 14
5 22


19822 5 14 22
5 14
5 22


19823 5 14 22
5 14
5 22


19824 5 14 22
5 14
5 22


19825 5 14 22
5 14
5 22


19826 5 14 22
5 14
5 22


19827 5 14 22
5 14
5 22


25028 46 53 52
46 53
46 52


25029 46 53 52
46 53
46 52


25030 46 53 52
46 53
46 52


25031 46 53 52
46 53
46 52


25032 46 53 52
46 53
46 52


25033 46 53 52
46 53
46 52


25034 46 53 52
46 53
46 52


25035 46 53 52
46 53
46 52


25036 46 53 52
46 53
46 52


25037 46 53 52
46 53
46 52


25038 46 53 52
46 53
46 52


25039 46 53 52
46 53
46 52


25040 46 53 52
46 53
46 52


25041 46 53 52
46 53
46 52


25042 46 53 52
46 53
46 52


25043 46 53 52
46 53
46 52


25044 46 53 52
46 53
46 52


25045 46 53 52
46 53
46 52


25046 46 53 52
46 53
46 52


25047 46 53 52
46 53
46 52


25048 46 53 52
46 53
46 52


25049 46 53 52
46 53
46 52


25050 46 53 52
46 53
46 52


25051 46 53 52
46 53
46 52


25052 46 53 52
46 53
46 52


25053 46 53 52
46 53
46 52


25054 46 53 52
46 53
46 52


25055 46 53 52
46 53
46 52


25056 46 53 52
46 53
46 52


25057 46 53 52
46 53
46 52


25058 46 53 52
46 53
46 52


25059 46 53 52
46 53
46 52


25060 46 53 52
46 53
46 52


25061 46 53 52
46 53
46 52


25062 46 53 52
46 53
46 52


25063 46 53 52
46 53
46 52


25064 46 53 52
46 53
46 52


25065 46 53 52
46 53
46 52


25066 46 53 52
46 53
46 52


25067 46 53 52
46 53
46 52


25068 46 53 52
46 53
46 52


25069 46 53 52
46 53
46 52


25070 46 53 52
46 53
46 52


25071 46 53 52
46 53
46 52


25072 46 53 52
46 53
46 52


25073 46 53 52
46 53
46 52


25074 46 53 52
46 53
46 52


25075 46 53 52
46 53
46 52


25076 46 53 52
46 53
46 52


25077 46 53 52
46 53
46 52


25078 46 53 52
46 53
46 52


25079 46 53 52
46 53
46 52


25080 46 53 52
46 53
46 52


25081 46 53 52
46 53
46 52


25082 46 53 52
46 53
46 52


25083 46 53 52
46 53
46 52


25084 46 53 52
46 53
46 52


25085 46 53 52
46 53
46 52


25086 46 53 52
46 53
46 52


25087 46 53 52
46 53
46 52


25088 46 53 52
46 53
46 52


25089 46 53 52
46 53
46 52


25090 46 53 52
46 53
46 52


25091 46 53 52
46 53
46 52


25092 46 53 52
46 53
46 52


25093 46 53 52
46 53
46 52


25094 46 53 52
46 53
46 52


25095 46 53 52
46 53
46 52


25096 46 53 52
46 53
46 52


25097 46 53 52
46 53
46 52


25098 46 53 52
46 53
46 52


25099 46 53 52
46 53
46 52


25100 46 53 52
46 53
46 52


25101 46 53 52
46 53
46 52


25102 46 53 52
46 53
46 52


25103 46 53 52
46 53
46 52


25104 46 53 52
46 53
46 52


25105 46 53 52
46 53
46 52


25106 46 53 52
46 53
46 52


25107 46 53 52
46 53
46 52


25108 46 53 52
46 53
46 52


25109 46 53 52
46 53
46 52


25110 46 53 52
46 53
46 52


25111 46 53 52
46 53
46 52


25112 46 53 52
46 53
46 52


25113 46 53 52
46 53
46 52


25114 46 53 52
46 53
46 52


25115 46 53 52
46 53
46 52


25116 46 53 52
46 53
46 52


25117 46 53 52
46 53
46 52


25118 46 53 52
46 53
46 52


25119 46 53 52
46 53
46 52


25120 46 53 52
46 53
46 52


25121 46 53 52
46 53
46 52


25122 46 53 52
46 53
46 52


25123 46 53 52
46 53
46 52


25124 46 53 52
46 53
46 52


25125 46 53 52
46 53
46 52


25126 46 53 52
46 53
46 52


25127 46 53 52
46 53
46 52


25128 46 53 52
46 53
46 52


25129 46 53 52
46 53
46 52


25130 46 53 52
46 53
46 52


25131 46 53 52
46 53
46 52


25132 46 53 52
46 53
46 52


25133 46 53 52
46 53
46 52


25134 46 53 52
46 53
46 52


25135 46 53 52
46 53
46 52


25136 46 53 52
46 53
46 52


25137 46 53 52
46 53
46 52


25138 46 53 52
46 53
46 52


25139 46 53 52
46 53
46 52


25140 46 53 52
46 53
46 52


25141 46 53 52
46 53
46 52


25142 46 53 52
46 53
46 52


25143 46 53 52
46 53
46 52


25144 46 53 52
46 53
46 52


25145 46 53 52
46 53
46 52


25146 46 53 52
46 53
46 52


25147 46 53 52
46 53
46 52


25148 46 53 52
46 53
46 52


25149 46 53 52
46 53
46 52


25150 46 53 52
46 53
46 52


25151 46 53 52
46 53
46 52


25152 46 53 52
46 53
46 52


25153 46 53 52
46 53
46 52


25154 46 53 52
46 53
46 52


25155 46 53 52
46 53
46 52


25156 46 53 52
46 53
46 52


25157 46 53 52
46 53
46 52


25158 46 53 52
46 53
46 52


25159 46 53 52
46 53
46 52


25160 46 53 52
46 53
46 52


25161 46 53 52
46 53
46 52


25162 46 53 52
46 53
46 52


25163 46 53 52
46 53
46 52


25164 46 53 52
46 53
46 52


25165 46 53 52
46 53
46 52


25166 46 53 52
46 53
46 52


25167 46 53 52
46 53
46 52


25168 46 53 52
46 53
46 52


25169 46 53 52
46 53
46 52


25170 46 53 52
46 53
46 52


25171 46 53 52
46 53
46 52


25172 46 53 52
46 53
46 52


25173 46 53 52
46 53
46 52


25174 46 53 52
46 53
46 52


25175 46 53 52
46 53
46 52


25176 46 53 52
46 53
46 52


25177 46 53 52
46 53
46 52


25178 46 53 52
46 53
46 52


25179 46 53 52
46 53
46 52


25180 46 53 52
46 53
46 52


25181 46 53 52
46 53
46 52


25182 46 53 52
46 53
46 52


25183 46 53 52
46 53
46 52


25184 46 53 52
46 53
46 52


25185 46 53 52
46 53
46 52


25186 46 53 52
46 53
46 52


25187 46 53 52
46 53
46 52


25188 46 53 52
46 53
46 52


25189 46 53 52
46 53
46 52


25190 46 53 52
46 53
46 52


25191 46 53 52
46 53
46 52


25192 46 53 52
46 53
46 52


25193 46 53 52
46 53
46 52


25194 46 53 52
46 53
46 52


25195 46 53 52
46 53
46 52


25196 46 53 52
46 53
46 52


25197 46 53 52
46 53
46 52


25198 46 53 52
46 53
46 52


25199 46 53 52
46 53
46 52


25200 46 53 52
46 53
46 52


25201 46 53 52
46 53
46 52


25202 46 53 52
46 53
46 52


25203 46 53 52
46 53
46 52


25204 46 53 52
46 53
46 52


25205 46 53 52
46 53
46 52


25206 46 53 52
46 53
46 52


25207 46 53 52
46 53
46 52


25208 46 53 52
46 53
46 52


25209 46 53 52
46 53
46 52


25210 46 53 52
46 53
46 52


25211 46 53 52
46 53
46 52


25212 46 53 52
46 53
46 52


25213 46 53 52
46 53
46 52


25214 46 53 52
46 53
46 52


25215 46 53 52
46 53
46 52


25216 46 53 52
46 53
46 52


25217 46 53 52
46 53
46 52


25218 46 53 52
46 53
46 52


25219 46 53 52
46 53
46 52


25220 46 53 52
46 53
46 52


25221 46 53 52
46 53
46 52


25222 46 53 52
46 53
46 52


25223 46 53 52
46 53
46 52


25224 46 53 52
46 53
46 52


25225 46 53 52
46 53
46 52


25226 46 53 52
46 53
46 52


25227 46 53 52
46 53
46 52


25228 46 53 52
46 53
46 52


25229 46 53 52
46 53
46 52


25230 46 53 52
46 53
46 52


25231 46 53 52
46 53
46 52


25232 46 53 52
46 53
46 52


25233 46 53 52
46 53
46 52


25234 46 53 52
46 53
46 52


25235 46 53 52
46 53
46 52


25236 46 53 52
46 53
46 52


25237 46 53 52
46 53
46 52


25238 46 53 52
46 53
46 52


25239 46 53 52
46 53
46 52


25240 46 53 52
46 53
46 52


25241 46 53 52
46 53
46 52


25242 46 53 52
46 53
46 52


25243 46 53 52
46 53
46 52


25244 46 53 52
46 53
46 52


25245 46 53 52
46 53
46 52


25246 46 53 52
46 53
46 52


25247 46 53 52
46 53
46 52


25248 46 53 52
46 53
46 52


25249 46 53 52
46 53
46 52


25250 46 53 52
46 53
46 52


25251 46 53 52
46 53
46 52


25252 46 53 52
46 53
46 52


25253 46 53 52
46 53
46 52


25254 46 53 52
46 53
46 52


25255 46 53 52
46 53
46 52


25256 46 53 52
46 53
46 52


25257 46 53 52
46 53
46 52


25258 46 53 52
46 53
46 52


25259 46 53 52
46 53
46 52


25260 46 53 52
46 53
46 52


25261 46 53 52
46 53
46 52


25262 46 53 52
46 53
46 52


25263 46 53 52
46 53
46 52


25264 46 53 52
46 53
46 52


25265 46 53 52
46 53
46 52


25266 46 53 52
46 53
46 52


25267 46 53 52
46 53
46 52


25268 46 53 52
46 53
46 52


25269 46 53 52
46 53
46 52


25270 46 53 52
46 53
46 52


25271 46 53 52
46 53
46 52


25272 46 53 52
46 53
46 52


25273 46 53 52
46 53
46 52


25274 46 53 52
46 53
46 52


25275 46 53 52
46 53
46 52


25276 46 53 52
46 53
46 52


25277 46 53 52
46 53
46 52


25278 46 53 52
46 53
46 52


25279 46 53 52
46 53
46 52


25280 46 53 52
46 53
46 52


25281 46 53 52
46 53
46 52


25282 46 53 52
46 53
46 52


25283 46 53 52
46 53
46 52


25284 46 53 52
46 53
46 52


25285 46 53 52
46 53
46 52


25286 46 53 52
46 53
46 52


25287 46 53 52
46 53
46 52


25288 46 53 52
46 53
46 52


25289 46 53 52
46 53
46 52


25290 46 53 52
46 53
46 52


25291 46 53 52
46 53
46 52


25292 46 53 52
46 53
46 52


25293 46 53 52
46 53
46 52


25294 46 53 52
46 53
46 52


25295 46 53 52
46 53
46 52


25296 46 53 52
46 53
46 52


25297 46 53 52
46 53
46 52


25298 46 53 52
46 53
46 52


25299 46 53 52
46 53
46 52


25300 46 53 52
46 53
46 52


25301 46 53 52
46 53
46 52


25302 46 53 52
46 53
46 52


25303 46 53 52
46 53
46 52


25304 46 53 52
46 53
46 52


25305 46 53 52
46 53
46 52


25306 46 53 52
46 53
46 52


25307 46 53 52
46 53
46 52


25308 46 53 52
46 53
46 52


25309 46 53 52
46 53
46 52


25310 46 53 52
46 53
46 52


25311 46 53 52
46 53
46 52


25312 46 53 52
46 53
46 52


25313 46 53 52
46 53
46 52


25314 46 53 52
46 53
46 52


25315 46 53 52
46 53
46 52


25316 46 53 52
46 53
46 52


25317 46 53 52
46 53
46 52


25318 46 53 52
46 53
46 52


25319 46 53 52
46 53
46 52


25320 46 53 52
46 53
46 52


25321 46 53 52
46 53
46 52


25322 46 53 52
46 53
46 52


25323 46 53 52
46 53
46 52


25324 46 53 52
46 53
46 52


25325 46 53 52
46 53
46 52


25326 46 53 52
46 53
46 52


25327 46 53 52
46 53
46 52


25328 46 53 52
46 53
46 52


25329 46 53 52
46 53
46 52


25330 46 53 52
46 53
46 52


25331 46 53 52
46 53
46 52


25332 46 53 52
46 53
46 52


25333 46 53 52
46 53
46 52


25334 46 53 52
46 53
46 52


25335 46 53 52
46 53
46 52


25336 46 53 52
46 53
46 52


25337 46 53 52
46 53
46 52


25338 46 53 52
46 53
46 52


25339 46 53 52
46 53
46 52


25340 46 53 52
46 53
46 52


25341 46 53 52
46 53
46 52


25342 46 53 52
46 53
46 52


25343 46 53 52
46 53
46 52


25344 46 53 52
46 53
46 52


25345 46 53 52
46 53
46 52


25346 46 53 52
46 53
46 52


25347 46 53 52
46 53
46 52


25348 46 53 52
46 53
46 52


25349 46 53 52
46 53
46 52


25350 46 53 52
46 53
46 52


25351 46 53 52
46 53
46 52


25352 46 53 52
46 53
46 52


25353 46 53 52
46 53
46 52


25354 46 53 52
46 53
46 52


25355 46 53 52
46 53
46 52


25356 46 53 52
46 53
46 52


25357 46 53 52
46 53
46 52


25358 46 53 52
46 53
46 52


25359 46 53 52
46 53
46 52


25360 46 53 52
46 53
46 52


25361 46 53 52
46 53
46 52


25362 46 53 52
46 53
46 52


25363 46 53 52
46 53
46 52


25364 46 53 52
46 53
46 52


25365 46 53 52
46 53
46 52


25366 46 53 52
46 53
46 52


25367 46 53 52
46 53
46 52


25368 46 53 52
46 53
46 52


25369 46 53 52
46 53
46 52


25370 46 53 52
46 53
46 52


25371 46 53 52
46 53
46 52


25372 46 53 52
46 53
46 52


25373 46 53 52
46 53
46 52


25374 46 53 52
46 53
46 52


25375 46 53 52
46 53
46 52


25376 46 53 52
46 53
46 52


25377 46 53 52
46 53
46 52


25378 46 53 52
46 53
46 52


25379 46 53 52
46 53
46 52


25380 46 53 52
46 53
46 52


25381 46 53 52
46 53
46 52


25382 46 53 52
46 53
46 52


25383 46 53 52
46 53
46 52


25384 46 53 52
46 53
46 52


25385 46 53 52
46 53
46 52


25386 46 53 52
46 53
46 52


25387 46 53 52
46 53
46 52


25388 46 53 52
46 53
46 52


25389 46 53 52
46 53
46 52


25390 46 53 52
46 53
46 52


25391 46 53 52
46 53
46 52


25392 46 53 52
46 53
46 52


25393 46 53 52
46 53
46 52


25394 46 53 52
46 53
46 52


25395 46 53 52
46 53
46 52


25396 46 53 52
46 53
46 52


25397 46 53 52
46 53
46 52


25398 46 53 52
46 53
46 52


25399 46 53 52
46 53
46 52


25400 46 53 52
46 53
46 52


25401 46 53 52
46 53
46 52


25402 46 53 52
46 53
46 52


25403 46 53 52
46 53
46 52


25404 46 53 52
46 53
46 52


25405 46 53 52
46 53
46 52


25406 46 53 52
46 53
46 52


25407 46 53 52
46 53
46 52


25408 46 53 52
46 53
46 52


25409 46 53 52
46 53
46 52


25410 46 53 52
46 53
46 52


25411 46 53 52
46 53
46 52


25412 46 53 52
46 53
46 52


25413 46 53 52
46 53
46 52


25414 46 53 52
46 53
46 52


25415 46 53 52
46 53
46 52


25416 46 53 52
46 53
46 52


25417 46 53 52
46 53
46 52


25418 46 53 52
46 53
46 52


25419 46 53 52
46 53
46 52


25420 46 53 52
46 53
46 52


25421 46 53 52
46 53
46 52


25422 46 53 52
46 53
46 52


25423 46 53 52
46 53
46 52


25424 46 53 52
46 53
46 52


25425 46 53 52
46 53
46 52


25426 46 53 52
46 53
46 52


25427 46 53 52
46 53
46 52


25428 46 53 52
46 53
46 52


25429 46 53 52
46 53
46 52


25430 46 53 52
46 53
46 52


25431 46 53 52
46 53
46 52


25432 46 53 52
46 53
46 52


25433 46 53 52
46 53
46 52


25434 46 53 52
46 53
46 52


25435 46 53 52
46 53
46 52


25436 46 53 52
46 53
46 52


25437 46 53 52
46 53
46 52


25438 46 53 52
46 53
46 52


25439 46 53 52
46 53
46 52


25440 46 53 52
46 53
46 52


25441 46 53 52
46 53
46 52


25442 46 53 52
46 53
46 52


25443 46 53 52
46 53
46 52


25444 46 53 52
46 53
46 52


25445 46 53 52
46 53
46 52


25446 46 53 52
46 53
46 52


25447 46 53 52
46 53
46 52


25448 46 53 52
46 53
46 52


25449 46 53 52
46 53
46 52


25450 46 53 52
46 53
46 52


25451 46 53 52
46 53
46 52


25452 46 53 52
46 53
46 52


25453 46 53 52
46 53
46 52


25454 46 53 52
46 53
46 52


25455 46 53 52
46 53
46 52


25456 46 53 52
46 53
46 52


25457 46 53 52
46 53
46 52


25458 46 53 52
46 53
46 52


25459 46 53 52
46 53
46 52


25460 46 53 52
46 53
46 52


25461 46 53 52
46 53
46 52


25462 46 53 52
46 53
46 52


25463 46 53 52
46 53
46 52


25464 46 53 52
46 53
46 52


25465 46 53 52
46 53
46 52


25466 46 53 52
46 53
46 52


25467 46 53 52
46 53
46 52


25468 46 53 52
46 53
46 52


25469 46 53 52
46 53
46 52


25470 46 53 52
46 53
46 52


25471 46 53 52
46 53
46 52


25472 46 53 52
46 53
46 52


25473 46 53 52
46 53
46 52


25474 46 53 52
46 53
46 52


25475 46 53 52
46 53
46 52


25476 46 53 52
46 53
46 52


25477 46 53 52
46 53
46 52


25478 46 53 52
46 53
46 52


25479 46 53 52
46 53
46 52


25480 46 53 52
46 53
46 52


25481 46 53 52
46 53
46 52


25482 46 53 52
46 53
46 52


25483 46 53 52
46 53
46 52


25484 46 53 52
46 53
46 52


25485 46 53 52
46 53
46 52


25486 46 53 52
46 53
46 52


25487 46 53 52
46 53
46 52


25488 46 53 52
46 53
46 52


25489 46 53 52
46 53
46 52


25490 46 53 52
46 53
46 52


25491 46 53 52
46 53
46 52


25492 46 53 52
46 53
46 52


25493 46 53 52
46 53
46 52


25494 46 53 52
46 53
46 52


25495 46 53 52
46 53
46 52


25496 46 53 52
46 53
46 52


25497 46 53 52
46 53
46 52


25498 46 53 52
46 53
46 52


25499 46 53 52
46 53
46 52


25500 46 53 52
46 53
46 52


25501 46 53 52
46 53
46 52


25502 46 53 52
46 53
46 52


25503 46 53 52
46 53
46 52


25504 46 53 52
46 53
46 52


25505 46 53 52
46 53
46 52


25506 46 53 52
46 53
46 52


25507 46 53 52
46 53
46 52


25508 46 53 52
46 53
46 52


25509 46 53 52
46 53
46 52


25510 46 53 52
46 53
46 52


25511 46 53 52
46 53
46 52


25512 46 53 52
46 53
46 52


25513 46 53 52
46 53
46 52


25514 46 53 52
46 53
46 52


25515 46 53 52
46 53
46 52


25516 46 53 52
46 53
46 52


25517 46 53 52
46 53
46 52


25518 46 53 52
46 53
46 52


25519 46 53 52
46 53
46 52


25520 46 53 52
46 53
46 52


25521 46 53 52
46 53
46 52


25522 46 53 52
46 53
46 52


25523 46 53 52
46 53
46 52


25524 46 53 52
46 53
46 52


25525 46 53 52
46 53
46 52


25526 46 53 52
46 53
46 52


25527 46 53 52
46 53
46 52


25528 46 53 52
46 53
46 52


25529 46 53 52
46 53
46 52


25530 46 53 52
46 53
46 52


25531 46 53 52
46 53
46 52


25532 46 53 52
46 53
46 52


25533 46 53 52
46 53
46 52


25534 46 53 52
46 53
46 52


25535 46 53 52
46 53
46 52


25536 46 53 52
46 53
46 52


25537 46 53 52
46 53
46 52


25538 46 53 52
46 53
46 52


25539 46 53 52
46 53
46 52


