0 2 0 5
2 0
2 5


1 2 0 5
2 0
2 5


2 2 0 5
2 0
2 5


3 2 0 5
2 0
2 5


4 2 0 5
2 0
2 5


5 2 0 5
2 0
2 5


6 2 0 5
2 0
2 5


7 2 0 5
2 0
2 5


8 2 0 5
2 0
2 5


9 2 0 5
2 0
2 5


10 2 0 5
2 0
2 5


11 2 0 5
2 0
2 5


12 2 0 5
2 0
2 5


13 2 0 5
2 0
2 5


14 2 0 5
2 0
2 5


15 2 0 5
2 0
2 5


162 5 3 6
5 3
5 6


163 5 3 6
5 3
5 6


164 5 3 6
5 3
5 6


165 5 3 6
5 3
5 6


166 5 3 6
5 3
5 6


167 5 3 6
5 3
5 6


168 5 3 6
5 3
5 6


169 5 3 6
5 3
5 6


170 5 3 6
5 3
5 6


171 5 3 6
5 3
5 6


172 5 3 6
5 3
5 6


173 5 3 6
5 3
5 6


174 5 3 6
5 3
5 6


175 5 3 6
5 3
5 6


176 5 3 6
5 3
5 6


177 5 3 6
5 3
5 6


243 10 9 12
10 9
10 12


244 10 9 12
10 9
10 12


245 10 9 12
10 9
10 12


246 10 9 12
10 9
10 12


247 10 9 12
10 9
10 12


248 10 9 12
10 9
10 12


249 10 9 12
10 9
10 12


250 10 9 12
10 9
10 12


251 10 9 12
10 9
10 12


252 10 9 12
10 9
10 12


253 10 9 12
10 9
10 12


254 10 9 12
10 9
10 12


255 10 9 12
10 9
10 12


256 10 9 12
10 9
10 12


257 10 9 12
10 9
10 12


258 10 9 12
10 9
10 12


324 0 5 3
0 5
0 3


325 0 5 3
0 5
0 3


326 0 5 3
0 5
0 3


327 0 5 3
0 5
0 3


328 0 5 3
0 5
0 3


329 0 5 3
0 5
0 3


330 0 5 3
0 5
0 3


331 0 5 3
0 5
0 3


332 0 5 3
0 5
0 3


333 0 5 3
0 5
0 3


334 0 5 3
0 5
0 3


335 0 5 3
0 5
0 3


336 0 5 3
0 5
0 3


337 0 5 3
0 5
0 3


338 0 5 3
0 5
0 3


339 0 5 3
0 5
0 3


340 0 5 3
0 5
0 3


341 0 5 3
0 5
0 3


342 0 5 3
0 5
0 3


343 0 5 3
0 5
0 3


344 0 5 3
0 5
0 3


345 0 5 3
0 5
0 3


346 0 5 3
0 5
0 3


347 0 5 3
0 5
0 3


348 0 5 3
0 5
0 3


349 0 5 3
0 5
0 3


350 0 5 3
0 5
0 3


351 0 5 3
0 5
0 3


352 0 5 3
0 5
0 3


353 0 5 3
0 5
0 3


354 0 5 3
0 5
0 3


355 0 5 3
0 5
0 3


356 0 5 3
0 5
0 3


357 0 5 3
0 5
0 3


358 0 5 3
0 5
0 3


359 0 5 3
0 5
0 3


360 0 5 3
0 5
0 3


361 0 5 3
0 5
0 3


362 0 5 3
0 5
0 3


363 0 5 3
0 5
0 3


364 0 5 3
0 5
0 3


365 0 5 3
0 5
0 3


366 0 5 3
0 5
0 3


367 0 5 3
0 5
0 3


368 0 5 3
0 5
0 3


369 0 5 3
0 5
0 3


370 0 5 3
0 5
0 3


371 0 5 3
0 5
0 3


372 0 5 3
0 5
0 3


373 0 5 3
0 5
0 3


374 0 5 3
0 5
0 3


375 0 5 3
0 5
0 3


376 0 5 3
0 5
0 3


377 0 5 3
0 5
0 3


378 0 5 3
0 5
0 3


379 0 5 3
0 5
0 3


380 0 5 3
0 5
0 3


381 0 5 3
0 5
0 3


382 0 5 3
0 5
0 3


383 0 5 3
0 5
0 3


384 0 5 3
0 5
0 3


385 0 5 3
0 5
0 3


386 0 5 3
0 5
0 3


387 0 5 3
0 5
0 3


645 6 15 9
6 15
6 9


646 6 15 9
6 15
6 9


647 6 15 9
6 15
6 9


648 6 15 9
6 15
6 9


649 6 15 9
6 15
6 9


650 6 15 9
6 15
6 9


651 6 15 9
6 15
6 9


652 6 15 9
6 15
6 9


653 6 15 9
6 15
6 9


654 6 15 9
6 15
6 9


655 6 15 9
6 15
6 9


656 6 15 9
6 15
6 9


657 6 15 9
6 15
6 9


658 6 15 9
6 15
6 9


659 6 15 9
6 15
6 9


660 6 15 9
6 15
6 9


661 6 15 9
6 15
6 9


662 6 15 9
6 15
6 9


663 6 15 9
6 15
6 9


664 6 15 9
6 15
6 9


665 6 15 9
6 15
6 9


666 6 15 9
6 15
6 9


667 6 15 9
6 15
6 9


668 6 15 9
6 15
6 9


669 6 15 9
6 15
6 9


670 6 15 9
6 15
6 9


671 6 15 9
6 15
6 9


672 6 15 9
6 15
6 9


673 6 15 9
6 15
6 9


674 6 15 9
6 15
6 9


675 6 15 9
6 15
6 9


676 6 15 9
6 15
6 9


677 6 15 9
6 15
6 9


678 6 15 9
6 15
6 9


679 6 15 9
6 15
6 9


680 6 15 9
6 15
6 9


681 6 15 9
6 15
6 9


682 6 15 9
6 15
6 9


683 6 15 9
6 15
6 9


684 6 15 9
6 15
6 9


685 6 15 9
6 15
6 9


686 6 15 9
6 15
6 9


687 6 15 9
6 15
6 9


688 6 15 9
6 15
6 9


689 6 15 9
6 15
6 9


690 6 15 9
6 15
6 9


691 6 15 9
6 15
6 9


692 6 15 9
6 15
6 9


693 6 15 9
6 15
6 9


694 6 15 9
6 15
6 9


695 6 15 9
6 15
6 9


696 6 15 9
6 15
6 9


697 6 15 9
6 15
6 9


698 6 15 9
6 15
6 9


699 6 15 9
6 15
6 9


700 6 15 9
6 15
6 9


701 6 15 9
6 15
6 9


702 6 15 9
6 15
6 9


703 6 15 9
6 15
6 9


704 6 15 9
6 15
6 9


705 6 15 9
6 15
6 9


706 6 15 9
6 15
6 9


707 6 15 9
6 15
6 9


708 6 15 9
6 15
6 9


709 6 15 9
6 15
6 9


710 6 15 9
6 15
6 9


711 6 15 9
6 15
6 9


712 6 15 9
6 15
6 9


713 6 15 9
6 15
6 9


714 6 15 9
6 15
6 9


715 6 15 9
6 15
6 9


716 6 15 9
6 15
6 9


717 6 15 9
6 15
6 9


718 6 15 9
6 15
6 9


719 6 15 9
6 15
6 9


720 6 15 9
6 15
6 9


721 6 15 9
6 15
6 9


722 6 15 9
6 15
6 9


723 6 15 9
6 15
6 9


724 6 15 9
6 15
6 9


725 6 15 9
6 15
6 9


726 6 15 9
6 15
6 9


727 6 15 9
6 15
6 9


728 6 15 9
6 15
6 9


729 6 15 9
6 15
6 9


730 6 15 9
6 15
6 9


731 6 15 9
6 15
6 9


732 6 15 9
6 15
6 9


733 6 15 9
6 15
6 9


734 6 15 9
6 15
6 9


735 6 15 9
6 15
6 9


736 6 15 9
6 15
6 9


737 6 15 9
6 15
6 9


738 6 15 9
6 15
6 9


739 6 15 9
6 15
6 9


740 6 15 9
6 15
6 9


741 6 15 9
6 15
6 9


742 6 15 9
6 15
6 9


743 6 15 9
6 15
6 9


744 6 15 9
6 15
6 9


745 6 15 9
6 15
6 9


746 6 15 9
6 15
6 9


747 6 15 9
6 15
6 9


748 6 15 9
6 15
6 9


749 6 15 9
6 15
6 9


750 6 15 9
6 15
6 9


751 6 15 9
6 15
6 9


752 6 15 9
6 15
6 9


753 6 15 9
6 15
6 9


754 6 15 9
6 15
6 9


755 6 15 9
6 15
6 9


756 6 15 9
6 15
6 9


757 6 15 9
6 15
6 9


758 6 15 9
6 15
6 9


759 6 15 9
6 15
6 9


760 6 15 9
6 15
6 9


761 6 15 9
6 15
6 9


762 6 15 9
6 15
6 9


763 6 15 9
6 15
6 9


764 6 15 9
6 15
6 9


765 6 15 9
6 15
6 9


766 6 15 9
6 15
6 9


767 6 15 9
6 15
6 9


768 6 15 9
6 15
6 9


769 6 15 9
6 15
6 9


770 6 15 9
6 15
6 9


771 6 15 9
6 15
6 9


772 6 15 9
6 15
6 9


1034 10 0 5
10 0
10 5


1035 10 0 5
10 0
10 5


1036 10 0 5
10 0
10 5


1037 10 0 5
10 0
10 5


1038 10 0 5
10 0
10 5


1039 10 0 5
10 0
10 5


1040 10 0 5
10 0
10 5


1041 10 0 5
10 0
10 5


1042 10 0 5
10 0
10 5


1043 10 0 5
10 0
10 5


1044 10 0 5
10 0
10 5


1045 10 0 5
10 0
10 5


1046 10 0 5
10 0
10 5


1047 10 0 5
10 0
10 5


1048 10 0 5
10 0
10 5


1049 10 0 5
10 0
10 5


1115 12 3 6
12 3
12 6


1116 12 3 6
12 3
12 6


1117 12 3 6
12 3
12 6


1118 12 3 6
12 3
12 6


1119 12 3 6
12 3
12 6


1120 12 3 6
12 3
12 6


1121 12 3 6
12 3
12 6


1122 12 3 6
12 3
12 6


1123 12 3 6
12 3
12 6


1124 12 3 6
12 3
12 6


1125 12 3 6
12 3
12 6


1126 12 3 6
12 3
12 6


1127 12 3 6
12 3
12 6


1128 12 3 6
12 3
12 6


1129 12 3 6
12 3
12 6


1130 12 3 6
12 3
12 6


1973 9 3 6
9 3
9 6


1974 9 3 6
9 3
9 6


1975 9 3 6
9 3
9 6


1976 9 3 6
9 3
9 6


1977 9 3 6
9 3
9 6


1978 9 3 6
9 3
9 6


1979 9 3 6
9 3
9 6


1980 9 3 6
9 3
9 6


1981 9 3 6
9 3
9 6


1982 9 3 6
9 3
9 6


1983 9 3 6
9 3
9 6


1984 9 3 6
9 3
9 6


1985 9 3 6
9 3
9 6


1986 9 3 6
9 3
9 6


1987 9 3 6
9 3
9 6


1988 9 3 6
9 3
9 6


1989 9 3 6
9 3
9 6


1990 9 3 6
9 3
9 6


1991 9 3 6
9 3
9 6


1992 9 3 6
9 3
9 6


1993 9 3 6
9 3
9 6


1994 9 3 6
9 3
9 6


1995 9 3 6
9 3
9 6


1996 9 3 6
9 3
9 6


1997 9 3 6
9 3
9 6


1998 9 3 6
9 3
9 6


1999 9 3 6
9 3
9 6


2000 9 3 6
9 3
9 6


2001 9 3 6
9 3
9 6


2002 9 3 6
9 3
9 6


2003 9 3 6
9 3
9 6


2004 9 3 6
9 3
9 6


2005 9 3 6
9 3
9 6


2006 9 3 6
9 3
9 6


2007 9 3 6
9 3
9 6


2008 9 3 6
9 3
9 6


2009 9 3 6
9 3
9 6


2010 9 3 6
9 3
9 6


2011 9 3 6
9 3
9 6


2012 9 3 6
9 3
9 6


2013 9 3 6
9 3
9 6


2014 9 3 6
9 3
9 6


2015 9 3 6
9 3
9 6


2016 9 3 6
9 3
9 6


2017 9 3 6
9 3
9 6


2018 9 3 6
9 3
9 6


2019 9 3 6
9 3
9 6


2020 9 3 6
9 3
9 6


2021 9 3 6
9 3
9 6


2022 9 3 6
9 3
9 6


2023 9 3 6
9 3
9 6


2024 9 3 6
9 3
9 6


2025 9 3 6
9 3
9 6


2026 9 3 6
9 3
9 6


2027 9 3 6
9 3
9 6


2028 9 3 6
9 3
9 6


2029 9 3 6
9 3
9 6


2030 9 3 6
9 3
9 6


2031 9 3 6
9 3
9 6


2032 9 3 6
9 3
9 6


2033 9 3 6
9 3
9 6


2034 9 3 6
9 3
9 6


2035 9 3 6
9 3
9 6


2036 9 3 6
9 3
9 6


2037 9 3 6
9 3
9 6


2038 9 3 6
9 3
9 6


2039 9 3 6
9 3
9 6


2040 9 3 6
9 3
9 6


2041 9 3 6
9 3
9 6


2042 9 3 6
9 3
9 6


2043 9 3 6
9 3
9 6


2044 9 3 6
9 3
9 6


2045 9 3 6
9 3
9 6


2046 9 3 6
9 3
9 6


2047 9 3 6
9 3
9 6


2048 9 3 6
9 3
9 6


2049 9 3 6
9 3
9 6


2050 9 3 6
9 3
9 6


2051 9 3 6
9 3
9 6


2052 9 3 6
9 3
9 6


2053 9 3 6
9 3
9 6


2054 9 3 6
9 3
9 6


2055 9 3 6
9 3
9 6


2056 9 3 6
9 3
9 6


2057 9 3 6
9 3
9 6


2058 9 3 6
9 3
9 6


2059 9 3 6
9 3
9 6


2060 9 3 6
9 3
9 6


2061 9 3 6
9 3
9 6


2062 9 3 6
9 3
9 6


2063 9 3 6
9 3
9 6


2064 9 3 6
9 3
9 6


2065 9 3 6
9 3
9 6


2066 9 3 6
9 3
9 6


2067 9 3 6
9 3
9 6


2068 9 3 6
9 3
9 6


2069 9 3 6
9 3
9 6


2070 9 3 6
9 3
9 6


2071 9 3 6
9 3
9 6


2072 9 3 6
9 3
9 6


2073 9 3 6
9 3
9 6


2074 9 3 6
9 3
9 6


2075 9 3 6
9 3
9 6


2076 9 3 6
9 3
9 6


2077 9 3 6
9 3
9 6


2078 9 3 6
9 3
9 6


2079 9 3 6
9 3
9 6


2080 9 3 6
9 3
9 6


2081 9 3 6
9 3
9 6


2082 9 3 6
9 3
9 6


2083 9 3 6
9 3
9 6


2084 9 3 6
9 3
9 6


2085 9 3 6
9 3
9 6


2086 9 3 6
9 3
9 6


2087 9 3 6
9 3
9 6


2088 9 3 6
9 3
9 6


2089 9 3 6
9 3
9 6


2090 9 3 6
9 3
9 6


2091 9 3 6
9 3
9 6


2092 9 3 6
9 3
9 6


2093 9 3 6
9 3
9 6


2094 9 3 6
9 3
9 6


2095 9 3 6
9 3
9 6


2096 9 3 6
9 3
9 6


2097 9 3 6
9 3
9 6


2098 9 3 6
9 3
9 6


2099 9 3 6
9 3
9 6


2100 9 3 6
9 3
9 6


3401 3 10 15
3 10
3 15


3402 3 10 15
3 10
3 15


3403 3 10 15
3 10
3 15


3404 3 10 15
3 10
3 15


3405 3 10 15
3 10
3 15


3406 3 10 15
3 10
3 15


3407 3 10 15
3 10
3 15


3408 3 10 15
3 10
3 15


3409 3 10 15
3 10
3 15


3410 3 10 15
3 10
3 15


3411 3 10 15
3 10
3 15


3412 3 10 15
3 10
3 15


3413 3 10 15
3 10
3 15


3414 3 10 15
3 10
3 15


3415 3 10 15
3 10
3 15


3416 3 10 15
3 10
3 15


3417 3 10 15
3 10
3 15


3418 3 10 15
3 10
3 15


3419 3 10 15
3 10
3 15


3420 3 10 15
3 10
3 15


3421 3 10 15
3 10
3 15


3422 3 10 15
3 10
3 15


3423 3 10 15
3 10
3 15


3424 3 10 15
3 10
3 15


3425 3 10 15
3 10
3 15


3426 3 10 15
3 10
3 15


3427 3 10 15
3 10
3 15


3428 3 10 15
3 10
3 15


3429 3 10 15
3 10
3 15


3430 3 10 15
3 10
3 15


3431 3 10 15
3 10
3 15


3432 3 10 15
3 10
3 15


3433 3 10 15
3 10
3 15


3434 3 10 15
3 10
3 15


3435 3 10 15
3 10
3 15


3436 3 10 15
3 10
3 15


3437 3 10 15
3 10
3 15


3438 3 10 15
3 10
3 15


3439 3 10 15
3 10
3 15


3440 3 10 15
3 10
3 15


3441 3 10 15
3 10
3 15


3442 3 10 15
3 10
3 15


3443 3 10 15
3 10
3 15


3444 3 10 15
3 10
3 15


3445 3 10 15
3 10
3 15


3446 3 10 15
3 10
3 15


3447 3 10 15
3 10
3 15


3448 3 10 15
3 10
3 15


3449 3 10 15
3 10
3 15


3450 3 10 15
3 10
3 15


3451 3 10 15
3 10
3 15


3452 3 10 15
3 10
3 15


3453 3 10 15
3 10
3 15


3454 3 10 15
3 10
3 15


3455 3 10 15
3 10
3 15


3456 3 10 15
3 10
3 15


3457 3 10 15
3 10
3 15


3458 3 10 15
3 10
3 15


3459 3 10 15
3 10
3 15


3460 3 10 15
3 10
3 15


3461 3 10 15
3 10
3 15


3462 3 10 15
3 10
3 15


3463 3 10 15
3 10
3 15


3464 3 10 15
3 10
3 15


3465 3 10 15
3 10
3 15


3466 3 10 15
3 10
3 15


3467 3 10 15
3 10
3 15


3468 3 10 15
3 10
3 15


3469 3 10 15
3 10
3 15


3470 3 10 15
3 10
3 15


3471 3 10 15
3 10
3 15


3472 3 10 15
3 10
3 15


3473 3 10 15
3 10
3 15


3474 3 10 15
3 10
3 15


3475 3 10 15
3 10
3 15


3476 3 10 15
3 10
3 15


3477 3 10 15
3 10
3 15


3478 3 10 15
3 10
3 15


3479 3 10 15
3 10
3 15


3480 3 10 15
3 10
3 15


3481 3 10 15
3 10
3 15


3482 3 10 15
3 10
3 15


3483 3 10 15
3 10
3 15


3484 3 10 15
3 10
3 15


3485 3 10 15
3 10
3 15


3486 3 10 15
3 10
3 15


3487 3 10 15
3 10
3 15


3488 3 10 15
3 10
3 15


3489 3 10 15
3 10
3 15


3490 3 10 15
3 10
3 15


3491 3 10 15
3 10
3 15


3492 3 10 15
3 10
3 15


3493 3 10 15
3 10
3 15


3494 3 10 15
3 10
3 15


3495 3 10 15
3 10
3 15


3496 3 10 15
3 10
3 15


3497 3 10 15
3 10
3 15


3498 3 10 15
3 10
3 15


3499 3 10 15
3 10
3 15


3500 3 10 15
3 10
3 15


3501 3 10 15
3 10
3 15


3502 3 10 15
3 10
3 15


3503 3 10 15
3 10
3 15


3504 3 10 15
3 10
3 15


3505 3 10 15
3 10
3 15


3506 3 10 15
3 10
3 15


3507 3 10 15
3 10
3 15


3508 3 10 15
3 10
3 15


3509 3 10 15
3 10
3 15


3510 3 10 15
3 10
3 15


3511 3 10 15
3 10
3 15


3512 3 10 15
3 10
3 15


3513 3 10 15
3 10
3 15


3514 3 10 15
3 10
3 15


3515 3 10 15
3 10
3 15


3516 3 10 15
3 10
3 15


3517 3 10 15
3 10
3 15


3518 3 10 15
3 10
3 15


3519 3 10 15
3 10
3 15


3520 3 10 15
3 10
3 15


3521 3 10 15
3 10
3 15


3522 3 10 15
3 10
3 15


3523 3 10 15
3 10
3 15


3524 3 10 15
3 10
3 15


3525 3 10 15
3 10
3 15


3526 3 10 15
3 10
3 15


3527 3 10 15
3 10
3 15


3528 3 10 15
3 10
3 15


4829 12 5 3
12 5
12 3


4830 12 5 3
12 5
12 3


4831 12 5 3
12 5
12 3


4832 12 5 3
12 5
12 3


4833 12 5 3
12 5
12 3


4834 12 5 3
12 5
12 3


4835 12 5 3
12 5
12 3


4836 12 5 3
12 5
12 3


4837 12 5 3
12 5
12 3


4838 12 5 3
12 5
12 3


4839 12 5 3
12 5
12 3


4840 12 5 3
12 5
12 3


4841 12 5 3
12 5
12 3


4842 12 5 3
12 5
12 3


4843 12 5 3
12 5
12 3


4844 12 5 3
12 5
12 3


4845 12 5 3
12 5
12 3


4846 12 5 3
12 5
12 3


4847 12 5 3
12 5
12 3


4848 12 5 3
12 5
12 3


4849 12 5 3
12 5
12 3


4850 12 5 3
12 5
12 3


4851 12 5 3
12 5
12 3


4852 12 5 3
12 5
12 3


4853 12 5 3
12 5
12 3


4854 12 5 3
12 5
12 3


4855 12 5 3
12 5
12 3


4856 12 5 3
12 5
12 3


4857 12 5 3
12 5
12 3


4858 12 5 3
12 5
12 3


4859 12 5 3
12 5
12 3


4860 12 5 3
12 5
12 3


4861 12 5 3
12 5
12 3


4862 12 5 3
12 5
12 3


4863 12 5 3
12 5
12 3


4864 12 5 3
12 5
12 3


4865 12 5 3
12 5
12 3


4866 12 5 3
12 5
12 3


4867 12 5 3
12 5
12 3


4868 12 5 3
12 5
12 3


4869 12 5 3
12 5
12 3


4870 12 5 3
12 5
12 3


4871 12 5 3
12 5
12 3


4872 12 5 3
12 5
12 3


4873 12 5 3
12 5
12 3


4874 12 5 3
12 5
12 3


4875 12 5 3
12 5
12 3


4876 12 5 3
12 5
12 3


4877 12 5 3
12 5
12 3


4878 12 5 3
12 5
12 3


4879 12 5 3
12 5
12 3


4880 12 5 3
12 5
12 3


4881 12 5 3
12 5
12 3


4882 12 5 3
12 5
12 3


4883 12 5 3
12 5
12 3


4884 12 5 3
12 5
12 3


4885 12 5 3
12 5
12 3


4886 12 5 3
12 5
12 3


4887 12 5 3
12 5
12 3


4888 12 5 3
12 5
12 3


4889 12 5 3
12 5
12 3


4890 12 5 3
12 5
12 3


4891 12 5 3
12 5
12 3


4892 12 5 3
12 5
12 3


4893 12 5 3
12 5
12 3


4894 12 5 3
12 5
12 3


4895 12 5 3
12 5
12 3


4896 12 5 3
12 5
12 3


4897 12 5 3
12 5
12 3


4898 12 5 3
12 5
12 3


4899 12 5 3
12 5
12 3


4900 12 5 3
12 5
12 3


4901 12 5 3
12 5
12 3


4902 12 5 3
12 5
12 3


4903 12 5 3
12 5
12 3


4904 12 5 3
12 5
12 3


4905 12 5 3
12 5
12 3


4906 12 5 3
12 5
12 3


4907 12 5 3
12 5
12 3


4908 12 5 3
12 5
12 3


4909 12 5 3
12 5
12 3


4910 12 5 3
12 5
12 3


4911 12 5 3
12 5
12 3


4912 12 5 3
12 5
12 3


4913 12 5 3
12 5
12 3


4914 12 5 3
12 5
12 3


4915 12 5 3
12 5
12 3


4916 12 5 3
12 5
12 3


4917 12 5 3
12 5
12 3


4918 12 5 3
12 5
12 3


4919 12 5 3
12 5
12 3


4920 12 5 3
12 5
12 3


4921 12 5 3
12 5
12 3


4922 12 5 3
12 5
12 3


4923 12 5 3
12 5
12 3


4924 12 5 3
12 5
12 3


4925 12 5 3
12 5
12 3


4926 12 5 3
12 5
12 3


4927 12 5 3
12 5
12 3


4928 12 5 3
12 5
12 3


4929 12 5 3
12 5
12 3


4930 12 5 3
12 5
12 3


4931 12 5 3
12 5
12 3


4932 12 5 3
12 5
12 3


4933 12 5 3
12 5
12 3


4934 12 5 3
12 5
12 3


4935 12 5 3
12 5
12 3


4936 12 5 3
12 5
12 3


4937 12 5 3
12 5
12 3


4938 12 5 3
12 5
12 3


4939 12 5 3
12 5
12 3


4940 12 5 3
12 5
12 3


4941 12 5 3
12 5
12 3


4942 12 5 3
12 5
12 3


4943 12 5 3
12 5
12 3


4944 12 5 3
12 5
12 3


4945 12 5 3
12 5
12 3


4946 12 5 3
12 5
12 3


4947 12 5 3
12 5
12 3


4948 12 5 3
12 5
12 3


4949 12 5 3
12 5
12 3


4950 12 5 3
12 5
12 3


4951 12 5 3
12 5
12 3


4952 12 5 3
12 5
12 3


4953 12 5 3
12 5
12 3


4954 12 5 3
12 5
12 3


4955 12 5 3
12 5
12 3


4956 12 5 3
12 5
12 3


6257 12 15 9
12 15
12 9


6258 12 15 9
12 15
12 9


6259 12 15 9
12 15
12 9


6260 12 15 9
12 15
12 9


6261 12 15 9
12 15
12 9


6262 12 15 9
12 15
12 9


6263 12 15 9
12 15
12 9


6264 12 15 9
12 15
12 9


6265 12 15 9
12 15
12 9


6266 12 15 9
12 15
12 9


6267 12 15 9
12 15
12 9


6268 12 15 9
12 15
12 9


6269 12 15 9
12 15
12 9


6270 12 15 9
12 15
12 9


6271 12 15 9
12 15
12 9


6272 12 15 9
12 15
12 9


6273 12 15 9
12 15
12 9


6274 12 15 9
12 15
12 9


6275 12 15 9
12 15
12 9


6276 12 15 9
12 15
12 9


6277 12 15 9
12 15
12 9


6278 12 15 9
12 15
12 9


6279 12 15 9
12 15
12 9


6280 12 15 9
12 15
12 9


6281 12 15 9
12 15
12 9


6282 12 15 9
12 15
12 9


6283 12 15 9
12 15
12 9


6284 12 15 9
12 15
12 9


6285 12 15 9
12 15
12 9


6286 12 15 9
12 15
12 9


6287 12 15 9
12 15
12 9


6288 12 15 9
12 15
12 9


6289 12 15 9
12 15
12 9


6290 12 15 9
12 15
12 9


6291 12 15 9
12 15
12 9


6292 12 15 9
12 15
12 9


6293 12 15 9
12 15
12 9


6294 12 15 9
12 15
12 9


6295 12 15 9
12 15
12 9


6296 12 15 9
12 15
12 9


6297 12 15 9
12 15
12 9


6298 12 15 9
12 15
12 9


6299 12 15 9
12 15
12 9


6300 12 15 9
12 15
12 9


6301 12 15 9
12 15
12 9


6302 12 15 9
12 15
12 9


6303 12 15 9
12 15
12 9


6304 12 15 9
12 15
12 9


6305 12 15 9
12 15
12 9


6306 12 15 9
12 15
12 9


6307 12 15 9
12 15
12 9


6308 12 15 9
12 15
12 9


6309 12 15 9
12 15
12 9


6310 12 15 9
12 15
12 9


6311 12 15 9
12 15
12 9


6312 12 15 9
12 15
12 9


6313 12 15 9
12 15
12 9


6314 12 15 9
12 15
12 9


6315 12 15 9
12 15
12 9


6316 12 15 9
12 15
12 9


6317 12 15 9
12 15
12 9


6318 12 15 9
12 15
12 9


6319 12 15 9
12 15
12 9


6320 12 15 9
12 15
12 9


6321 12 15 9
12 15
12 9


6322 12 15 9
12 15
12 9


6323 12 15 9
12 15
12 9


6324 12 15 9
12 15
12 9


6325 12 15 9
12 15
12 9


6326 12 15 9
12 15
12 9


6327 12 15 9
12 15
12 9


6328 12 15 9
12 15
12 9


6329 12 15 9
12 15
12 9


6330 12 15 9
12 15
12 9


6331 12 15 9
12 15
12 9


6332 12 15 9
12 15
12 9


6333 12 15 9
12 15
12 9


6334 12 15 9
12 15
12 9


6335 12 15 9
12 15
12 9


6336 12 15 9
12 15
12 9


6337 12 15 9
12 15
12 9


6338 12 15 9
12 15
12 9


6339 12 15 9
12 15
12 9


6340 12 15 9
12 15
12 9


6341 12 15 9
12 15
12 9


6342 12 15 9
12 15
12 9


6343 12 15 9
12 15
12 9


6344 12 15 9
12 15
12 9


6345 12 15 9
12 15
12 9


6346 12 15 9
12 15
12 9


6347 12 15 9
12 15
12 9


6348 12 15 9
12 15
12 9


6349 12 15 9
12 15
12 9


6350 12 15 9
12 15
12 9


6351 12 15 9
12 15
12 9


6352 12 15 9
12 15
12 9


6353 12 15 9
12 15
12 9


6354 12 15 9
12 15
12 9


6355 12 15 9
12 15
12 9


6356 12 15 9
12 15
12 9


6357 12 15 9
12 15
12 9


6358 12 15 9
12 15
12 9


6359 12 15 9
12 15
12 9


6360 12 15 9
12 15
12 9


6361 12 15 9
12 15
12 9


6362 12 15 9
12 15
12 9


6363 12 15 9
12 15
12 9


6364 12 15 9
12 15
12 9


6365 12 15 9
12 15
12 9


6366 12 15 9
12 15
12 9


6367 12 15 9
12 15
12 9


6368 12 15 9
12 15
12 9


6369 12 15 9
12 15
12 9


6370 12 15 9
12 15
12 9


6371 12 15 9
12 15
12 9


6372 12 15 9
12 15
12 9


6373 12 15 9
12 15
12 9


6374 12 15 9
12 15
12 9


6375 12 15 9
12 15
12 9


6376 12 15 9
12 15
12 9


6377 12 15 9
12 15
12 9


6378 12 15 9
12 15
12 9


6379 12 15 9
12 15
12 9


6380 12 15 9
12 15
12 9


6381 12 15 9
12 15
12 9


6382 12 15 9
12 15
12 9


6383 12 15 9
12 15
12 9


6384 12 15 9
12 15
12 9


