1 396
505 7
505 13
505 2
3838 7
3838 13
3838 2
4343 7
4343 13
4343 2
11514 7
11514 13
11514 2
13130 7
13130 13
13130 2
20806 7
20806 13
20806 2
21816 7
21816 13
21816 2
22119 7
22119 13
22119 2
22220 7
22220 13
22220 2
23937 7
23937 13
23937 2
24139 7
24139 13
24139 2
24341 7
24341 13
24341 2
24543 7
24543 13
24543 2
25048 7
25048 13
25048 2
25755 7
25755 13
25755 2
31916 7
31916 13
31916 2
32825 7
32825 13
32825 2
33633 7
33633 13
33633 2
34239 7
34239 13
34239 2
35148 7
35148 13
35148 2
35350 7
35350 13
35350 2
35653 7
35653 13
35653 2
35855 7
35855 13
35855 2
36259 7
36259 13
36259 2
37168 7
37168 13
37168 2
37269 7
37269 13
37269 2
39087 7
39087 13
39087 2
39390 7
39390 13
39390 2
39491 7
39491 13
39491 2
42218 7
42218 13
42218 2
45652 7
45652 13
45652 2
46258 7
46258 13
46258 2
47672 7
47672 13
47672 2
48581 7
48581 13
48581 2
48682 7
48682 13
48682 2
49389 7
49389 13
49389 2
49591 7
49591 13
49591 2
49692 7
49692 13
49692 2
50601 7
50601 13
50601 2
52924 7
52924 13
52924 2
53025 7
53025 13
53025 2
53126 7
53126 13
53126 2
53429 7
53429 13
53429 2
53530 7
53530 13
53530 2
53631 7
53631 13
53631 2
53732 7
53732 13
53732 2
54338 7
54338 13
54338 2
54540 7
54540 13
54540 2
54641 7
54641 13
54641 2
54843 7
54843 13
54843 2
54944 7
54944 13
54944 2
55045 7
55045 13
55045 2
55146 7
55146 13
55146 2
55247 7
55247 13
55247 2
55752 7
55752 13
55752 2
55853 7
55853 13
55853 2
56257 7
56257 13
56257 2
56358 7
56358 13
56358 2
56459 7
56459 13
56459 2
56560 7
56560 13
56560 2
56762 7
56762 13
56762 2
56863 7
56863 13
56863 2
56964 7
56964 13
56964 2
57065 7
57065 13
57065 2
57267 7
57267 13
57267 2
57469 7
57469 13
57469 2
57570 7
57570 13
57570 2
57671 7
57671 13
57671 2
57772 7
57772 13
57772 2
57873 7
57873 13
57873 2
57974 7
57974 13
57974 2
58176 7
58176 13
58176 2
58277 7
58277 13
58277 2
58378 7
58378 13
58378 2
58479 7
58479 13
58479 2
58580 7
58580 13
58580 2
58681 7
58681 13
58681 2
58782 7
58782 13
58782 2
58883 7
58883 13
58883 2
58984 7
58984 13
58984 2
59085 7
59085 13
59085 2
59186 7
59186 13
59186 2
59287 7
59287 13
59287 2
59590 7
59590 13
59590 2
59994 7
59994 13
59994 2
60095 7
60095 13
60095 2
61913 7
61913 13
61913 2
62620 7
62620 13
62620 2
62721 7
62721 13
62721 2
62923 7
62923 13
62923 2
63024 7
63024 13
63024 2
63226 7
63226 13
63226 2
63832 7
63832 13
63832 2
64034 7
64034 13
64034 2
64135 7
64135 13
64135 2
64337 7
64337 13
64337 2
65246 7
65246 13
65246 2
65347 7
65347 13
65347 2
65549 7
65549 13
65549 2
65650 7
65650 13
65650 2
66458 7
66458 13
66458 2
66761 7
66761 13
66761 2
67266 7
67266 13
67266 2
67468 7
67468 13
67468 2
67569 7
67569 13
67569 2
68175 7
68175 13
68175 2
68276 7
68276 13
68276 2
68478 7
68478 13
68478 2
68680 7
68680 13
68680 2
68882 7
68882 13
68882 2
69488 7
69488 13
69488 2
69690 7
69690 13
69690 2
71104 7
71104 13
71104 2
71710 7
71710 13
71710 2
71811 7
71811 13
71811 2
72013 7
72013 13
72013 2
72114 7
72114 13
72114 2
72316 7
72316 13
72316 2
72518 7
72518 13
72518 2
72922 7
72922 13
72922 2
73730 7
73730 13
73730 2
74033 7
74033 13
74033 2
75346 7
75346 13
75346 2
76760 7
76760 13
76760 2
85042 7
85042 13
85042 2
87163 7
87163 13
87163 2
87870 7
87870 13
87870 2
88678 7
88678 13
88678 2
88779 7
88779 13
88779 2
89284 7
89284 13
89284 2
100899 7
100899 13
100899 2
101909 7
101909 13
101909 2
2 137
277 2
277 8
4432 2
4432 8
5540 2
5540 8
6094 2
6094 8
7479 2
7479 8
13573 2
13573 8
15235 2
15235 8
16066 2
16066 8
26766 2
26766 8
30714 2
30714 8
72979 2
72979 8
73605 2
73605 8
73918 2
73918 8
75170 2
75170 8
77361 2
77361 8
77674 2
77674 8
81117 2
81117 8
82995 2
82995 8
85186 2
85186 8
88003 2
88003 8
88942 2
88942 8
92698 2
92698 8
98332 2
98332 8
100836 2
100836 8
118028 2
118028 8
124868 2
124868 8
147098 2
147098 8
165188 2
165188 8
166513 2
166513 8
182943 2
182943 8
184268 2
184268 8
184533 2
184533 8
186123 2
186123 8
186653 2
186653 8
191953 2
191953 8
195313 2
195313 8
197721 2
197721 8
200731 2
200731 8
202838 2
202838 8
203139 2
203139 8
203440 2
203440 8
204644 2
204644 8
216082 2
216082 8
216383 2
216383 8
216684 2
216684 8
237556 8
237657 8
237859 8
238061 8
238566 8
238667 8
239374 8
240283 8
243212 8
248262 8
248363 8
248868 8
248969 8
249070 8
249171 8
249474 8
249575 8
249676 8
249777 8
249979 8
250080 8
250181 8
250383 8
250585 8
250686 8
250787 8
251292 8
251797 8
251999 8
252201 8
252403 8
252706 8
254120 8
254928 8
257655 8
257958 8
258059 8
258160 8
258261 8
258362 8
258564 8
258665 8
258766 8
258867 8
258968 8
259069 8
259675 8
7 240
1313 7
1313 13
1313 2
4141 7
4141 13
4141 2
4747 7
4747 13
4747 2
5454 7
5454 13
5454 2
5656 7
5656 13
5656 2
7676 7
7676 13
7676 2
8484 7
8484 13
8484 2
8787 7
8787 13
8787 2
9292 7
9292 13
9292 2
10201 7
10201 13
10201 2
10302 7
10302 13
10302 2
10403 7
10403 13
10403 2
10504 7
10504 13
10504 2
17271 7
17271 13
17271 2
17675 7
17675 13
17675 2
18180 7
18180 13
18180 2
18382 7
18382 13
18382 2
19594 7
19594 13
19594 2
21917 7
21917 13
21917 2
22927 7
22927 13
22927 2
23331 7
23331 13
23331 2
24341 7
24341 13
24341 2
26260 7
26260 13
26260 2
27270 7
27270 13
27270 2
27977 7
27977 13
27977 2
28785 7
28785 13
28785 2
29593 7
29593 13
29593 2
29795 7
29795 13
29795 2
31007 7
31007 13
31007 2
31108 7
31108 13
31108 2
31209 7
31209 13
31209 2
32623 7
32623 13
32623 2
34037 7
34037 13
34037 2
38885 7
38885 13
38885 2
39895 7
39895 13
39895 2
40299 7
40299 13
40299 2
41309 7
41309 13
41309 2
41713 7
41713 13
41713 2
41915 7
41915 13
41915 2
42218 7
42218 13
42218 2
43834 7
43834 13
43834 2
44036 7
44036 13
44036 2
44137 7
44137 13
44137 2
44541 7
44541 13
44541 2
44642 7
44642 13
44642 2
45349 7
45349 13
45349 2
45450 7
45450 13
45450 2
45753 7
45753 13
45753 2
46763 7
46763 13
46763 2
46965 7
46965 13
46965 2
47672 7
47672 13
47672 2
48177 7
48177 13
48177 2
49389 7
49389 13
49389 2
50702 7
50702 13
50702 2
50904 7
50904 13
50904 2
51005 7
51005 13
51005 2
52520 7
52520 13
52520 2
53833 7
53833 13
53833 2
56510 2
56510 8
56771 2
56771 8
58076 2
58076 8
58337 2
58337 8
59120 2
59120 8
61730 2
61730 8
63035 2
63035 8
63557 2
63557 8
65123 2
65123 8
65906 2
65906 8
67733 2
67733 8
68255 2
68255 8
68777 2
68777 8
70865 2
70865 8
72170 2
72170 8
74258 2
74258 8
74780 2
74780 8
75563 2
75563 8
78956 2
78956 8
80522 2
80522 8
87047 2
87047 8
89657 2
89657 8
121028 2
121028 8
121313 2
121313 8
123878 2
123878 8
125018 2
125018 8
174285 2
174285 8
174566 2
174566 8
177376 2
177376 8
179905 2
179905 8
180186 2
180186 8
181872 2
181872 8
185525 2
185525 8
8 100
303 8
606 8
808 8
1212 8
1414 8
2323 8
2424 8
6767 8
7373 8
7474 8
7676 8
7777 8
8181 8
10504 8
13029 8
13837 8
14645 8
15251 8
15554 8
16261 8
16463 8
16564 8
16968 8
17473 8
20806 8
20907 8
21008 8
21715 8
22927 8
24139 8
28785 8
29492 8
30603 8
30704 8
31007 8
31108 8
31209 8
31310 8
31411 8
31613 8
31714 8
31815 8
32017 8
33431 8
33936 8
45415 8
57455 8
64810 8
81226 8
82268 8
83310 8
83831 8
95502 8
96568 8
99233 8
114298 8
126010 8
127886 8
130700 8
141378 8
152769 8
153274 8
153779 8
158689 8
161551 8
168517 8
170553 8
179953 8
183432 8
183929 8
186414 8
187408 8
192831 8
197581 8
198952 8
199409 8
201237 8
224598 8
225504 8
230707 8
231653 8
232126 8
232599 8
233072 8
234018 8
234491 8
237329 8
244789 8
251214 8
253346 8
258143 8
258676 8
259209 8
261341 8
261874 8
262940 8
274873 8
275358 8
277298 8
277783 8
12 1202
0 1
0 1
0 1
0 1
0 1
0 1
0 1
0 1
0 1
0 1
0 1
0 1
0 1
0 1
0 1
0 1
0 1
0 1
0 1
0 1
0 1
0 1
0 1
0 1
0 1
0 1
0 1
0 1
0 1
0 1
0 1
0 1
0 1
0 1
0 1
0 1
0 1
0 1
0 1
0 1
0 1
0 1
0 1
0 1
0 1
0 1
0 1
0 1
0 1
0 1
0 1
0 1
0 1
0 1
0 1
0 1
0 1
0 1
0 1
0 1
0 1
0 1
0 1
0 1
0 1
0 1
0 1
0 1
0 1
0 1
0 1
0 1
0 1
0 1
0 1
0 1
0 1
0 1
0 1
0 1
0 1
0 1
0 1
0 1
0 1
0 1
0 1
0 1
0 1
0 1
0 1
0 1
0 1
0 1
0 1
0 1
0 1
0 1
0 1
0 1
0 1
0 1
0 1
0 1
0 1
0 1
0 1
0 1
0 1
0 1
0 1
0 1
0 1
0 1
0 1
0 1
0 1
0 1
0 1
0 1
0 1
0 1
0 1
0 1
0 1
0 1
0 1
0 1
0 1
0 1
0 1
0 1
0 1
0 1
0 1
0 1
0 1
0 1
0 1
0 1
0 1
0 1
0 1
0 1
0 1
0 1
0 1
0 1
0 1
0 1
0 1
0 1
0 1
0 1
0 1
0 1
0 1
0 1
0 1
0 1
0 1
0 1
0 1
0 1
0 1
0 1
0 1
0 1
0 1
0 1
0 1
0 1
0 1
0 1
0 1
0 1
0 1
0 1
0 1
0 1
0 1
0 1
0 1
0 1
0 1
0 1
0 1
0 1
0 1
0 1
0 1
0 1
0 1
0 1
0 1
0 1
0 1
0 1
0 1
0 1
0 1
0 1
0 1
0 1
0 1
0 1
0 1
0 1
0 1
0 1
0 1
0 1
0 1
0 1
0 1
0 1
0 1
0 1
0 1
0 1
0 1
0 1
0 1
0 1
0 1
0 1
0 1
0 1
0 1
0 1
0 1
0 1
0 1
0 1
0 1
0 1
0 1
0 1
0 1
0 1
0 1
0 1
0 1
0 1
0 1
0 1
0 1
0 1
0 1
0 1
0 1
0 1
0 1
0 1
0 1
0 1
0 1
0 1
0 1
0 1
0 1
0 1
0 1
0 1
0 1
0 1
0 1
0 1
0 1
0 1
0 1
0 1
0 1
0 1
0 1
0 1
0 1
0 1
0 1
0 1
0 1
0 1
0 1
0 1
0 1
0 1
0 1
0 1
0 1
0 1
0 1
0 1
0 1
0 1
0 1
0 1
0 1
0 1
0 1
0 1
0 1
0 1
0 1
0 1
0 1
0 1
0 1
0 1
0 1
0 1
0 1
0 1
0 1
0 1
0 1
0 1
0 1
0 1
0 1
0 1
0 1
0 1
0 1
0 1
0 1
0 1
0 1
0 1
0 1
0 1
0 1
0 1
0 1
0 1
0 1
0 1
0 1
0 1
0 1
0 1
0 1
0 1
0 1
0 1
0 1
0 1
0 1
0 1
0 1
0 1
0 1
0 1
0 1
0 1
0 1
0 1
0 1
0 1
0 1
0 1
0 1
0 1
0 1
0 1
0 1
0 1
0 1
0 1
0 1
0 1
0 1
0 1
0 1
0 1
0 1
0 1
0 1
0 1
0 1
0 1
0 1
0 1
0 1
0 1
0 1
0 1
0 1
0 1
0 1
0 1
0 1
0 1
0 1
0 1
0 1
0 1
0 1
0 1
0 1
0 1
0 1
0 1
0 1
0 1
0 1
0 1
0 1
0 1
0 1
0 1
0 1
0 1
0 1
0 1
0 1
0 1
0 1
0 1
0 1
0 1
0 1
0 1
0 1
0 1
0 1
0 1
0 1
0 1
0 1
0 1
0 1
0 1
0 1
0 1
0 1
0 1
0 1
0 1
0 1
0 1
0 1
0 1
0 1
0 1
0 1
0 1
0 1
0 1
0 1
0 1
0 1
0 1
0 1
0 1
0 1
0 1
0 1
0 1
0 1
0 1
0 1
0 1
0 1
0 1
0 1
0 1
0 1
0 1
0 1
0 1
0 1
0 1
0 1
0 1
0 1
0 1
0 1
0 1
0 1
0 1
0 1
0 1
0 1
0 1
0 1
0 1
0 1
0 1
0 1
0 1
0 1
0 1
0 1
0 1
0 1
0 1
0 1
0 1
0 1
0 1
0 1
0 1
0 1
0 1
0 1
0 1
0 1
0 1
0 1
0 1
0 1
0 1
0 1
0 1
0 1
0 1
0 1
0 1
0 1
0 1
0 1
0 1
0 1
0 1
0 1
0 1
0 1
0 1
0 1
0 1
0 1
0 1
0 1
0 1
0 1
0 1
0 1
0 1
0 1
0 1
0 1
0 1
0 1
0 1
0 1
0 1
0 1
0 1
0 1
0 1
0 1
0 1
0 1
0 1
0 1
0 1
0 1
0 1
0 1
0 1
0 1
0 1
0 1
0 1
0 1
0 1
0 1
0 1
0 1
0 1
0 1
0 1
0 1
0 1
0 1
0 1
0 1
0 1
0 1
0 1
0 1
0 1
0 1
0 1
0 1
0 1
0 1
0 1
0 1
0 1
0 1
0 1
0 1
0 1
0 1
0 1
0 1
0 1
0 1
0 1
0 1
0 7
0 7
0 7
0 7
0 7
0 7
0 7
0 7
0 7
0 7
0 7
0 7
0 7
0 7
0 7
0 7
0 7
0 7
0 7
0 7
0 7
0 7
0 7
0 7
0 7
0 7
0 7
0 7
0 7
0 7
0 7
0 7
0 7
0 7
0 7
0 7
0 7
0 7
0 7
0 7
0 7
0 7
0 7
0 7
0 7
0 7
0 7
0 7
0 7
0 7
0 7
0 7
0 7
0 7
0 7
0 7
0 7
0 7
0 7
0 7
0 7
0 7
0 7
0 7
0 7
0 7
0 7
0 7
0 7
0 7
0 7
0 7
0 7
0 7
0 7
0 7
0 7
0 7
0 7
0 7
0 7
0 7
0 7
0 7
0 7
0 7
0 7
0 7
0 7
0 7
0 7
0 7
0 7
0 7
0 7
0 7
0 7
0 7
0 7
0 7
0 7
0 7
0 7
0 7
0 7
0 7
0 7
0 7
0 7
0 7
0 7
0 7
0 7
0 7
0 7
0 7
0 7
0 7
0 7
0 7
0 7
0 7
0 7
0 7
0 7
0 7
0 7
0 7
0 7
0 7
0 7
0 7
0 7
0 7
0 7
0 7
0 7
0 7
0 7
0 7
0 7
0 7
0 7
0 7
0 7
0 7
0 7
0 7
0 7
0 7
0 7
0 7
0 7
0 7
0 7
0 7
0 7
0 7
0 7
0 7
0 7
0 7
0 7
0 7
0 7
0 7
0 7
0 7
0 7
0 7
0 7
0 7
0 7
0 7
0 7
0 7
0 7
0 7
0 7
0 7
0 7
0 7
0 7
0 7
0 7
0 7
0 7
0 7
0 7
0 7
0 7
0 7
0 7
0 7
0 7
0 7
0 7
0 7
0 7
0 7
0 7
0 7
0 7
0 7
0 7
0 7
0 7
0 7
0 7
0 7
0 7
0 7
0 7
0 7
0 7
0 7
0 7
0 7
0 7
0 7
0 7
0 7
0 7
0 7
0 7
0 7
0 7
0 7
0 7
0 7
0 7
0 7
0 7
0 7
0 7
0 7
0 7
0 7
0 7
0 7
0 7
0 7
0 7
0 7
0 7
0 7
0 7
0 7
0 7
0 7
0 7
0 7
0 7
0 7
0 7
0 7
0 7
0 7
0 7
0 7
0 7
0 7
0 7
0 7
0 7
0 7
0 7
0 7
0 7
0 7
0 7
0 7
0 7
0 7
0 7
0 7
0 7
0 7
0 7
0 7
0 7
0 7
0 7
0 7
0 7
0 7
0 7
0 7
0 7
0 7
0 7
0 7
0 7
0 7
0 7
0 7
0 7
0 7
0 7
0 7
0 7
0 7
0 7
0 7
0 7
0 7
0 7
0 7
0 7
0 7
0 7
0 7
0 7
0 7
0 7
0 7
0 7
0 7
0 7
0 7
0 7
0 7
0 7
0 7
0 7
0 7
0 7
0 7
0 7
0 7
0 7
0 7
0 7
0 7
0 7
0 7
0 7
0 7
0 7
0 7
0 7
0 7
0 7
0 7
0 7
0 7
0 7
0 7
0 7
0 7
0 7
0 7
0 7
0 7
0 7
0 7
0 7
0 7
0 7
0 7
0 7
0 7
0 7
0 7
0 7
0 7
0 7
0 7
0 7
0 7
0 7
0 7
0 7
0 7
0 7
0 7
0 7
0 7
0 7
0 7
0 7
0 7
0 7
0 7
0 7
0 7
0 7
0 7
0 7
0 7
0 7
0 7
0 7
0 7
0 7
0 7
0 7
0 7
0 7
0 7
0 7
0 7
0 7
0 7
0 7
0 7
0 7
0 7
0 7
0 7
0 7
0 7
0 7
0 7
0 7
0 7
0 7
0 7
0 7
0 7
0 7
0 7
0 7
0 7
0 7
0 7
0 7
0 7
0 7
0 7
0 7
0 7
0 7
0 7
0 7
0 7
0 7
0 7
0 7
0 7
0 7
0 7
0 7
0 7
0 7
0 7
0 7
0 7
0 7
0 7
0 7
0 7
0 7
0 7
0 7
0 7
0 7
0 7
0 7
0 7
0 7
0 7
0 7
0 7
0 7
0 7
0 7
0 7
0 7
0 7
0 7
0 7
0 7
0 7
0 7
0 7
0 7
0 7
0 7
0 7
0 7
0 7
0 7
0 7
0 7
0 7
0 7
0 7
0 7
0 7
0 7
0 7
0 7
0 7
0 7
0 7
0 7
0 7
0 7
0 7
0 7
0 7
0 7
0 7
0 7
0 7
0 7
0 7
0 7
0 7
0 7
0 7
0 7
0 7
0 7
0 7
0 7
0 7
0 7
0 7
0 7
0 7
0 7
0 7
0 7
0 7
0 7
0 7
0 7
0 7
0 7
0 7
0 7
0 7
0 7
0 7
0 7
0 7
0 7
0 7
0 7
0 7
0 7
0 7
0 7
0 7
0 7
0 7
0 7
0 7
0 7
0 7
0 7
0 7
0 7
0 7
0 7
0 7
0 7
0 7
0 7
0 7
0 7
0 7
0 7
0 7
0 7
0 7
0 7
0 7
0 7
0 7
0 7
0 7
0 7
0 7
0 7
0 7
0 7
0 7
0 7
0 7
0 7
0 7
0 7
0 7
0 7
0 7
0 7
0 7
0 7
0 7
0 7
0 7
0 7
0 7
0 7
0 7
0 7
0 7
0 7
13 178
3091 2
3091 8
4496 2
4496 8
4777 2
4777 8
8992 2
8992 8
9554 2
9554 8
10959 2
10959 8
11240 2
11240 8
12645 2
12645 8
14050 2
14050 8
15736 2
15736 8
16860 2
16860 8
17141 2
17141 8
17984 2
17984 8
18265 2
18265 8
21075 2
21075 8
21637 2
21637 8
23604 2
23604 8
24728 2
24728 8
26695 2
26695 8
27269 2
27269 8
29027 2
29027 8
34594 2
34594 8
37817 2
37817 8
38989 2
38989 8
39575 2
39575 8
54518 2
54518 8
63308 2
63308 8
73741 2
73741 8
92840 2
92840 8
93109 2
93109 8
94454 2
94454 8
95261 2
95261 8
96337 2
96337 8
97144 2
97144 8
97951 2
97951 8
99027 2
99027 8
99296 2
99296 8
99834 2
99834 8
100372 2
100372 8
101179 2
101179 8
102255 2
102255 8
102524 2
102524 8
103869 2
103869 8
104138 2
104138 8
107097 2
107097 8
107635 2
107635 8
107904 2
107904 8
111453 2
111453 8
112818 2
112818 8
116640 2
116640 8
118551 2
118551 8
119916 2
119916 8
121281 2
121281 8
121827 2
121827 8
123192 2
123192 8
124557 2
124557 8
129471 2
129471 8
131382 2
131382 8
134658 2
134658 8
140937 2
140937 8
144213 2
144213 8
146943 2
146943 8
169484 2
169484 8
169777 2
169777 8
180032 2
180032 8
187357 2
187357 8
190010 2
190010 8
191214 2
191214 8
192719 2
192719 8
193020 2
193020 8
194224 2
194224 8
196632 2
196632 8
198739 2
198739 8
204759 2
204759 8
205963 2
205963 8
206866 2
206866 8
247988 2
247988 8
260587 2
260587 8
261466 2
261466 8
263810 2
263810 8
264396 2
264396 8
264982 2
264982 8
268205 2
268205 8
274944 2
274944 8
275221 2
275221 8
276052 2
276052 8
277160 2
277160 8
280761 2
280761 8
282700 2
282700 8
