1 378
2424 7
2424 13
2424 2
5858 7
5858 13
5858 2
6666 7
6666 13
6666 2
7171 7
7171 13
7171 2
7676 7
7676 13
7676 2
8989 7
8989 13
8989 2
9494 7
9494 13
9494 2
9898 7
9898 13
9898 2
11312 7
11312 13
11312 2
11413 7
11413 13
11413 2
12019 7
12019 13
12019 2
12221 7
12221 13
12221 2
12625 7
12625 13
12625 2
13130 7
13130 13
13130 2
13332 7
13332 13
13332 2
22422 7
22422 13
22422 2
26260 7
26260 13
26260 2
26361 7
26361 13
26361 2
27371 7
27371 13
27371 2
27472 7
27472 13
27472 2
27674 7
27674 13
27674 2
28280 7
28280 13
28280 2
28785 7
28785 13
28785 2
29896 7
29896 13
29896 2
31310 7
31310 13
31310 2
31613 7
31613 13
31613 2
33027 7
33027 13
33027 2
34845 7
34845 13
34845 2
34946 7
34946 13
34946 2
36461 7
36461 13
36461 2
37673 7
37673 13
37673 2
38178 7
38178 13
38178 2
42016 7
42016 13
42016 2
42117 7
42117 13
42117 2
43733 7
43733 13
43733 2
44440 7
44440 13
44440 2
45147 7
45147 13
45147 2
45349 7
45349 13
45349 2
46258 7
46258 13
46258 2
46763 7
46763 13
46763 2
47268 7
47268 13
47268 2
51308 7
51308 13
51308 2
52722 7
52722 13
52722 2
53530 7
53530 13
53530 2
54035 7
54035 13
54035 2
54136 7
54136 13
54136 2
54237 7
54237 13
54237 2
54641 7
54641 13
54641 2
54742 7
54742 13
54742 2
54843 7
54843 13
54843 2
54944 7
54944 13
54944 2
55045 7
55045 13
55045 2
55449 7
55449 13
55449 2
55651 7
55651 13
55651 2
55752 7
55752 13
55752 2
55954 7
55954 13
55954 2
56055 7
56055 13
56055 2
56156 7
56156 13
56156 2
56358 7
56358 13
56358 2
56661 7
56661 13
56661 2
56863 7
56863 13
56863 2
57065 7
57065 13
57065 2
57166 7
57166 13
57166 2
57368 7
57368 13
57368 2
57469 7
57469 13
57469 2
57570 7
57570 13
57570 2
57671 7
57671 13
57671 2
57772 7
57772 13
57772 2
57873 7
57873 13
57873 2
57974 7
57974 13
57974 2
58075 7
58075 13
58075 2
58681 7
58681 13
58681 2
59186 7
59186 13
59186 2
59287 7
59287 13
59287 2
59388 7
59388 13
59388 2
59691 7
59691 13
59691 2
60398 7
60398 13
60398 2
60701 7
60701 13
60701 2
60802 7
60802 13
60802 2
61206 7
61206 13
61206 2
61408 7
61408 13
61408 2
62519 7
62519 13
62519 2
64135 7
64135 13
64135 2
64236 7
64236 13
64236 2
64741 7
64741 13
64741 2
65044 7
65044 13
65044 2
65246 7
65246 13
65246 2
65852 7
65852 13
65852 2
66155 7
66155 13
66155 2
66660 7
66660 13
66660 2
67165 7
67165 13
67165 2
67872 7
67872 13
67872 2
68074 7
68074 13
68074 2
68478 7
68478 13
68478 2
69286 7
69286 13
69286 2
69488 7
69488 13
69488 2
69690 7
69690 13
69690 2
70195 7
70195 13
70195 2
70397 7
70397 13
70397 2
70599 7
70599 13
70599 2
70902 7
70902 13
70902 2
71205 7
71205 13
71205 2
71508 7
71508 13
71508 2
71609 7
71609 13
71609 2
72518 7
72518 13
72518 2
72619 7
72619 13
72619 2
73023 7
73023 13
73023 2
75346 7
75346 13
75346 2
76659 7
76659 13
76659 2
83830 7
83830 13
83830 2
85042 7
85042 13
85042 2
85547 7
85547 13
85547 2
85850 7
85850 13
85850 2
86961 7
86961 13
86961 2
87870 7
87870 13
87870 2
88274 7
88274 13
88274 2
89486 7
89486 13
89486 2
92011 7
92011 13
92011 2
93526 7
93526 13
93526 2
95041 7
95041 13
95041 2
97465 7
97465 13
97465 2
98778 7
98778 13
98778 2
99788 7
99788 13
99788 2
101101 7
101101 13
101101 2
102212 7
102212 13
102212 2
102313 7
102313 13
102313 2
2 174
8864 2
8864 8
10803 2
10803 8
12465 2
12465 8
14958 2
14958 8
19667 2
19667 8
24463 2
24463 8
61640 2
61640 8
64601 2
64601 8
69207 2
69207 8
72979 2
72979 8
75483 2
75483 8
76735 2
76735 8
77361 2
77361 8
79239 2
79239 8
81117 2
81117 8
82682 2
82682 8
83934 2
83934 8
89255 2
89255 8
89568 2
89568 8
93324 2
93324 8
95202 2
95202 8
98332 2
98332 8
115463 2
115463 8
121448 2
121448 8
124868 2
124868 8
128288 2
128288 8
131708 2
131708 8
147953 2
147953 8
148238 2
148238 8
150518 2
150518 8
150803 2
150803 8
151658 2
151658 8
156178 2
156178 8
159358 2
159358 8
161743 2
161743 8
162803 2
162803 8
164658 2
164658 8
165453 2
165453 8
166248 2
166248 8
168368 2
168368 8
169958 2
169958 8
177378 2
177378 8
179498 2
179498 8
180823 2
180823 8
181088 2
181088 8
182678 2
182678 8
182943 2
182943 8
183208 2
183208 8
183738 2
183738 8
184003 2
184003 8
186388 2
186388 8
186653 2
186653 8
188773 2
188773 8
189038 2
189038 8
189303 2
189303 8
190363 2
190363 8
191158 2
191158 8
195614 2
195614 8
198323 2
198323 8
198925 2
198925 8
199828 2
199828 8
201333 2
201333 8
203139 2
203139 8
204644 2
204644 8
206450 2
206450 8
212470 2
212470 8
213674 2
213674 8
216082 2
216082 8
237253 8
237354 8
237455 8
237960 8
238263 8
238465 8
238566 8
238667 8
239374 8
240384 8
243515 8
248363 8
248767 8
249575 8
250080 8
250282 8
250383 8
250585 8
250787 8
250888 8
251292 8
251696 8
252100 8
252403 8
252706 8
257453 8
257655 8
257958 8
258059 8
258160 8
258261 8
258362 8
258564 8
258665 8
258766 8
258867 8
258968 8
259271 8
7 281
2828 7
2828 13
2828 2
5959 7
5959 13
5959 2
6363 7
6363 13
6363 2
6464 7
6464 13
6464 2
6767 7
6767 13
6767 2
7171 7
7171 13
7171 2
7272 7
7272 13
7272 2
7777 7
7777 13
7777 2
7878 7
7878 13
7878 2
8585 7
8585 13
8585 2
9696 7
9696 13
9696 2
10302 7
10302 13
10302 2
10403 7
10403 13
10403 2
11211 7
11211 13
11211 2
11514 7
11514 13
11514 2
13736 7
13736 13
13736 2
15453 7
15453 13
15453 2
16059 7
16059 13
16059 2
17675 7
17675 13
17675 2
18079 7
18079 13
18079 2
18483 7
18483 13
18483 2
19089 7
19089 13
19089 2
19190 7
19190 13
19190 2
20503 7
20503 13
20503 2
20604 7
20604 13
20604 2
21412 7
21412 13
21412 2
22018 7
22018 13
22018 2
22826 7
22826 13
22826 2
24341 7
24341 13
24341 2
26967 7
26967 13
26967 2
27573 7
27573 13
27573 2
27977 7
27977 13
27977 2
28179 7
28179 13
28179 2
29593 7
29593 13
29593 2
31108 7
31108 13
31108 2
32522 7
32522 13
32522 2
32623 7
32623 13
32623 2
35653 7
35653 13
35653 2
37067 7
37067 13
37067 2
37168 7
37168 13
37168 2
39491 7
39491 13
39491 2
39693 7
39693 13
39693 2
39794 7
39794 13
39794 2
40905 7
40905 13
40905 2
41713 7
41713 13
41713 2
42016 7
42016 13
42016 2
42420 7
42420 13
42420 2
42622 7
42622 13
42622 2
42723 7
42723 13
42723 2
43127 7
43127 13
43127 2
43329 7
43329 13
43329 2
44339 7
44339 13
44339 2
45046 7
45046 13
45046 2
45248 7
45248 13
45248 2
45955 7
45955 13
45955 2
46763 7
46763 13
46763 2
46965 7
46965 13
46965 2
47167 7
47167 13
47167 2
47268 7
47268 13
47268 2
47773 7
47773 13
47773 2
48177 7
48177 13
48177 2
48480 7
48480 13
48480 2
48884 7
48884 13
48884 2
49288 7
49288 13
49288 2
49591 7
49591 13
49591 2
51207 7
51207 13
51207 2
52318 7
52318 13
52318 2
52520 7
52520 13
52520 2
52621 7
52621 13
52621 2
53732 7
53732 13
53732 2
53934 7
53934 13
53934 2
55727 2
55727 8
55988 2
55988 8
57293 2
57293 8
58076 2
58076 8
58337 2
58337 8
59120 2
59120 8
61730 2
61730 8
62513 2
62513 8
68255 2
68255 8
68777 2
68777 8
71387 2
71387 8
71648 2
71648 8
72692 2
72692 8
74780 2
74780 8
75563 2
75563 8
76085 2
76085 8
83915 2
83915 8
89657 2
89657 8
121028 2
121028 8
121313 2
121313 8
122453 2
122453 8
122738 2
122738 8
125018 2
125018 8
125303 2
125303 8
125588 2
125588 8
126158 2
126158 8
128153 2
128153 8
129008 2
129008 8
141485 2
141485 8
175690 2
175690 8
178500 2
178500 8
178781 2
178781 8
181029 2
181029 8
181872 2
181872 8
8 120
202 8
505 8
1111 8
2323 8
6565 8
6666 8
7070 8
8080 8
8181 8
11514 8
12625 8
13130 8
14544 8
15251 8
15958 8
16160 8
16766 8
16867 8
18079 8
21109 8
21614 8
21715 8
22321 8
22826 8
25250 8
25856 8
30805 8
31108 8
31310 8
32219 8
32522 8
32926 8
33128 8
33936 8
44906 8
59920 8
64321 8
80184 8
81226 8
81747 8
82268 8
83831 8
84352 8
85843 8
93370 8
93903 8
96035 8
99233 8
105000 8
108126 8
110707 8
111733 8
125541 8
127886 8
133065 8
135021 8
135510 8
140889 8
142845 8
148729 8
153274 8
156781 8
159166 8
159643 8
161074 8
161551 8
165463 8
165972 8
166481 8
166990 8
168008 8
168517 8
170553 8
174385 8
176229 8
180450 8
180947 8
182438 8
185917 8
186414 8
192338 8
197124 8
207258 8
210561 8
225051 8
226923 8
228815 8
229288 8
229761 8
230234 8
230707 8
231180 8
231653 8
232126 8
232599 8
233072 8
233545 8
234018 8
234491 8
235437 8
236383 8
236856 8
237329 8
238275 8
249082 8
251214 8
252813 8
258143 8
258676 8
260808 8
261874 8
273418 8
273903 8
274873 8
275843 8
276328 8
276813 8
277298 8
294128 4
297014 10
12 1220
0 1
0 1
0 1
0 1
0 1
0 1
0 1
0 1
0 1
0 1
0 1
0 1
0 1
0 1
0 1
0 1
0 1
0 1
0 1
0 1
0 1
0 1
0 1
0 1
0 1
0 1
0 1
0 1
0 1
0 1
0 1
0 1
0 1
0 1
0 1
0 1
0 1
0 1
0 1
0 1
0 1
0 1
0 1
0 1
0 1
0 1
0 1
0 1
0 1
0 1
0 1
0 1
0 1
0 1
0 1
0 1
0 1
0 1
0 1
0 1
0 1
0 1
0 1
0 1
0 1
0 1
0 1
0 1
0 1
0 1
0 1
0 1
0 1
0 1
0 1
0 1
0 1
0 1
0 1
0 1
0 1
0 1
0 1
0 1
0 1
0 1
0 1
0 1
0 1
0 1
0 1
0 1
0 1
0 1
0 1
0 1
0 1
0 1
0 1
0 1
0 1
0 1
0 1
0 1
0 1
0 1
0 1
0 1
0 1
0 1
0 1
0 1
0 1
0 1
0 1
0 1
0 1
0 1
0 1
0 1
0 1
0 1
0 1
0 1
0 1
0 1
0 1
0 1
0 1
0 1
0 1
0 1
0 1
0 1
0 1
0 1
0 1
0 1
0 1
0 1
0 1
0 1
0 1
0 1
0 1
0 1
0 1
0 1
0 1
0 1
0 1
0 1
0 1
0 1
0 1
0 1
0 1
0 1
0 1
0 1
0 1
0 1
0 1
0 1
0 1
0 1
0 1
0 1
0 1
0 1
0 1
0 1
0 1
0 1
0 1
0 1
0 1
0 1
0 1
0 1
0 1
0 1
0 1
0 1
0 1
0 1
0 1
0 1
0 1
0 1
0 1
0 1
0 1
0 1
0 1
0 1
0 1
0 1
0 1
0 1
0 1
0 1
0 1
0 1
0 1
0 1
0 1
0 1
0 1
0 1
0 1
0 1
0 1
0 1
0 1
0 1
0 1
0 1
0 1
0 1
0 1
0 1
0 1
0 1
0 1
0 1
0 1
0 1
0 1
0 1
0 1
0 1
0 1
0 1
0 1
0 1
0 1
0 1
0 1
0 1
0 1
0 1
0 1
0 1
0 1
0 1
0 1
0 1
0 1
0 1
0 1
0 1
0 1
0 1
0 1
0 1
0 1
0 1
0 1
0 1
0 1
0 1
0 1
0 1
0 1
0 1
0 1
0 1
0 1
0 1
0 1
0 1
0 1
0 1
0 1
0 1
0 1
0 1
0 1
0 1
0 1
0 1
0 1
0 1
0 1
0 1
0 1
0 1
0 1
0 1
0 1
0 1
0 1
0 1
0 1
0 1
0 1
0 1
0 1
0 1
0 1
0 1
0 1
0 1
0 1
0 1
0 1
0 1
0 1
0 1
0 1
0 1
0 1
0 1
0 1
0 1
0 1
0 1
0 1
0 1
0 1
0 1
0 1
0 1
0 1
0 1
0 1
0 1
0 1
0 1
0 1
0 1
0 1
0 1
0 1
0 1
0 1
0 1
0 1
0 1
0 1
0 1
0 1
0 1
0 1
0 1
0 1
0 1
0 1
0 1
0 1
0 1
0 1
0 1
0 1
0 1
0 1
0 1
0 1
0 1
0 1
0 1
0 1
0 1
0 1
0 1
0 1
0 1
0 1
0 1
0 1
0 1
0 1
0 1
0 1
0 1
0 1
0 1
0 1
0 1
0 1
0 1
0 1
0 1
0 1
0 1
0 1
0 1
0 1
0 1
0 1
0 1
0 1
0 1
0 1
0 1
0 1
0 1
0 1
0 1
0 1
0 1
0 1
0 1
0 1
0 1
0 1
0 1
0 1
0 1
0 1
0 1
0 1
0 1
0 1
0 1
0 1
0 1
0 1
0 1
0 1
0 1
0 1
0 1
0 1
0 1
0 1
0 1
0 1
0 1
0 1
0 1
0 1
0 1
0 1
0 1
0 1
0 1
0 1
0 1
0 1
0 1
0 1
0 1
0 1
0 1
0 1
0 1
0 1
0 1
0 1
0 1
0 1
0 1
0 1
0 1
0 1
0 1
0 1
0 1
0 1
0 1
0 1
0 1
0 1
0 1
0 1
0 1
0 1
0 1
0 1
0 1
0 1
0 1
0 1
0 1
0 1
0 1
0 1
0 1
0 1
0 1
0 1
0 1
0 1
0 1
0 1
0 1
0 1
0 1
0 1
0 1
0 1
0 1
0 1
0 1
0 1
0 1
0 1
0 1
0 1
0 1
0 1
0 1
0 1
0 1
0 1
0 1
0 1
0 1
0 1
0 1
0 1
0 1
0 1
0 1
0 1
0 1
0 1
0 1
0 1
0 1
0 1
0 1
0 1
0 1
0 1
0 1
0 1
0 1
0 1
0 1
0 1
0 1
0 1
0 1
0 1
0 1
0 1
0 1
0 1
0 1
0 1
0 1
0 1
0 1
0 1
0 1
0 1
0 1
0 1
0 1
0 1
0 1
0 1
0 1
0 1
0 1
0 1
0 1
0 1
0 1
0 1
0 1
0 1
0 1
0 1
0 1
0 1
0 1
0 1
0 1
0 1
0 1
0 1
0 1
0 1
0 1
0 1
0 1
0 1
0 1
0 1
0 1
0 1
0 1
0 1
0 1
0 1
0 1
0 1
0 1
0 1
0 1
0 1
0 1
0 1
0 1
0 1
0 1
0 1
0 1
0 1
0 1
0 1
0 1
0 1
0 1
0 1
0 1
0 7
0 7
0 7
0 7
0 7
0 7
0 7
0 7
0 7
0 7
0 7
0 7
0 7
0 7
0 7
0 7
0 7
0 7
0 7
0 7
0 7
0 7
0 7
0 7
0 7
0 7
0 7
0 7
0 7
0 7
0 7
0 7
0 7
0 7
0 7
0 7
0 7
0 7
0 7
0 7
0 7
0 7
0 7
0 7
0 7
0 7
0 7
0 7
0 7
0 7
0 7
0 7
0 7
0 7
0 7
0 7
0 7
0 7
0 7
0 7
0 7
0 7
0 7
0 7
0 7
0 7
0 7
0 7
0 7
0 7
0 7
0 7
0 7
0 7
0 7
0 7
0 7
0 7
0 7
0 7
0 7
0 7
0 7
0 7
0 7
0 7
0 7
0 7
0 7
0 7
0 7
0 7
0 7
0 7
0 7
0 7
0 7
0 7
0 7
0 7
0 7
0 7
0 7
0 7
0 7
0 7
0 7
0 7
0 7
0 7
0 7
0 7
0 7
0 7
0 7
0 7
0 7
0 7
0 7
0 7
0 7
0 7
0 7
0 7
0 7
0 7
0 7
0 7
0 7
0 7
0 7
0 7
0 7
0 7
0 7
0 7
0 7
0 7
0 7
0 7
0 7
0 7
0 7
0 7
0 7
0 7
0 7
0 7
0 7
0 7
0 7
0 7
0 7
0 7
0 7
0 7
0 7
0 7
0 7
0 7
0 7
0 7
0 7
0 7
0 7
0 7
0 7
0 7
0 7
0 7
0 7
0 7
0 7
0 7
0 7
0 7
0 7
0 7
0 7
0 7
0 7
0 7
0 7
0 7
0 7
0 7
0 7
0 7
0 7
0 7
0 7
0 7
0 7
0 7
0 7
0 7
0 7
0 7
0 7
0 7
0 7
0 7
0 7
0 7
0 7
0 7
0 7
0 7
0 7
0 7
0 7
0 7
0 7
0 7
0 7
0 7
0 7
0 7
0 7
0 7
0 7
0 7
0 7
0 7
0 7
0 7
0 7
0 7
0 7
0 7
0 7
0 7
0 7
0 7
0 7
0 7
0 7
0 7
0 7
0 7
0 7
0 7
0 7
0 7
0 7
0 7
0 7
0 7
0 7
0 7
0 7
0 7
0 7
0 7
0 7
0 7
0 7
0 7
0 7
0 7
0 7
0 7
0 7
0 7
0 7
0 7
0 7
0 7
0 7
0 7
0 7
0 7
0 7
0 7
0 7
0 7
0 7
0 7
0 7
0 7
0 7
0 7
0 7
0 7
0 7
0 7
0 7
0 7
0 7
0 7
0 7
0 7
0 7
0 7
0 7
0 7
0 7
0 7
0 7
0 7
0 7
0 7
0 7
0 7
0 7
0 7
0 7
0 7
0 7
0 7
0 7
0 7
0 7
0 7
0 7
0 7
0 7
0 7
0 7
0 7
0 7
0 7
0 7
0 7
0 7
0 7
0 7
0 7
0 7
0 7
0 7
0 7
0 7
0 7
0 7
0 7
0 7
0 7
0 7
0 7
0 7
0 7
0 7
0 7
0 7
0 7
0 7
0 7
0 7
0 7
0 7
0 7
0 7
0 7
0 7
0 7
0 7
0 7
0 7
0 7
0 7
0 7
0 7
0 7
0 7
0 7
0 7
0 7
0 7
0 7
0 7
0 7
0 7
0 7
0 7
0 7
0 7
0 7
0 7
0 7
0 7
0 7
0 7
0 7
0 7
0 7
0 7
0 7
0 7
0 7
0 7
0 7
0 7
0 7
0 7
0 7
0 7
0 7
0 7
0 7
0 7
0 7
0 7
0 7
0 7
0 7
0 7
0 7
0 7
0 7
0 7
0 7
0 7
0 7
0 7
0 7
0 7
0 7
0 7
0 7
0 7
0 7
0 7
0 7
0 7
0 7
0 7
0 7
0 7
0 7
0 7
0 7
0 7
0 7
0 7
0 7
0 7
0 7
0 7
0 7
0 7
0 7
0 7
0 7
0 7
0 7
0 7
0 7
0 7
0 7
0 7
0 7
0 7
0 7
0 7
0 7
0 7
0 7
0 7
0 7
0 7
0 7
0 7
0 7
0 7
0 7
0 7
0 7
0 7
0 7
0 7
0 7
0 7
0 7
0 7
0 7
0 7
0 7
0 7
0 7
0 7
0 7
0 7
0 7
0 7
0 7
0 7
0 7
0 7
0 7
0 7
0 7
0 7
0 7
0 7
0 7
0 7
0 7
0 7
0 7
0 7
0 7
0 7
0 7
0 7
0 7
0 7
0 7
0 7
0 7
0 7
0 7
0 7
0 7
0 7
0 7
0 7
0 7
0 7
0 7
0 7
0 7
0 7
0 7
0 7
0 7
0 7
0 7
0 7
0 7
0 7
0 7
0 7
0 7
0 7
0 7
0 7
0 7
0 7
0 7
0 7
0 7
0 7
0 7
0 7
0 7
0 7
0 7
0 7
0 7
0 7
0 7
0 7
0 7
0 7
0 7
0 7
0 7
0 7
0 7
0 7
0 7
0 7
0 7
0 7
0 7
0 7
0 7
0 7
0 7
0 7
0 7
0 7
0 7
0 7
0 7
0 7
0 7
0 7
0 7
0 7
0 7
0 7
0 7
0 7
0 7
0 7
0 7
0 7
0 7
0 7
0 7
0 7
0 7
0 7
0 7
0 7
0 7
0 7
0 7
0 7
0 7
0 7
0 7
0 7
0 7
0 7
0 7
0 7
0 7
13 204
4215 2
4215 8
5901 2
5901 8
7868 2
7868 8
9835 2
9835 8
10678 2
10678 8
11240 2
11240 8
12645 2
12645 8
12926 2
12926 8
13488 2
13488 8
13769 2
13769 8
15174 2
15174 8
15455 2
15455 8
16579 2
16579 8
17984 2
17984 8
19670 2
19670 8
21075 2
21075 8
24166 2
24166 8
34887 2
34887 8
49537 2
49537 8
49830 2
49830 8
51588 2
51588 8
51881 2
51881 8
54518 2
54518 8
55397 2
55397 8
63015 2
63015 8
63308 2
63308 8
84770 2
84770 8
85039 2
85039 8
91226 2
91226 8
96606 2
96606 8
96875 2
96875 8
97144 2
97144 8
97413 2
97413 8
97951 2
97951 8
98220 2
98220 8
99027 2
99027 8
99296 2
99296 8
99565 2
99565 8
99834 2
99834 8
100103 2
100103 8
100641 2
100641 8
100910 2
100910 8
101448 2
101448 8
102255 2
102255 8
102524 2
102524 8
102793 2
102793 8
103062 2
103062 8
104407 2
104407 8
104676 2
104676 8
104945 2
104945 8
105483 2
105483 8
105752 2
105752 8
106021 2
106021 8
106290 2
106290 8
106828 2
106828 8
107097 2
107097 8
107366 2
107366 8
107904 2
107904 8
113364 2
113364 8
116640 2
116640 8
121554 2
121554 8
122919 2
122919 8
123465 2
123465 8
125103 2
125103 8
128379 2
128379 8
131382 2
131382 8
137934 2
137934 8
180325 2
180325 8
180618 2
180618 8
180911 2
180911 8
190010 2
190010 8
194224 2
194224 8
195127 2
195127 8
196030 2
196030 8
197234 2
197234 8
197836 2
197836 8
198438 2
198438 8
198739 2
198739 8
200846 2
200846 8
201749 2
201749 8
202351 2
202351 8
204759 2
204759 8
205662 2
205662 8
207167 2
207167 8
208371 2
208371 8
214090 2
214090 8
215896 2
215896 8
216799 2
216799 8
218605 2
218605 8
219508 2
219508 8
226431 2
226431 8
258829 2
258829 8
262345 2
262345 8
271721 2
271721 8
285193 2
285193 8
286024 2
286024 8
286855 2
286855 8
287686 2
287686 8
287963 2
287963 8
289071 2
289071 8
289902 2
289902 8
292118 2
292118 8
