1 393
7777 7
7777 13
7777 2
8080 7
8080 13
8080 2
8484 7
8484 13
8484 2
9797 7
9797 13
9797 2
13029 7
13029 13
13029 2
13433 7
13433 13
13433 2
14342 7
14342 13
14342 2
14544 7
14544 13
14544 2
19695 7
19695 13
19695 2
21614 7
21614 13
21614 2
23028 7
23028 13
23028 2
23432 7
23432 13
23432 2
24139 7
24139 13
24139 2
24442 7
24442 13
24442 2
24543 7
24543 13
24543 2
25755 7
25755 13
25755 2
26058 7
26058 13
26058 2
26462 7
26462 13
26462 2
28482 7
28482 13
28482 2
30098 7
30098 13
30098 2
31108 7
31108 13
31108 2
31714 7
31714 13
31714 2
31815 7
31815 13
31815 2
32219 7
32219 13
32219 2
32724 7
32724 13
32724 2
32825 7
32825 13
32825 2
32926 7
32926 13
32926 2
33128 7
33128 13
33128 2
33633 7
33633 13
33633 2
34138 7
34138 13
34138 2
34239 7
34239 13
34239 2
35249 7
35249 13
35249 2
35552 7
35552 13
35552 2
35855 7
35855 13
35855 2
36360 7
36360 13
36360 2
36966 7
36966 13
36966 2
40602 7
40602 13
40602 2
41915 7
41915 13
41915 2
43228 7
43228 13
43228 2
44238 7
44238 13
44238 2
44642 7
44642 13
44642 2
47571 7
47571 13
47571 2
48076 7
48076 13
48076 2
48177 7
48177 13
48177 2
51611 7
51611 13
51611 2
52419 7
52419 13
52419 2
52520 7
52520 13
52520 2
52924 7
52924 13
52924 2
53025 7
53025 13
53025 2
53126 7
53126 13
53126 2
53227 7
53227 13
53227 2
53328 7
53328 13
53328 2
53429 7
53429 13
53429 2
53530 7
53530 13
53530 2
53631 7
53631 13
53631 2
53732 7
53732 13
53732 2
53833 7
53833 13
53833 2
54338 7
54338 13
54338 2
54439 7
54439 13
54439 2
54540 7
54540 13
54540 2
54742 7
54742 13
54742 2
54944 7
54944 13
54944 2
55146 7
55146 13
55146 2
55449 7
55449 13
55449 2
55550 7
55550 13
55550 2
55752 7
55752 13
55752 2
55853 7
55853 13
55853 2
56055 7
56055 13
56055 2
56156 7
56156 13
56156 2
56257 7
56257 13
56257 2
56459 7
56459 13
56459 2
56560 7
56560 13
56560 2
56661 7
56661 13
56661 2
56863 7
56863 13
56863 2
57166 7
57166 13
57166 2
57267 7
57267 13
57267 2
57469 7
57469 13
57469 2
57570 7
57570 13
57570 2
57671 7
57671 13
57671 2
57772 7
57772 13
57772 2
57974 7
57974 13
57974 2
58075 7
58075 13
58075 2
58176 7
58176 13
58176 2
58277 7
58277 13
58277 2
58378 7
58378 13
58378 2
58479 7
58479 13
58479 2
58580 7
58580 13
58580 2
58782 7
58782 13
58782 2
58883 7
58883 13
58883 2
58984 7
58984 13
58984 2
59085 7
59085 13
59085 2
59287 7
59287 13
59287 2
59388 7
59388 13
59388 2
59489 7
59489 13
59489 2
61004 7
61004 13
61004 2
61105 7
61105 13
61105 2
61408 7
61408 13
61408 2
62014 7
62014 13
62014 2
62115 7
62115 13
62115 2
62317 7
62317 13
62317 2
63226 7
63226 13
63226 2
63529 7
63529 13
63529 2
63832 7
63832 13
63832 2
64741 7
64741 13
64741 2
65246 7
65246 13
65246 2
65347 7
65347 13
65347 2
66458 7
66458 13
66458 2
66761 7
66761 13
66761 2
67165 7
67165 13
67165 2
67569 7
67569 13
67569 2
67872 7
67872 13
67872 2
69286 7
69286 13
69286 2
69488 7
69488 13
69488 2
70498 7
70498 13
70498 2
71508 7
71508 13
71508 2
72215 7
72215 13
72215 2
72316 7
72316 13
72316 2
72922 7
72922 13
72922 2
77972 7
77972 13
77972 2
83931 7
83931 13
83931 2
85446 7
85446 13
85446 2
89082 7
89082 13
89082 2
89991 7
89991 13
89991 2
90597 7
90597 13
90597 2
92314 7
92314 13
92314 2
92819 7
92819 13
92819 2
93627 7
93627 13
93627 2
94940 7
94940 13
94940 2
96556 7
96556 13
96556 2
100192 7
100192 13
100192 2
101909 7
101909 13
101909 2
2 149
4432 2
4432 8
5540 2
5540 8
7202 2
7202 8
9141 2
9141 8
12465 2
12465 8
13850 2
13850 8
16066 2
16066 8
16343 2
16343 8
18559 2
18559 8
20775 2
20775 8
49467 2
49467 8
65259 2
65259 8
65588 2
65588 8
67891 2
67891 8
68878 2
68878 8
69536 2
69536 8
71414 2
71414 8
75796 2
75796 8
77361 2
77361 8
80491 2
80491 8
84247 2
84247 8
86438 2
86438 8
88942 2
88942 8
91759 2
91759 8
121163 2
121163 8
131708 2
131708 8
141683 2
141683 8
144533 2
144533 8
150803 2
150803 8
151373 2
151373 8
154223 2
154223 8
158298 2
158298 8
160418 2
160418 8
181883 2
181883 8
182148 2
182148 8
182943 2
182943 8
183208 2
183208 8
183473 2
183473 8
184003 2
184003 8
185328 2
185328 8
186388 2
186388 8
187448 2
187448 8
188773 2
188773 8
189038 2
189038 8
193278 2
193278 8
193543 2
193543 8
195614 2
195614 8
197721 2
197721 8
198323 2
198323 8
203139 2
203139 8
216383 2
216383 8
217587 2
217587 8
221500 2
221500 8
237354 8
237758 8
237859 8
238061 8
238566 8
239172 8
239374 8
239475 8
239778 8
240283 8
243414 8
243515 8
243616 8
243717 8
248565 8
249070 8
249474 8
249979 8
250080 8
250383 8
250484 8
250585 8
250686 8
250989 8
251090 8
251191 8
252504 8
253615 8
253817 8
254019 8
254221 8
254928 8
257958 8
258059 8
258160 8
258261 8
258362 8
258564 8
258665 8
258766 8
258867 8
258968 8
259372 8
7 258
1515 7
1515 13
1515 2
1616 7
1616 13
1616 2
1717 7
1717 13
1717 2
6060 7
6060 13
6060 2
9595 7
9595 13
9595 2
10504 7
10504 13
10504 2
11413 7
11413 13
11413 2
14241 7
14241 13
14241 2
14342 7
14342 13
14342 2
16867 7
16867 13
16867 2
16968 7
16968 13
16968 2
19594 7
19594 13
19594 2
19897 7
19897 13
19897 2
19998 7
19998 13
19998 2
21109 7
21109 13
21109 2
21412 7
21412 13
21412 2
22927 7
22927 13
22927 2
23432 7
23432 13
23432 2
24442 7
24442 13
24442 2
24745 7
24745 13
24745 2
24846 7
24846 13
24846 2
25553 7
25553 13
25553 2
25755 7
25755 13
25755 2
26159 7
26159 13
26159 2
26563 7
26563 13
26563 2
28078 7
28078 13
28078 2
28684 7
28684 13
28684 2
28785 7
28785 13
28785 2
29896 7
29896 13
29896 2
31007 7
31007 13
31007 2
31108 7
31108 13
31108 2
32623 7
32623 13
32623 2
38077 7
38077 13
38077 2
38582 7
38582 13
38582 2
38683 7
38683 13
38683 2
39087 7
39087 13
39087 2
39491 7
39491 13
39491 2
39592 7
39592 13
39592 2
39895 7
39895 13
39895 2
40299 7
40299 13
40299 2
41006 7
41006 13
41006 2
41208 7
41208 13
41208 2
41309 7
41309 13
41309 2
41511 7
41511 13
41511 2
41612 7
41612 13
41612 2
41713 7
41713 13
41713 2
41814 7
41814 13
41814 2
42319 7
42319 13
42319 2
42622 7
42622 13
42622 2
42925 7
42925 13
42925 2
43026 7
43026 13
43026 2
43127 7
43127 13
43127 2
43834 7
43834 13
43834 2
44137 7
44137 13
44137 2
44541 7
44541 13
44541 2
46056 7
46056 13
46056 2
46258 7
46258 13
46258 2
48177 7
48177 13
48177 2
48379 7
48379 13
48379 2
48682 7
48682 13
48682 2
49591 7
49591 13
49591 2
50803 7
50803 13
50803 2
50904 7
50904 13
50904 2
51005 7
51005 13
51005 2
51106 7
51106 13
51106 2
54843 7
54843 13
54843 2
56771 2
56771 8
58337 2
58337 8
59120 2
59120 8
61730 2
61730 8
63035 2
63035 8
64079 2
64079 8
68255 2
68255 8
68777 2
68777 8
71387 2
71387 8
71648 2
71648 8
72692 2
72692 8
74780 2
74780 8
75563 2
75563 8
83915 2
83915 8
89657 2
89657 8
121028 2
121028 8
121313 2
121313 8
123023 2
123023 8
125018 2
125018 8
125303 2
125303 8
125588 2
125588 8
125873 2
125873 8
126728 2
126728 8
152678 2
152678 8
176814 2
176814 8
179343 2
179343 8
179905 2
179905 8
181872 2
181872 8
183839 2
183839 8
184120 2
184120 8
8 129
505 8
606 8
808 8
1717 8
5555 8
6969 8
7171 8
7272 8
7373 8
7474 8
7878 8
8282 8
8484 8
9090 8
9696 8
12221 8
13231 8
14443 8
14746 8
14847 8
15049 8
15150 8
20402 8
20907 8
21614 8
21715 8
22018 8
22422 8
23028 8
23230 8
25856 8
26462 8
27573 8
27977 8
28078 8
28179 8
28381 8
28886 8
29088 8
29391 8
29492 8
30401 8
30704 8
31108 8
31209 8
31310 8
31613 8
31714 8
32219 8
32623 8
32825 8
32926 8
33229 8
33835 8
54990 8
56962 8
57455 8
58441 8
65788 8
66277 8
81226 8
81747 8
82268 8
83310 8
83831 8
84352 8
92837 8
93370 8
93903 8
95502 8
96035 8
99233 8
102395 8
102916 8
114298 8
117376 8
126010 8
127886 8
143334 8
143823 8
151759 8
152769 8
153274 8
156781 8
157258 8
158689 8
159166 8
160120 8
161074 8
168008 8
168517 8
170553 8
173463 8
175307 8
176690 8
179953 8
182935 8
185917 8
186414 8
211074 8
213126 8
213639 8
224598 8
229761 8
230234 8
230707 8
231180 8
233545 8
234018 8
234491 8
234964 8
235437 8
236383 8
244789 8
250681 8
251214 8
258143 8
258676 8
259209 8
261874 8
273418 8
273903 8
274388 8
275358 8
275843 8
276328 8
276813 8
294128 4
297014 10
12 1226
0 1
0 1
0 1
0 1
0 1
0 1
0 1
0 1
0 1
0 1
0 1
0 1
0 1
0 1
0 1
0 1
0 1
0 1
0 1
0 1
0 1
0 1
0 1
0 1
0 1
0 1
0 1
0 1
0 1
0 1
0 1
0 1
0 1
0 1
0 1
0 1
0 1
0 1
0 1
0 1
0 1
0 1
0 1
0 1
0 1
0 1
0 1
0 1
0 1
0 1
0 1
0 1
0 1
0 1
0 1
0 1
0 1
0 1
0 1
0 1
0 1
0 1
0 1
0 1
0 1
0 1
0 1
0 1
0 1
0 1
0 1
0 1
0 1
0 1
0 1
0 1
0 1
0 1
0 1
0 1
0 1
0 1
0 1
0 1
0 1
0 1
0 1
0 1
0 1
0 1
0 1
0 1
0 1
0 1
0 1
0 1
0 1
0 1
0 1
0 1
0 1
0 1
0 1
0 1
0 1
0 1
0 1
0 1
0 1
0 1
0 1
0 1
0 1
0 1
0 1
0 1
0 1
0 1
0 1
0 1
0 1
0 1
0 1
0 1
0 1
0 1
0 1
0 1
0 1
0 1
0 1
0 1
0 1
0 1
0 1
0 1
0 1
0 1
0 1
0 1
0 1
0 1
0 1
0 1
0 1
0 1
0 1
0 1
0 1
0 1
0 1
0 1
0 1
0 1
0 1
0 1
0 1
0 1
0 1
0 1
0 1
0 1
0 1
0 1
0 1
0 1
0 1
0 1
0 1
0 1
0 1
0 1
0 1
0 1
0 1
0 1
0 1
0 1
0 1
0 1
0 1
0 1
0 1
0 1
0 1
0 1
0 1
0 1
0 1
0 1
0 1
0 1
0 1
0 1
0 1
0 1
0 1
0 1
0 1
0 1
0 1
0 1
0 1
0 1
0 1
0 1
0 1
0 1
0 1
0 1
0 1
0 1
0 1
0 1
0 1
0 1
0 1
0 1
0 1
0 1
0 1
0 1
0 1
0 1
0 1
0 1
0 1
0 1
0 1
0 1
0 1
0 1
0 1
0 1
0 1
0 1
0 1
0 1
0 1
0 1
0 1
0 1
0 1
0 1
0 1
0 1
0 1
0 1
0 1
0 1
0 1
0 1
0 1
0 1
0 1
0 1
0 1
0 1
0 1
0 1
0 1
0 1
0 1
0 1
0 1
0 1
0 1
0 1
0 1
0 1
0 1
0 1
0 1
0 1
0 1
0 1
0 1
0 1
0 1
0 1
0 1
0 1
0 1
0 1
0 1
0 1
0 1
0 1
0 1
0 1
0 1
0 1
0 1
0 1
0 1
0 1
0 1
0 1
0 1
0 1
0 1
0 1
0 1
0 1
0 1
0 1
0 1
0 1
0 1
0 1
0 1
0 1
0 1
0 1
0 1
0 1
0 1
0 1
0 1
0 1
0 1
0 1
0 1
0 1
0 1
0 1
0 1
0 1
0 1
0 1
0 1
0 1
0 1
0 1
0 1
0 1
0 1
0 1
0 1
0 1
0 1
0 1
0 1
0 1
0 1
0 1
0 1
0 1
0 1
0 1
0 1
0 1
0 1
0 1
0 1
0 1
0 1
0 1
0 1
0 1
0 1
0 1
0 1
0 1
0 1
0 1
0 1
0 1
0 1
0 1
0 1
0 1
0 1
0 1
0 1
0 1
0 1
0 1
0 1
0 1
0 1
0 1
0 1
0 1
0 1
0 1
0 1
0 1
0 1
0 1
0 1
0 1
0 1
0 1
0 1
0 1
0 1
0 1
0 1
0 1
0 1
0 1
0 1
0 1
0 1
0 1
0 1
0 1
0 1
0 1
0 1
0 1
0 1
0 1
0 1
0 1
0 1
0 1
0 1
0 1
0 1
0 1
0 1
0 1
0 1
0 1
0 1
0 1
0 1
0 1
0 1
0 1
0 1
0 1
0 1
0 1
0 1
0 1
0 1
0 1
0 1
0 1
0 1
0 1
0 1
0 1
0 1
0 1
0 1
0 1
0 1
0 1
0 1
0 1
0 1
0 1
0 1
0 1
0 1
0 1
0 1
0 1
0 1
0 1
0 1
0 1
0 1
0 1
0 1
0 1
0 1
0 1
0 1
0 1
0 1
0 1
0 1
0 1
0 1
0 1
0 1
0 1
0 1
0 1
0 1
0 1
0 1
0 1
0 1
0 1
0 1
0 1
0 1
0 1
0 1
0 1
0 1
0 1
0 1
0 1
0 1
0 1
0 1
0 1
0 1
0 1
0 1
0 1
0 1
0 1
0 1
0 1
0 1
0 1
0 1
0 1
0 1
0 1
0 1
0 1
0 1
0 1
0 1
0 1
0 1
0 1
0 1
0 1
0 1
0 1
0 1
0 1
0 1
0 1
0 1
0 1
0 1
0 1
0 1
0 1
0 1
0 1
0 1
0 1
0 1
0 1
0 1
0 1
0 1
0 1
0 1
0 1
0 1
0 1
0 1
0 1
0 1
0 1
0 1
0 1
0 1
0 1
0 1
0 1
0 1
0 1
0 1
0 1
0 1
0 1
0 1
0 1
0 1
0 1
0 1
0 1
0 1
0 1
0 1
0 1
0 1
0 1
0 1
0 1
0 1
0 1
0 1
0 1
0 1
0 1
0 1
0 1
0 1
0 1
0 1
0 1
0 1
0 1
0 1
0 1
0 1
0 1
0 1
0 1
0 1
0 1
0 1
0 1
0 1
0 1
0 1
0 1
0 1
0 7
0 7
0 7
0 7
0 7
0 7
0 7
0 7
0 7
0 7
0 7
0 7
0 7
0 7
0 7
0 7
0 7
0 7
0 7
0 7
0 7
0 7
0 7
0 7
0 7
0 7
0 7
0 7
0 7
0 7
0 7
0 7
0 7
0 7
0 7
0 7
0 7
0 7
0 7
0 7
0 7
0 7
0 7
0 7
0 7
0 7
0 7
0 7
0 7
0 7
0 7
0 7
0 7
0 7
0 7
0 7
0 7
0 7
0 7
0 7
0 7
0 7
0 7
0 7
0 7
0 7
0 7
0 7
0 7
0 7
0 7
0 7
0 7
0 7
0 7
0 7
0 7
0 7
0 7
0 7
0 7
0 7
0 7
0 7
0 7
0 7
0 7
0 7
0 7
0 7
0 7
0 7
0 7
0 7
0 7
0 7
0 7
0 7
0 7
0 7
0 7
0 7
0 7
0 7
0 7
0 7
0 7
0 7
0 7
0 7
0 7
0 7
0 7
0 7
0 7
0 7
0 7
0 7
0 7
0 7
0 7
0 7
0 7
0 7
0 7
0 7
0 7
0 7
0 7
0 7
0 7
0 7
0 7
0 7
0 7
0 7
0 7
0 7
0 7
0 7
0 7
0 7
0 7
0 7
0 7
0 7
0 7
0 7
0 7
0 7
0 7
0 7
0 7
0 7
0 7
0 7
0 7
0 7
0 7
0 7
0 7
0 7
0 7
0 7
0 7
0 7
0 7
0 7
0 7
0 7
0 7
0 7
0 7
0 7
0 7
0 7
0 7
0 7
0 7
0 7
0 7
0 7
0 7
0 7
0 7
0 7
0 7
0 7
0 7
0 7
0 7
0 7
0 7
0 7
0 7
0 7
0 7
0 7
0 7
0 7
0 7
0 7
0 7
0 7
0 7
0 7
0 7
0 7
0 7
0 7
0 7
0 7
0 7
0 7
0 7
0 7
0 7
0 7
0 7
0 7
0 7
0 7
0 7
0 7
0 7
0 7
0 7
0 7
0 7
0 7
0 7
0 7
0 7
0 7
0 7
0 7
0 7
0 7
0 7
0 7
0 7
0 7
0 7
0 7
0 7
0 7
0 7
0 7
0 7
0 7
0 7
0 7
0 7
0 7
0 7
0 7
0 7
0 7
0 7
0 7
0 7
0 7
0 7
0 7
0 7
0 7
0 7
0 7
0 7
0 7
0 7
0 7
0 7
0 7
0 7
0 7
0 7
0 7
0 7
0 7
0 7
0 7
0 7
0 7
0 7
0 7
0 7
0 7
0 7
0 7
0 7
0 7
0 7
0 7
0 7
0 7
0 7
0 7
0 7
0 7
0 7
0 7
0 7
0 7
0 7
0 7
0 7
0 7
0 7
0 7
0 7
0 7
0 7
0 7
0 7
0 7
0 7
0 7
0 7
0 7
0 7
0 7
0 7
0 7
0 7
0 7
0 7
0 7
0 7
0 7
0 7
0 7
0 7
0 7
0 7
0 7
0 7
0 7
0 7
0 7
0 7
0 7
0 7
0 7
0 7
0 7
0 7
0 7
0 7
0 7
0 7
0 7
0 7
0 7
0 7
0 7
0 7
0 7
0 7
0 7
0 7
0 7
0 7
0 7
0 7
0 7
0 7
0 7
0 7
0 7
0 7
0 7
0 7
0 7
0 7
0 7
0 7
0 7
0 7
0 7
0 7
0 7
0 7
0 7
0 7
0 7
0 7
0 7
0 7
0 7
0 7
0 7
0 7
0 7
0 7
0 7
0 7
0 7
0 7
0 7
0 7
0 7
0 7
0 7
0 7
0 7
0 7
0 7
0 7
0 7
0 7
0 7
0 7
0 7
0 7
0 7
0 7
0 7
0 7
0 7
0 7
0 7
0 7
0 7
0 7
0 7
0 7
0 7
0 7
0 7
0 7
0 7
0 7
0 7
0 7
0 7
0 7
0 7
0 7
0 7
0 7
0 7
0 7
0 7
0 7
0 7
0 7
0 7
0 7
0 7
0 7
0 7
0 7
0 7
0 7
0 7
0 7
0 7
0 7
0 7
0 7
0 7
0 7
0 7
0 7
0 7
0 7
0 7
0 7
0 7
0 7
0 7
0 7
0 7
0 7
0 7
0 7
0 7
0 7
0 7
0 7
0 7
0 7
0 7
0 7
0 7
0 7
0 7
0 7
0 7
0 7
0 7
0 7
0 7
0 7
0 7
0 7
0 7
0 7
0 7
0 7
0 7
0 7
0 7
0 7
0 7
0 7
0 7
0 7
0 7
0 7
0 7
0 7
0 7
0 7
0 7
0 7
0 7
0 7
0 7
0 7
0 7
0 7
0 7
0 7
0 7
0 7
0 7
0 7
0 7
0 7
0 7
0 7
0 7
0 7
0 7
0 7
0 7
0 7
0 7
0 7
0 7
0 7
0 7
0 7
0 7
0 7
0 7
0 7
0 7
0 7
0 7
0 7
0 7
0 7
0 7
0 7
0 7
0 7
0 7
0 7
0 7
0 7
0 7
0 7
0 7
0 7
0 7
0 7
0 7
0 7
0 7
0 7
0 7
0 7
0 7
0 7
0 7
0 7
0 7
0 7
0 7
0 7
0 7
0 7
0 7
0 7
0 7
0 7
0 7
0 7
0 7
0 7
0 7
0 7
0 7
0 7
0 7
0 7
0 7
0 7
0 7
0 7
0 7
0 7
0 7
0 7
0 7
0 7
0 7
0 7
0 7
0 7
13 208
7306 2
7306 8
7868 2
7868 8
8992 2
8992 8
10116 2
10116 8
10959 2
10959 8
11521 2
11521 8
12364 2
12364 8
13769 2
13769 8
14050 2
14050 8
14331 2
14331 8
15455 2
15455 8
15736 2
15736 8
17141 2
17141 8
17984 2
17984 8
18265 2
18265 8
21075 2
21075 8
24166 2
24166 8
26695 2
26695 8
29027 2
29027 8
39575 2
39575 8
43970 2
43970 8
44849 2
44849 8
46314 2
46314 8
49537 2
49537 8
60671 2
60671 8
63015 2
63015 8
63308 2
63308 8
66531 2
66531 8
73472 2
73472 8
81542 2
81542 8
82618 2
82618 8
84770 2
84770 8
86653 2
86653 8
86922 2
86922 8
87998 2
87998 8
94185 2
94185 8
95261 2
95261 8
95530 2
95530 8
96875 2
96875 8
97682 2
97682 8
98220 2
98220 8
99296 2
99296 8
99565 2
99565 8
100641 2
100641 8
100910 2
100910 8
101179 2
101179 8
102255 2
102255 8
102524 2
102524 8
103331 2
103331 8
103600 2
103600 8
103869 2
103869 8
104138 2
104138 8
104676 2
104676 8
105483 2
105483 8
107366 2
107366 8
107635 2
107635 8
107904 2
107904 8
113364 2
113364 8
114729 2
114729 8
116640 2
116640 8
117186 2
117186 8
118824 2
118824 8
119916 2
119916 8
121827 2
121827 8
123192 2
123192 8
125103 2
125103 8
126468 2
126468 8
137661 2
137661 8
140937 2
140937 8
141756 2
141756 8
142575 2
142575 8
144213 2
144213 8
145032 2
145032 8
169777 2
169777 8
178860 2
178860 8
180325 2
180325 8
180618 2
180618 8
190311 2
190311 8
192418 2
192418 8
193923 2
193923 8
194826 2
194826 8
196331 2
196331 8
199642 2
199642 8
199943 2
199943 8
202050 2
202050 8
203555 2
203555 8
208371 2
208371 8
209876 2
209876 8
215896 2
215896 8
217401 2
217401 8
218605 2
218605 8
235096 2
235096 8
245644 2
245644 8
258829 2
258829 8
263810 2
263810 8
264103 2
264103 8
264982 2
264982 8
268205 2
268205 8
275498 2
275498 8
282700 2
282700 8
282977 2
282977 8
284362 2
284362 8
284639 2
284639 8
290733 2
290733 8
