1 411
4646 7
4646 13
4646 2
4848 7
4848 13
4848 2
5252 7
5252 13
5252 2
5757 7
5757 13
5757 2
6161 7
6161 13
6161 2
9090 7
9090 13
9090 2
13130 7
13130 13
13130 2
13231 7
13231 13
13231 2
19594 7
19594 13
19594 2
19796 7
19796 13
19796 2
20301 7
20301 13
20301 2
22018 7
22018 13
22018 2
22119 7
22119 13
22119 2
22725 7
22725 13
22725 2
24745 7
24745 13
24745 2
25755 7
25755 13
25755 2
26361 7
26361 13
26361 2
26866 7
26866 13
26866 2
26967 7
26967 13
26967 2
27775 7
27775 13
27775 2
28179 7
28179 13
28179 2
28684 7
28684 13
28684 2
30603 7
30603 13
30603 2
32825 7
32825 13
32825 2
33734 7
33734 13
33734 2
34239 7
34239 13
34239 2
37774 7
37774 13
37774 2
38077 7
38077 13
38077 2
39491 7
39491 13
39491 2
43026 7
43026 13
43026 2
43632 7
43632 13
43632 2
43935 7
43935 13
43935 2
45349 7
45349 13
45349 2
45652 7
45652 13
45652 2
46258 7
46258 13
46258 2
49591 7
49591 13
49591 2
51914 7
51914 13
51914 2
52722 7
52722 13
52722 2
52823 7
52823 13
52823 2
53025 7
53025 13
53025 2
53631 7
53631 13
53631 2
53732 7
53732 13
53732 2
54136 7
54136 13
54136 2
54237 7
54237 13
54237 2
54641 7
54641 13
54641 2
54742 7
54742 13
54742 2
54843 7
54843 13
54843 2
54944 7
54944 13
54944 2
55045 7
55045 13
55045 2
55146 7
55146 13
55146 2
55247 7
55247 13
55247 2
55449 7
55449 13
55449 2
55651 7
55651 13
55651 2
55954 7
55954 13
55954 2
56156 7
56156 13
56156 2
56257 7
56257 13
56257 2
56358 7
56358 13
56358 2
56459 7
56459 13
56459 2
56560 7
56560 13
56560 2
56661 7
56661 13
56661 2
56762 7
56762 13
56762 2
56863 7
56863 13
56863 2
57065 7
57065 13
57065 2
57166 7
57166 13
57166 2
57368 7
57368 13
57368 2
57671 7
57671 13
57671 2
57873 7
57873 13
57873 2
57974 7
57974 13
57974 2
58075 7
58075 13
58075 2
58479 7
58479 13
58479 2
58580 7
58580 13
58580 2
58681 7
58681 13
58681 2
58883 7
58883 13
58883 2
58984 7
58984 13
58984 2
59287 7
59287 13
59287 2
59388 7
59388 13
59388 2
59792 7
59792 13
59792 2
59893 7
59893 13
59893 2
59994 7
59994 13
59994 2
60903 7
60903 13
60903 2
61610 7
61610 13
61610 2
61812 7
61812 13
61812 2
62620 7
62620 13
62620 2
63428 7
63428 13
63428 2
63832 7
63832 13
63832 2
64034 7
64034 13
64034 2
64135 7
64135 13
64135 2
64337 7
64337 13
64337 2
64943 7
64943 13
64943 2
65246 7
65246 13
65246 2
65549 7
65549 13
65549 2
65650 7
65650 13
65650 2
65751 7
65751 13
65751 2
65852 7
65852 13
65852 2
66054 7
66054 13
66054 2
66155 7
66155 13
66155 2
66357 7
66357 13
66357 2
66559 7
66559 13
66559 2
66660 7
66660 13
66660 2
67266 7
67266 13
67266 2
67468 7
67468 13
67468 2
68074 7
68074 13
68074 2
68478 7
68478 13
68478 2
69690 7
69690 13
69690 2
70195 7
70195 13
70195 2
70397 7
70397 13
70397 2
70902 7
70902 13
70902 2
71205 7
71205 13
71205 2
71407 7
71407 13
71407 2
71710 7
71710 13
71710 2
72518 7
72518 13
72518 2
73023 7
73023 13
73023 2
73528 7
73528 13
73528 2
74033 7
74033 13
74033 2
75346 7
75346 13
75346 2
76659 7
76659 13
76659 2
76760 7
76760 13
76760 2
83022 7
83022 13
83022 2
85345 7
85345 13
85345 2
87264 7
87264 13
87264 2
88577 7
88577 13
88577 2
91304 7
91304 13
91304 2
92415 7
92415 13
92415 2
92718 7
92718 13
92718 2
93526 7
93526 13
93526 2
96152 7
96152 13
96152 2
97869 7
97869 13
97869 2
97970 7
97970 13
97970 2
98273 7
98273 13
98273 2
98475 7
98475 13
98475 2
98879 7
98879 13
98879 2
100091 7
100091 13
100091 2
100899 7
100899 13
100899 2
101000 7
101000 13
101000 2
101202 7
101202 13
101202 2
102010 7
102010 13
102010 2
102919 7
102919 13
102919 2
2 137
4432 2
4432 8
5263 2
5263 8
7479 2
7479 8
16066 2
16066 8
19944 2
19944 8
45848 2
45848 8
54073 2
54073 8
67562 2
67562 8
71414 2
71414 8
73292 2
73292 8
73605 2
73605 8
73918 2
73918 8
75796 2
75796 8
79552 2
79552 8
84247 2
84247 8
85499 2
85499 8
88942 2
88942 8
92698 2
92698 8
93324 2
93324 8
98332 2
98332 8
102088 2
102088 8
128288 2
128288 8
147098 2
147098 8
151088 2
151088 8
152513 2
152513 8
155913 2
155913 8
158563 2
158563 8
162008 2
162008 8
164658 2
164658 8
165453 2
165453 8
179498 2
179498 8
180293 2
180293 8
180558 2
180558 8
181088 2
181088 8
182943 2
182943 8
184003 2
184003 8
184268 2
184268 8
190098 2
190098 8
192218 2
192218 8
193543 2
193543 8
197721 2
197721 8
198624 2
198624 8
202537 2
202537 8
202838 2
202838 8
203741 2
203741 8
204644 2
204644 8
206450 2
206450 8
219995 2
219995 8
237253 8
237354 8
237556 8
238162 8
238566 8
238667 8
238768 8
243515 8
243616 8
243717 8
243818 8
248161 8
248767 8
248868 8
250080 8
250282 8
250484 8
250585 8
250686 8
250787 8
250888 8
251292 8
251696 8
253009 8
253211 8
254928 8
256847 8
257049 8
257655 8
257857 8
258059 8
258160 8
258261 8
258362 8
258564 8
258665 8
258766 8
258867 8
258968 8
259675 8
259776 8
7 269
505 7
505 13
505 2
707 7
707 13
707 2
3636 7
3636 13
3636 2
4646 7
4646 13
4646 2
5959 7
5959 13
5959 2
6565 7
6565 13
6565 2
7272 7
7272 13
7272 2
7474 7
7474 13
7474 2
9191 7
9191 13
9191 2
9292 7
9292 13
9292 2
9797 7
9797 13
9797 2
10201 7
10201 13
10201 2
10302 7
10302 13
10302 2
10403 7
10403 13
10403 2
11514 7
11514 13
11514 2
12726 7
12726 13
12726 2
14241 7
14241 13
14241 2
16665 7
16665 13
16665 2
18180 7
18180 13
18180 2
18382 7
18382 13
18382 2
21917 7
21917 13
21917 2
22624 7
22624 13
22624 2
22725 7
22725 13
22725 2
22927 7
22927 13
22927 2
23028 7
23028 13
23028 2
24139 7
24139 13
24139 2
24341 7
24341 13
24341 2
25856 7
25856 13
25856 2
27270 7
27270 13
27270 2
27876 7
27876 13
27876 2
27977 7
27977 13
27977 2
28381 7
28381 13
28381 2
28482 7
28482 13
28482 2
29593 7
29593 13
29593 2
29694 7
29694 13
29694 2
31108 7
31108 13
31108 2
32522 7
32522 13
32522 2
32623 7
32623 13
32623 2
34037 7
34037 13
34037 2
37067 7
37067 13
37067 2
37471 7
37471 13
37471 2
38077 7
38077 13
38077 2
38481 7
38481 13
38481 2
41107 7
41107 13
41107 2
41309 7
41309 13
41309 2
41713 7
41713 13
41713 2
42420 7
42420 13
42420 2
43228 7
43228 13
43228 2
43531 7
43531 13
43531 2
43834 7
43834 13
43834 2
45147 7
45147 13
45147 2
45248 7
45248 13
45248 2
45450 7
45450 13
45450 2
45652 7
45652 13
45652 2
45753 7
45753 13
45753 2
45854 7
45854 13
45854 2
46561 7
46561 13
46561 2
46763 7
46763 13
46763 2
46965 7
46965 13
46965 2
47167 7
47167 13
47167 2
47268 7
47268 13
47268 2
47975 7
47975 13
47975 2
48177 7
48177 13
48177 2
48379 7
48379 13
48379 2
49793 7
49793 13
49793 2
50096 7
50096 13
50096 2
51207 7
51207 13
51207 2
52318 7
52318 13
52318 2
52520 7
52520 13
52520 2
53429 7
53429 13
53429 2
53934 7
53934 13
53934 2
55988 2
55988 8
56771 2
56771 8
57554 2
57554 8
58076 2
58076 8
58337 2
58337 8
59120 2
59120 8
60164 2
60164 8
60686 2
60686 8
61730 2
61730 8
65123 2
65123 8
65906 2
65906 8
67733 2
67733 8
69299 2
69299 8
70865 2
70865 8
71387 2
71387 8
75563 2
75563 8
80522 2
80522 8
89657 2
89657 8
111623 2
111623 8
129578 2
129578 8
141485 2
141485 8
174566 2
174566 8
177376 2
177376 8
179905 2
179905 8
181029 2
181029 8
181591 2
181591 8
184120 2
184120 8
184963 2
184963 8
8 110
202 8
606 8
808 8
2323 8
2424 8
2626 8
4949 8
5555 8
6666 8
6767 8
7070 8
7676 8
7878 8
8787 8
8989 8
11110 8
13029 8
13837 8
14544 8
14948 8
15857 8
15958 8
16160 8
16261 8
16463 8
16968 8
21008 8
21311 8
21412 8
21715 8
22220 8
22321 8
25250 8
28078 8
30906 8
31108 8
31209 8
31310 8
31613 8
31815 8
31916 8
32017 8
32118 8
34138 8
58441 8
59920 8
81747 8
83310 8
83831 8
84352 8
99233 8
108126 8
109681 8
111733 8
112759 8
125541 8
127886 8
135021 8
140889 8
143823 8
149234 8
149739 8
152769 8
153779 8
154284 8
157258 8
157735 8
166990 8
170553 8
173463 8
177612 8
180450 8
181444 8
183432 8
185917 8
186414 8
190366 8
192338 8
192831 8
207258 8
213126 8
225051 8
225504 8
230234 8
231180 8
231653 8
232126 8
232599 8
233072 8
234964 8
235437 8
236383 8
236856 8
237329 8
238748 8
245711 8
253346 8
259209 8
260275 8
260808 8
262940 8
273418 8
274873 8
275358 8
275843 8
276328 8
278268 8
294128 4
297014 10
298415 10
12 1182
0 1
0 1
0 1
0 1
0 1
0 1
0 1
0 1
0 1
0 1
0 1
0 1
0 1
0 1
0 1
0 1
0 1
0 1
0 1
0 1
0 1
0 1
0 1
0 1
0 1
0 1
0 1
0 1
0 1
0 1
0 1
0 1
0 1
0 1
0 1
0 1
0 1
0 1
0 1
0 1
0 1
0 1
0 1
0 1
0 1
0 1
0 1
0 1
0 1
0 1
0 1
0 1
0 1
0 1
0 1
0 1
0 1
0 1
0 1
0 1
0 1
0 1
0 1
0 1
0 1
0 1
0 1
0 1
0 1
0 1
0 1
0 1
0 1
0 1
0 1
0 1
0 1
0 1
0 1
0 1
0 1
0 1
0 1
0 1
0 1
0 1
0 1
0 1
0 1
0 1
0 1
0 1
0 1
0 1
0 1
0 1
0 1
0 1
0 1
0 1
0 1
0 1
0 1
0 1
0 1
0 1
0 1
0 1
0 1
0 1
0 1
0 1
0 1
0 1
0 1
0 1
0 1
0 1
0 1
0 1
0 1
0 1
0 1
0 1
0 1
0 1
0 1
0 1
0 1
0 1
0 1
0 1
0 1
0 1
0 1
0 1
0 1
0 1
0 1
0 1
0 1
0 1
0 1
0 1
0 1
0 1
0 1
0 1
0 1
0 1
0 1
0 1
0 1
0 1
0 1
0 1
0 1
0 1
0 1
0 1
0 1
0 1
0 1
0 1
0 1
0 1
0 1
0 1
0 1
0 1
0 1
0 1
0 1
0 1
0 1
0 1
0 1
0 1
0 1
0 1
0 1
0 1
0 1
0 1
0 1
0 1
0 1
0 1
0 1
0 1
0 1
0 1
0 1
0 1
0 1
0 1
0 1
0 1
0 1
0 1
0 1
0 1
0 1
0 1
0 1
0 1
0 1
0 1
0 1
0 1
0 1
0 1
0 1
0 1
0 1
0 1
0 1
0 1
0 1
0 1
0 1
0 1
0 1
0 1
0 1
0 1
0 1
0 1
0 1
0 1
0 1
0 1
0 1
0 1
0 1
0 1
0 1
0 1
0 1
0 1
0 1
0 1
0 1
0 1
0 1
0 1
0 1
0 1
0 1
0 1
0 1
0 1
0 1
0 1
0 1
0 1
0 1
0 1
0 1
0 1
0 1
0 1
0 1
0 1
0 1
0 1
0 1
0 1
0 1
0 1
0 1
0 1
0 1
0 1
0 1
0 1
0 1
0 1
0 1
0 1
0 1
0 1
0 1
0 1
0 1
0 1
0 1
0 1
0 1
0 1
0 1
0 1
0 1
0 1
0 1
0 1
0 1
0 1
0 1
0 1
0 1
0 1
0 1
0 1
0 1
0 1
0 1
0 1
0 1
0 1
0 1
0 1
0 1
0 1
0 1
0 1
0 1
0 1
0 1
0 1
0 1
0 1
0 1
0 1
0 1
0 1
0 1
0 1
0 1
0 1
0 1
0 1
0 1
0 1
0 1
0 1
0 1
0 1
0 1
0 1
0 1
0 1
0 1
0 1
0 1
0 1
0 1
0 1
0 1
0 1
0 1
0 1
0 1
0 1
0 1
0 1
0 1
0 1
0 1
0 1
0 1
0 1
0 1
0 1
0 1
0 1
0 1
0 1
0 1
0 1
0 1
0 1
0 1
0 1
0 1
0 1
0 1
0 1
0 1
0 1
0 1
0 1
0 1
0 1
0 1
0 1
0 1
0 1
0 1
0 1
0 1
0 1
0 1
0 1
0 1
0 1
0 1
0 1
0 1
0 1
0 1
0 1
0 1
0 1
0 1
0 1
0 1
0 1
0 1
0 1
0 1
0 1
0 1
0 1
0 1
0 1
0 1
0 1
0 1
0 1
0 1
0 1
0 1
0 1
0 1
0 1
0 1
0 1
0 1
0 1
0 1
0 1
0 1
0 1
0 1
0 1
0 1
0 1
0 1
0 1
0 1
0 1
0 1
0 1
0 1
0 1
0 1
0 1
0 1
0 1
0 1
0 1
0 1
0 1
0 1
0 1
0 1
0 1
0 1
0 1
0 1
0 1
0 1
0 1
0 1
0 1
0 1
0 1
0 1
0 1
0 1
0 1
0 1
0 1
0 1
0 1
0 1
0 1
0 1
0 1
0 1
0 1
0 1
0 1
0 1
0 1
0 1
0 1
0 1
0 1
0 1
0 1
0 1
0 1
0 1
0 1
0 1
0 1
0 1
0 1
0 1
0 1
0 1
0 1
0 1
0 1
0 1
0 1
0 1
0 1
0 1
0 1
0 1
0 1
0 1
0 1
0 1
0 1
0 1
0 1
0 1
0 1
0 1
0 1
0 1
0 1
0 1
0 1
0 1
0 1
0 1
0 1
0 1
0 1
0 1
0 1
0 1
0 1
0 1
0 1
0 1
0 1
0 1
0 1
0 1
0 1
0 1
0 1
0 1
0 1
0 1
0 1
0 1
0 1
0 1
0 1
0 1
0 1
0 1
0 1
0 1
0 1
0 1
0 1
0 1
0 1
0 1
0 1
0 1
0 1
0 1
0 1
0 1
0 1
0 1
0 1
0 1
0 1
0 1
0 1
0 1
0 1
0 1
0 1
0 1
0 1
0 1
0 1
0 1
0 1
0 1
0 7
0 7
0 7
0 7
0 7
0 7
0 7
0 7
0 7
0 7
0 7
0 7
0 7
0 7
0 7
0 7
0 7
0 7
0 7
0 7
0 7
0 7
0 7
0 7
0 7
0 7
0 7
0 7
0 7
0 7
0 7
0 7
0 7
0 7
0 7
0 7
0 7
0 7
0 7
0 7
0 7
0 7
0 7
0 7
0 7
0 7
0 7
0 7
0 7
0 7
0 7
0 7
0 7
0 7
0 7
0 7
0 7
0 7
0 7
0 7
0 7
0 7
0 7
0 7
0 7
0 7
0 7
0 7
0 7
0 7
0 7
0 7
0 7
0 7
0 7
0 7
0 7
0 7
0 7
0 7
0 7
0 7
0 7
0 7
0 7
0 7
0 7
0 7
0 7
0 7
0 7
0 7
0 7
0 7
0 7
0 7
0 7
0 7
0 7
0 7
0 7
0 7
0 7
0 7
0 7
0 7
0 7
0 7
0 7
0 7
0 7
0 7
0 7
0 7
0 7
0 7
0 7
0 7
0 7
0 7
0 7
0 7
0 7
0 7
0 7
0 7
0 7
0 7
0 7
0 7
0 7
0 7
0 7
0 7
0 7
0 7
0 7
0 7
0 7
0 7
0 7
0 7
0 7
0 7
0 7
0 7
0 7
0 7
0 7
0 7
0 7
0 7
0 7
0 7
0 7
0 7
0 7
0 7
0 7
0 7
0 7
0 7
0 7
0 7
0 7
0 7
0 7
0 7
0 7
0 7
0 7
0 7
0 7
0 7
0 7
0 7
0 7
0 7
0 7
0 7
0 7
0 7
0 7
0 7
0 7
0 7
0 7
0 7
0 7
0 7
0 7
0 7
0 7
0 7
0 7
0 7
0 7
0 7
0 7
0 7
0 7
0 7
0 7
0 7
0 7
0 7
0 7
0 7
0 7
0 7
0 7
0 7
0 7
0 7
0 7
0 7
0 7
0 7
0 7
0 7
0 7
0 7
0 7
0 7
0 7
0 7
0 7
0 7
0 7
0 7
0 7
0 7
0 7
0 7
0 7
0 7
0 7
0 7
0 7
0 7
0 7
0 7
0 7
0 7
0 7
0 7
0 7
0 7
0 7
0 7
0 7
0 7
0 7
0 7
0 7
0 7
0 7
0 7
0 7
0 7
0 7
0 7
0 7
0 7
0 7
0 7
0 7
0 7
0 7
0 7
0 7
0 7
0 7
0 7
0 7
0 7
0 7
0 7
0 7
0 7
0 7
0 7
0 7
0 7
0 7
0 7
0 7
0 7
0 7
0 7
0 7
0 7
0 7
0 7
0 7
0 7
0 7
0 7
0 7
0 7
0 7
0 7
0 7
0 7
0 7
0 7
0 7
0 7
0 7
0 7
0 7
0 7
0 7
0 7
0 7
0 7
0 7
0 7
0 7
0 7
0 7
0 7
0 7
0 7
0 7
0 7
0 7
0 7
0 7
0 7
0 7
0 7
0 7
0 7
0 7
0 7
0 7
0 7
0 7
0 7
0 7
0 7
0 7
0 7
0 7
0 7
0 7
0 7
0 7
0 7
0 7
0 7
0 7
0 7
0 7
0 7
0 7
0 7
0 7
0 7
0 7
0 7
0 7
0 7
0 7
0 7
0 7
0 7
0 7
0 7
0 7
0 7
0 7
0 7
0 7
0 7
0 7
0 7
0 7
0 7
0 7
0 7
0 7
0 7
0 7
0 7
0 7
0 7
0 7
0 7
0 7
0 7
0 7
0 7
0 7
0 7
0 7
0 7
0 7
0 7
0 7
0 7
0 7
0 7
0 7
0 7
0 7
0 7
0 7
0 7
0 7
0 7
0 7
0 7
0 7
0 7
0 7
0 7
0 7
0 7
0 7
0 7
0 7
0 7
0 7
0 7
0 7
0 7
0 7
0 7
0 7
0 7
0 7
0 7
0 7
0 7
0 7
0 7
0 7
0 7
0 7
0 7
0 7
0 7
0 7
0 7
0 7
0 7
0 7
0 7
0 7
0 7
0 7
0 7
0 7
0 7
0 7
0 7
0 7
0 7
0 7
0 7
0 7
0 7
0 7
0 7
0 7
0 7
0 7
0 7
0 7
0 7
0 7
0 7
0 7
0 7
0 7
0 7
0 7
0 7
0 7
0 7
0 7
0 7
0 7
0 7
0 7
0 7
0 7
0 7
0 7
0 7
0 7
0 7
0 7
0 7
0 7
0 7
0 7
0 7
0 7
0 7
0 7
0 7
0 7
0 7
0 7
0 7
0 7
0 7
0 7
0 7
0 7
0 7
0 7
0 7
0 7
0 7
0 7
0 7
0 7
0 7
0 7
0 7
0 7
0 7
0 7
0 7
0 7
0 7
0 7
0 7
0 7
0 7
0 7
0 7
0 7
0 7
0 7
0 7
0 7
0 7
0 7
0 7
0 7
0 7
0 7
0 7
0 7
0 7
0 7
0 7
0 7
0 7
0 7
0 7
0 7
0 7
0 7
0 7
0 7
0 7
0 7
0 7
0 7
0 7
0 7
0 7
0 7
0 7
0 7
0 7
0 7
0 7
0 7
0 7
0 7
0 7
0 7
0 7
0 7
0 7
0 7
0 7
0 7
0 7
0 7
0 7
0 7
0 7
0 7
13 206
281 2
281 8
1686 2
1686 8
2529 2
2529 8
4215 2
4215 8
4777 2
4777 8
6744 2
6744 8
8149 2
8149 8
9554 2
9554 8
10116 2
10116 8
10678 2
10678 8
10959 2
10959 8
11521 2
11521 8
12645 2
12645 8
13769 2
13769 8
15174 2
15174 8
15736 2
15736 8
16579 2
16579 8
16860 2
16860 8
17141 2
17141 8
17984 2
17984 8
21075 2
21075 8
23604 2
23604 8
24166 2
24166 8
29027 2
29027 8
31957 2
31957 8
33129 2
33129 8
33422 2
33422 8
36352 2
36352 8
43970 2
43970 8
51295 2
51295 8
51588 2
51588 8
53053 2
53053 8
84770 2
84770 8
89881 2
89881 8
94185 2
94185 8
94454 2
94454 8
96606 2
96606 8
97144 2
97144 8
97413 2
97413 8
97682 2
97682 8
97951 2
97951 8
99027 2
99027 8
99296 2
99296 8
99565 2
99565 8
99834 2
99834 8
100103 2
100103 8
100372 2
100372 8
101448 2
101448 8
102255 2
102255 8
102524 2
102524 8
102793 2
102793 8
103331 2
103331 8
103600 2
103600 8
103869 2
103869 8
104138 2
104138 8
104407 2
104407 8
105214 2
105214 8
105752 2
105752 8
106021 2
106021 8
106559 2
106559 8
106828 2
106828 8
107097 2
107097 8
107635 2
107635 8
111453 2
111453 8
112818 2
112818 8
114729 2
114729 8
116640 2
116640 8
118824 2
118824 8
119916 2
119916 8
121827 2
121827 8
122100 2
122100 8
123192 2
123192 8
129471 2
129471 8
131382 2
131382 8
131928 2
131928 8
134658 2
134658 8
144213 2
144213 8
169777 2
169777 8
170949 2
170949 8
178860 2
178860 8
180325 2
180325 8
180618 2
180618 8
190010 2
190010 8
190311 2
190311 8
194826 2
194826 8
196030 2
196030 8
200846 2
200846 8
204458 2
204458 8
210779 2
210779 8
247988 2
247988 8
249160 2
249160 8
251504 2
251504 8
258829 2
258829 8
262345 2
262345 8
263517 2
263517 8
264982 2
264982 8
268205 2
268205 8
275221 2
275221 8
281315 2
281315 8
282700 2
282700 8
285193 2
285193 8
289902 2
289902 8
292118 2
292118 8
