1 348
4444 7
4444 13
4444 2
6060 7
6060 13
6060 2
9494 7
9494 13
9494 2
9999 7
9999 13
9999 2
13130 7
13130 13
13130 2
17271 7
17271 13
17271 2
22220 7
22220 13
22220 2
23230 7
23230 13
23230 2
24139 7
24139 13
24139 2
25351 7
25351 13
25351 2
25553 7
25553 13
25553 2
26664 7
26664 13
26664 2
27371 7
27371 13
27371 2
27674 7
27674 13
27674 2
27977 7
27977 13
27977 2
29189 7
29189 13
29189 2
30098 7
30098 13
30098 2
30401 7
30401 13
30401 2
31512 7
31512 13
31512 2
33027 7
33027 13
33027 2
33633 7
33633 13
33633 2
34239 7
34239 13
34239 2
34946 7
34946 13
34946 2
35047 7
35047 13
35047 2
39390 7
39390 13
39390 2
40703 7
40703 13
40703 2
42218 7
42218 13
42218 2
44844 7
44844 13
44844 2
46763 7
46763 13
46763 2
48177 7
48177 13
48177 2
48581 7
48581 13
48581 2
48682 7
48682 13
48682 2
51712 7
51712 13
51712 2
52116 7
52116 13
52116 2
52924 7
52924 13
52924 2
53429 7
53429 13
53429 2
53530 7
53530 13
53530 2
54035 7
54035 13
54035 2
54136 7
54136 13
54136 2
54338 7
54338 13
54338 2
54540 7
54540 13
54540 2
54742 7
54742 13
54742 2
54843 7
54843 13
54843 2
55045 7
55045 13
55045 2
55752 7
55752 13
55752 2
55853 7
55853 13
55853 2
55954 7
55954 13
55954 2
56055 7
56055 13
56055 2
56257 7
56257 13
56257 2
56358 7
56358 13
56358 2
56459 7
56459 13
56459 2
56560 7
56560 13
56560 2
57065 7
57065 13
57065 2
57267 7
57267 13
57267 2
57368 7
57368 13
57368 2
57469 7
57469 13
57469 2
57570 7
57570 13
57570 2
57772 7
57772 13
57772 2
57873 7
57873 13
57873 2
57974 7
57974 13
57974 2
58075 7
58075 13
58075 2
58176 7
58176 13
58176 2
58277 7
58277 13
58277 2
58378 7
58378 13
58378 2
58580 7
58580 13
58580 2
58782 7
58782 13
58782 2
58883 7
58883 13
58883 2
58984 7
58984 13
58984 2
59085 7
59085 13
59085 2
59186 7
59186 13
59186 2
59287 7
59287 13
59287 2
59388 7
59388 13
59388 2
59590 7
59590 13
59590 2
59994 7
59994 13
59994 2
60398 7
60398 13
60398 2
61408 7
61408 13
61408 2
62014 7
62014 13
62014 2
62418 7
62418 13
62418 2
62721 7
62721 13
62721 2
63226 7
63226 13
63226 2
63529 7
63529 13
63529 2
63731 7
63731 13
63731 2
63832 7
63832 13
63832 2
64741 7
64741 13
64741 2
65044 7
65044 13
65044 2
66458 7
66458 13
66458 2
68074 7
68074 13
68074 2
68175 7
68175 13
68175 2
68276 7
68276 13
68276 2
68478 7
68478 13
68478 2
68680 7
68680 13
68680 2
68983 7
68983 13
68983 2
69488 7
69488 13
69488 2
69690 7
69690 13
69690 2
70700 7
70700 13
70700 2
71508 7
71508 13
71508 2
72518 7
72518 13
72518 2
72922 7
72922 13
72922 2
73629 7
73629 13
73629 2
79184 7
79184 13
79184 2
79790 7
79790 13
79790 2
83527 7
83527 13
83527 2
86456 7
86456 13
86456 2
87870 7
87870 13
87870 2
88274 7
88274 13
88274 2
89284 7
89284 13
89284 2
92011 7
92011 13
92011 2
92314 7
92314 13
92314 2
95142 7
95142 13
95142 2
96556 7
96556 13
96556 2
98374 7
98374 13
98374 2
98980 7
98980 13
98980 2
99889 7
99889 13
99889 2
99990 7
99990 13
99990 2
101101 7
101101 13
101101 2
103020 7
103020 13
103020 2
2 161
1939 2
1939 8
4986 2
4986 8
6648 2
6648 8
6925 2
6925 8
7202 2
7202 8
8033 2
8033 8
15512 2
15512 8
16066 2
16066 8
16343 2
16343 8
19667 2
19667 8
20221 2
20221 8
20775 2
20775 8
21329 2
21329 8
22818 2
22818 8
26766 2
26766 8
30714 2
30714 8
32359 2
32359 8
57034 2
57034 8
68220 2
68220 8
69207 2
69207 8
73292 2
73292 8
73605 2
73605 8
77361 2
77361 8
77674 2
77674 8
81117 2
81117 8
82995 2
82995 8
83934 2
83934 8
84873 2
84873 8
88942 2
88942 8
92698 2
92698 8
111165 2
111165 8
147098 2
147098 8
147383 2
147383 8
148523 2
148523 8
154508 2
154508 8
159358 2
159358 8
161743 2
161743 8
162803 2
162803 8
165188 2
165188 8
166248 2
166248 8
180293 2
180293 8
180823 2
180823 8
182943 2
182943 8
183208 2
183208 8
183473 2
183473 8
183738 2
183738 8
184268 2
184268 8
184533 2
184533 8
186388 2
186388 8
186653 2
186653 8
187183 2
187183 8
191953 2
191953 8
195313 2
195313 8
203139 2
203139 8
206450 2
206450 8
208256 2
208256 8
216684 2
216684 8
237354 8
237556 8
237657 8
237859 8
238465 8
238566 8
239374 8
239677 8
240283 8
242404 8
245333 8
248262 8
248868 8
248969 8
249070 8
249575 8
249777 8
249878 8
249979 8
250080 8
250181 8
250383 8
250585 8
250888 8
251090 8
251191 8
252100 8
252201 8
252706 8
253413 8
253817 8
254120 8
254928 8
257049 8
257655 8
257958 8
258059 8
258160 8
258261 8
258362 8
258463 8
258564 8
258665 8
258766 8
258867 8
258968 8
259069 8
7 248
1616 7
1616 13
1616 2
2323 7
2323 13
2323 2
3131 7
3131 13
3131 2
6060 7
6060 13
6060 2
6666 7
6666 13
6666 2
7373 7
7373 13
7373 2
8686 7
8686 13
8686 2
10201 7
10201 13
10201 2
10302 7
10302 13
10302 2
10403 7
10403 13
10403 2
11009 7
11009 13
11009 2
11312 7
11312 13
11312 2
14140 7
14140 13
14140 2
16564 7
16564 13
16564 2
16665 7
16665 13
16665 2
18786 7
18786 13
18786 2
19089 7
19089 13
19089 2
20604 7
20604 13
20604 2
21008 7
21008 13
21008 2
21412 7
21412 13
21412 2
21614 7
21614 13
21614 2
22523 7
22523 13
22523 2
26058 7
26058 13
26058 2
26260 7
26260 13
26260 2
27573 7
27573 13
27573 2
27977 7
27977 13
27977 2
28684 7
28684 13
28684 2
29492 7
29492 13
29492 2
29593 7
29593 13
29593 2
29795 7
29795 13
29795 2
31007 7
31007 13
31007 2
31108 7
31108 13
31108 2
31209 7
31209 13
31209 2
32522 7
32522 13
32522 2
32623 7
32623 13
32623 2
37774 7
37774 13
37774 2
38077 7
38077 13
38077 2
39491 7
39491 13
39491 2
39895 7
39895 13
39895 2
40097 7
40097 13
40097 2
40602 7
40602 13
40602 2
40804 7
40804 13
40804 2
41006 7
41006 13
41006 2
41713 7
41713 13
41713 2
42622 7
42622 13
42622 2
42723 7
42723 13
42723 2
43127 7
43127 13
43127 2
43834 7
43834 13
43834 2
44036 7
44036 13
44036 2
44339 7
44339 13
44339 2
44541 7
44541 13
44541 2
46763 7
46763 13
46763 2
46864 7
46864 13
46864 2
46965 7
46965 13
46965 2
48177 7
48177 13
48177 2
49389 7
49389 13
49389 2
49591 7
49591 13
49591 2
50197 7
50197 13
50197 2
50904 7
50904 13
50904 2
52520 7
52520 13
52520 2
58337 2
58337 8
61730 2
61730 8
62513 2
62513 8
63035 2
63035 8
63557 2
63557 8
65123 2
65123 8
67733 2
67733 8
68255 2
68255 8
72170 2
72170 8
72692 2
72692 8
74780 2
74780 8
75563 2
75563 8
76085 2
76085 8
78956 2
78956 8
83915 2
83915 8
87047 2
87047 8
89657 2
89657 8
109343 2
109343 8
122738 2
122738 8
123023 2
123023 8
128438 2
128438 8
128723 2
128723 8
131573 2
131573 8
137117 2
137117 8
139028 2
139028 8
154862 2
154862 8
174004 2
174004 8
174847 2
174847 8
178500 2
178500 8
180186 2
180186 8
181872 2
181872 8
183277 2
183277 8
184963 2
184963 8
186368 2
186368 8
8 114
202 8
606 8
1111 8
1212 8
1414 8
1717 8
5555 8
5858 8
6565 8
6666 8
6969 8
7171 8
11514 8
11716 8
12221 8
12625 8
12827 8
13231 8
14342 8
15251 8
15958 8
16867 8
19897 8
20705 8
21008 8
21109 8
22220 8
22422 8
22927 8
27371 8
28381 8
28886 8
28987 8
30603 8
30906 8
31108 8
31310 8
31613 8
32825 8
33027 8
33128 8
33936 8
57948 8
58934 8
59427 8
59920 8
65299 8
65788 8
81226 8
81747 8
82268 8
83310 8
83831 8
95502 8
109681 8
110194 8
112246 8
113272 8
126010 8
130700 8
141378 8
142845 8
152769 8
153274 8
153779 8
157735 8
158212 8
159643 8
166481 8
166990 8
168008 8
168517 8
170553 8
174385 8
176690 8
177612 8
182438 8
185917 8
186414 8
187408 8
189873 8
192831 8
193324 8
211074 8
214152 8
223692 8
224598 8
226923 8
228815 8
229761 8
230234 8
231180 8
232599 8
233072 8
233545 8
234491 8
236383 8
243867 8
244789 8
245711 8
251214 8
253346 8
261874 8
262407 8
273418 8
274388 8
275843 8
276328 8
276813 8
277298 8
277783 8
294128 4
297014 10
298415 10
12 1206
0 1
0 1
0 1
0 1
0 1
0 1
0 1
0 1
0 1
0 1
0 1
0 1
0 1
0 1
0 1
0 1
0 1
0 1
0 1
0 1
0 1
0 1
0 1
0 1
0 1
0 1
0 1
0 1
0 1
0 1
0 1
0 1
0 1
0 1
0 1
0 1
0 1
0 1
0 1
0 1
0 1
0 1
0 1
0 1
0 1
0 1
0 1
0 1
0 1
0 1
0 1
0 1
0 1
0 1
0 1
0 1
0 1
0 1
0 1
0 1
0 1
0 1
0 1
0 1
0 1
0 1
0 1
0 1
0 1
0 1
0 1
0 1
0 1
0 1
0 1
0 1
0 1
0 1
0 1
0 1
0 1
0 1
0 1
0 1
0 1
0 1
0 1
0 1
0 1
0 1
0 1
0 1
0 1
0 1
0 1
0 1
0 1
0 1
0 1
0 1
0 1
0 1
0 1
0 1
0 1
0 1
0 1
0 1
0 1
0 1
0 1
0 1
0 1
0 1
0 1
0 1
0 1
0 1
0 1
0 1
0 1
0 1
0 1
0 1
0 1
0 1
0 1
0 1
0 1
0 1
0 1
0 1
0 1
0 1
0 1
0 1
0 1
0 1
0 1
0 1
0 1
0 1
0 1
0 1
0 1
0 1
0 1
0 1
0 1
0 1
0 1
0 1
0 1
0 1
0 1
0 1
0 1
0 1
0 1
0 1
0 1
0 1
0 1
0 1
0 1
0 1
0 1
0 1
0 1
0 1
0 1
0 1
0 1
0 1
0 1
0 1
0 1
0 1
0 1
0 1
0 1
0 1
0 1
0 1
0 1
0 1
0 1
0 1
0 1
0 1
0 1
0 1
0 1
0 1
0 1
0 1
0 1
0 1
0 1
0 1
0 1
0 1
0 1
0 1
0 1
0 1
0 1
0 1
0 1
0 1
0 1
0 1
0 1
0 1
0 1
0 1
0 1
0 1
0 1
0 1
0 1
0 1
0 1
0 1
0 1
0 1
0 1
0 1
0 1
0 1
0 1
0 1
0 1
0 1
0 1
0 1
0 1
0 1
0 1
0 1
0 1
0 1
0 1
0 1
0 1
0 1
0 1
0 1
0 1
0 1
0 1
0 1
0 1
0 1
0 1
0 1
0 1
0 1
0 1
0 1
0 1
0 1
0 1
0 1
0 1
0 1
0 1
0 1
0 1
0 1
0 1
0 1
0 1
0 1
0 1
0 1
0 1
0 1
0 1
0 1
0 1
0 1
0 1
0 1
0 1
0 1
0 1
0 1
0 1
0 1
0 1
0 1
0 1
0 1
0 1
0 1
0 1
0 1
0 1
0 1
0 1
0 1
0 1
0 1
0 1
0 1
0 1
0 1
0 1
0 1
0 1
0 1
0 1
0 1
0 1
0 1
0 1
0 1
0 1
0 1
0 1
0 1
0 1
0 1
0 1
0 1
0 1
0 1
0 1
0 1
0 1
0 1
0 1
0 1
0 1
0 1
0 1
0 1
0 1
0 1
0 1
0 1
0 1
0 1
0 1
0 1
0 1
0 1
0 1
0 1
0 1
0 1
0 1
0 1
0 1
0 1
0 1
0 1
0 1
0 1
0 1
0 1
0 1
0 1
0 1
0 1
0 1
0 1
0 1
0 1
0 1
0 1
0 1
0 1
0 1
0 1
0 1
0 1
0 1
0 1
0 1
0 1
0 1
0 1
0 1
0 1
0 1
0 1
0 1
0 1
0 1
0 1
0 1
0 1
0 1
0 1
0 1
0 1
0 1
0 1
0 1
0 1
0 1
0 1
0 1
0 1
0 1
0 1
0 1
0 1
0 1
0 1
0 1
0 1
0 1
0 1
0 1
0 1
0 1
0 1
0 1
0 1
0 1
0 1
0 1
0 1
0 1
0 1
0 1
0 1
0 1
0 1
0 1
0 1
0 1
0 1
0 1
0 1
0 1
0 1
0 1
0 1
0 1
0 1
0 1
0 1
0 1
0 1
0 1
0 1
0 1
0 1
0 1
0 1
0 1
0 1
0 1
0 1
0 1
0 1
0 1
0 1
0 1
0 1
0 1
0 1
0 1
0 1
0 1
0 1
0 1
0 1
0 1
0 1
0 1
0 1
0 1
0 1
0 1
0 1
0 1
0 1
0 1
0 1
0 1
0 1
0 1
0 1
0 1
0 1
0 1
0 1
0 1
0 1
0 1
0 1
0 1
0 1
0 1
0 1
0 1
0 1
0 1
0 1
0 1
0 1
0 1
0 1
0 1
0 1
0 1
0 1
0 1
0 1
0 1
0 1
0 1
0 1
0 1
0 1
0 1
0 1
0 1
0 1
0 1
0 1
0 1
0 1
0 1
0 1
0 1
0 1
0 1
0 1
0 1
0 1
0 1
0 1
0 1
0 1
0 1
0 1
0 1
0 1
0 1
0 1
0 1
0 1
0 1
0 1
0 1
0 1
0 1
0 1
0 1
0 1
0 1
0 1
0 1
0 1
0 1
0 1
0 1
0 1
0 1
0 1
0 1
0 1
0 1
0 1
0 1
0 1
0 1
0 1
0 1
0 1
0 1
0 1
0 1
0 1
0 1
0 1
0 1
0 1
0 1
0 1
0 1
0 1
0 1
0 1
0 1
0 1
0 1
0 1
0 1
0 1
0 1
0 1
0 1
0 1
0 1
0 1
0 1
0 7
0 7
0 7
0 7
0 7
0 7
0 7
0 7
0 7
0 7
0 7
0 7
0 7
0 7
0 7
0 7
0 7
0 7
0 7
0 7
0 7
0 7
0 7
0 7
0 7
0 7
0 7
0 7
0 7
0 7
0 7
0 7
0 7
0 7
0 7
0 7
0 7
0 7
0 7
0 7
0 7
0 7
0 7
0 7
0 7
0 7
0 7
0 7
0 7
0 7
0 7
0 7
0 7
0 7
0 7
0 7
0 7
0 7
0 7
0 7
0 7
0 7
0 7
0 7
0 7
0 7
0 7
0 7
0 7
0 7
0 7
0 7
0 7
0 7
0 7
0 7
0 7
0 7
0 7
0 7
0 7
0 7
0 7
0 7
0 7
0 7
0 7
0 7
0 7
0 7
0 7
0 7
0 7
0 7
0 7
0 7
0 7
0 7
0 7
0 7
0 7
0 7
0 7
0 7
0 7
0 7
0 7
0 7
0 7
0 7
0 7
0 7
0 7
0 7
0 7
0 7
0 7
0 7
0 7
0 7
0 7
0 7
0 7
0 7
0 7
0 7
0 7
0 7
0 7
0 7
0 7
0 7
0 7
0 7
0 7
0 7
0 7
0 7
0 7
0 7
0 7
0 7
0 7
0 7
0 7
0 7
0 7
0 7
0 7
0 7
0 7
0 7
0 7
0 7
0 7
0 7
0 7
0 7
0 7
0 7
0 7
0 7
0 7
0 7
0 7
0 7
0 7
0 7
0 7
0 7
0 7
0 7
0 7
0 7
0 7
0 7
0 7
0 7
0 7
0 7
0 7
0 7
0 7
0 7
0 7
0 7
0 7
0 7
0 7
0 7
0 7
0 7
0 7
0 7
0 7
0 7
0 7
0 7
0 7
0 7
0 7
0 7
0 7
0 7
0 7
0 7
0 7
0 7
0 7
0 7
0 7
0 7
0 7
0 7
0 7
0 7
0 7
0 7
0 7
0 7
0 7
0 7
0 7
0 7
0 7
0 7
0 7
0 7
0 7
0 7
0 7
0 7
0 7
0 7
0 7
0 7
0 7
0 7
0 7
0 7
0 7
0 7
0 7
0 7
0 7
0 7
0 7
0 7
0 7
0 7
0 7
0 7
0 7
0 7
0 7
0 7
0 7
0 7
0 7
0 7
0 7
0 7
0 7
0 7
0 7
0 7
0 7
0 7
0 7
0 7
0 7
0 7
0 7
0 7
0 7
0 7
0 7
0 7
0 7
0 7
0 7
0 7
0 7
0 7
0 7
0 7
0 7
0 7
0 7
0 7
0 7
0 7
0 7
0 7
0 7
0 7
0 7
0 7
0 7
0 7
0 7
0 7
0 7
0 7
0 7
0 7
0 7
0 7
0 7
0 7
0 7
0 7
0 7
0 7
0 7
0 7
0 7
0 7
0 7
0 7
0 7
0 7
0 7
0 7
0 7
0 7
0 7
0 7
0 7
0 7
0 7
0 7
0 7
0 7
0 7
0 7
0 7
0 7
0 7
0 7
0 7
0 7
0 7
0 7
0 7
0 7
0 7
0 7
0 7
0 7
0 7
0 7
0 7
0 7
0 7
0 7
0 7
0 7
0 7
0 7
0 7
0 7
0 7
0 7
0 7
0 7
0 7
0 7
0 7
0 7
0 7
0 7
0 7
0 7
0 7
0 7
0 7
0 7
0 7
0 7
0 7
0 7
0 7
0 7
0 7
0 7
0 7
0 7
0 7
0 7
0 7
0 7
0 7
0 7
0 7
0 7
0 7
0 7
0 7
0 7
0 7
0 7
0 7
0 7
0 7
0 7
0 7
0 7
0 7
0 7
0 7
0 7
0 7
0 7
0 7
0 7
0 7
0 7
0 7
0 7
0 7
0 7
0 7
0 7
0 7
0 7
0 7
0 7
0 7
0 7
0 7
0 7
0 7
0 7
0 7
0 7
0 7
0 7
0 7
0 7
0 7
0 7
0 7
0 7
0 7
0 7
0 7
0 7
0 7
0 7
0 7
0 7
0 7
0 7
0 7
0 7
0 7
0 7
0 7
0 7
0 7
0 7
0 7
0 7
0 7
0 7
0 7
0 7
0 7
0 7
0 7
0 7
0 7
0 7
0 7
0 7
0 7
0 7
0 7
0 7
0 7
0 7
0 7
0 7
0 7
0 7
0 7
0 7
0 7
0 7
0 7
0 7
0 7
0 7
0 7
0 7
0 7
0 7
0 7
0 7
0 7
0 7
0 7
0 7
0 7
0 7
0 7
0 7
0 7
0 7
0 7
0 7
0 7
0 7
0 7
0 7
0 7
0 7
0 7
0 7
0 7
0 7
0 7
0 7
0 7
0 7
0 7
0 7
0 7
0 7
0 7
0 7
0 7
0 7
0 7
0 7
0 7
0 7
0 7
0 7
0 7
0 7
0 7
0 7
0 7
0 7
0 7
0 7
0 7
0 7
0 7
0 7
0 7
0 7
0 7
0 7
0 7
0 7
0 7
0 7
0 7
0 7
0 7
0 7
0 7
0 7
0 7
0 7
0 7
0 7
0 7
0 7
0 7
0 7
0 7
0 7
0 7
0 7
0 7
0 7
0 7
0 7
0 7
0 7
0 7
0 7
0 7
0 7
0 7
0 7
0 7
0 7
0 7
0 7
0 7
0 7
0 7
0 7
0 7
0 7
0 7
0 7
0 7
13 192
562 2
562 8
1686 2
1686 8
3091 2
3091 8
4777 2
4777 8
6463 2
6463 8
7306 2
7306 8
7868 2
7868 8
9554 2
9554 8
10678 2
10678 8
10959 2
10959 8
11521 2
11521 8
12645 2
12645 8
13207 2
13207 8
13769 2
13769 8
15174 2
15174 8
15736 2
15736 8
16860 2
16860 8
17984 2
17984 8
18546 2
18546 8
21075 2
21075 8
23604 2
23604 8
24728 2
24728 8
26695 2
26695 8
36645 2
36645 8
37817 2
37817 8
38696 2
38696 8
41333 2
41333 8
46314 2
46314 8
49537 2
49537 8
51295 2
51295 8
54518 2
54518 8
63308 2
63308 8
81542 2
81542 8
93916 2
93916 8
94185 2
94185 8
96337 2
96337 8
96875 2
96875 8
97144 2
97144 8
97413 2
97413 8
98220 2
98220 8
99296 2
99296 8
100641 2
100641 8
100910 2
100910 8
101179 2
101179 8
102255 2
102255 8
102524 2
102524 8
103062 2
103062 8
104676 2
104676 8
105483 2
105483 8
105752 2
105752 8
106290 2
106290 8
106559 2
106559 8
107635 2
107635 8
112272 2
112272 8
118005 2
118005 8
119643 2
119643 8
124557 2
124557 8
126195 2
126195 8
126468 2
126468 8
129471 2
129471 8
137661 2
137661 8
141756 2
141756 8
142848 2
142848 8
143940 2
143940 8
145851 2
145851 8
180325 2
180325 8
180911 2
180911 8
184134 2
184134 8
191214 2
191214 8
194224 2
194224 8
198438 2
198438 8
198739 2
198739 8
199642 2
199642 8
200846 2
200846 8
202351 2
202351 8
203555 2
203555 8
204759 2
204759 8
205963 2
205963 8
207167 2
207167 8
208371 2
208371 8
226431 2
226431 8
260880 2
260880 8
264103 2
264103 8
264982 2
264982 8
267326 2
267326 8
268205 2
268205 8
274944 2
274944 8
275221 2
275221 8
276052 2
276052 8
278822 2
278822 8
282423 2
282423 8
282700 2
282700 8
285470 2
285470 8
286301 2
286301 8
289902 2
289902 8
290733 2
290733 8
