1 348
3737 7
3737 13
3737 2
4343 7
4343 13
4343 2
8585 7
8585 13
8585 2
14544 7
14544 13
14544 2
20806 7
20806 13
20806 2
23129 7
23129 13
23129 2
23331 7
23331 13
23331 2
24139 7
24139 13
24139 2
24543 7
24543 13
24543 2
26159 7
26159 13
26159 2
27573 7
27573 13
27573 2
28482 7
28482 13
28482 2
28684 7
28684 13
28684 2
31815 7
31815 13
31815 2
31916 7
31916 13
31916 2
34239 7
34239 13
34239 2
34845 7
34845 13
34845 2
35148 7
35148 13
35148 2
35653 7
35653 13
35653 2
37168 7
37168 13
37168 2
37471 7
37471 13
37471 2
42016 7
42016 13
42016 2
43127 7
43127 13
43127 2
43228 7
43228 13
43228 2
44238 7
44238 13
44238 2
46056 7
46056 13
46056 2
46258 7
46258 13
46258 2
46662 7
46662 13
46662 2
47268 7
47268 13
47268 2
47672 7
47672 13
47672 2
51106 7
51106 13
51106 2
51207 7
51207 13
51207 2
51611 7
51611 13
51611 2
52722 7
52722 13
52722 2
53025 7
53025 13
53025 2
53126 7
53126 13
53126 2
53328 7
53328 13
53328 2
53429 7
53429 13
53429 2
53530 7
53530 13
53530 2
53631 7
53631 13
53631 2
53833 7
53833 13
53833 2
54136 7
54136 13
54136 2
54439 7
54439 13
54439 2
54540 7
54540 13
54540 2
54641 7
54641 13
54641 2
54742 7
54742 13
54742 2
54843 7
54843 13
54843 2
54944 7
54944 13
54944 2
55045 7
55045 13
55045 2
55146 7
55146 13
55146 2
55348 7
55348 13
55348 2
55449 7
55449 13
55449 2
55853 7
55853 13
55853 2
56055 7
56055 13
56055 2
56156 7
56156 13
56156 2
56358 7
56358 13
56358 2
56661 7
56661 13
56661 2
56762 7
56762 13
56762 2
56863 7
56863 13
56863 2
57065 7
57065 13
57065 2
57166 7
57166 13
57166 2
57267 7
57267 13
57267 2
57469 7
57469 13
57469 2
57570 7
57570 13
57570 2
57671 7
57671 13
57671 2
57873 7
57873 13
57873 2
57974 7
57974 13
57974 2
58176 7
58176 13
58176 2
58378 7
58378 13
58378 2
58479 7
58479 13
58479 2
58681 7
58681 13
58681 2
58984 7
58984 13
58984 2
59085 7
59085 13
59085 2
59186 7
59186 13
59186 2
59287 7
59287 13
59287 2
59388 7
59388 13
59388 2
60499 7
60499 13
60499 2
60802 7
60802 13
60802 2
61004 7
61004 13
61004 2
61913 7
61913 13
61913 2
62923 7
62923 13
62923 2
64135 7
64135 13
64135 2
64337 7
64337 13
64337 2
65145 7
65145 13
65145 2
65246 7
65246 13
65246 2
65347 7
65347 13
65347 2
65650 7
65650 13
65650 2
65751 7
65751 13
65751 2
66761 7
66761 13
66761 2
67165 7
67165 13
67165 2
67569 7
67569 13
67569 2
67973 7
67973 13
67973 2
68882 7
68882 13
68882 2
68983 7
68983 13
68983 2
69185 7
69185 13
69185 2
69488 7
69488 13
69488 2
69690 7
69690 13
69690 2
71205 7
71205 13
71205 2
71508 7
71508 13
71508 2
71710 7
71710 13
71710 2
72114 7
72114 13
72114 2
72518 7
72518 13
72518 2
72619 7
72619 13
72619 2
72922 7
72922 13
72922 2
73023 7
73023 13
73023 2
73730 7
73730 13
73730 2
74033 7
74033 13
74033 2
76760 7
76760 13
76760 2
85042 7
85042 13
85042 2
88072 7
88072 13
88072 2
90698 7
90698 13
90698 2
92617 7
92617 13
92617 2
93425 7
93425 13
93425 2
93627 7
93627 13
93627 2
93728 7
93728 13
93728 2
102313 7
102313 13
102313 2
2 136
4432 2
4432 8
5263 2
5263 8
5540 2
5540 8
9141 2
9141 8
12465 2
12465 8
12742 2
12742 8
20498 2
20498 8
30714 2
30714 8
54073 2
54073 8
56705 2
56705 8
57363 2
57363 8
67891 2
67891 8
68878 2
68878 8
69207 2
69207 8
69536 2
69536 8
72666 2
72666 8
73292 2
73292 8
77674 2
77674 8
84873 2
84873 8
88629 2
88629 8
88942 2
88942 8
98332 2
98332 8
131708 2
131708 8
148808 2
148808 8
150518 2
150518 8
151943 2
151943 8
156973 2
156973 8
169958 2
169958 8
177378 2
177378 8
179498 2
179498 8
182678 2
182678 8
182943 2
182943 8
183738 2
183738 8
184003 2
184003 8
185328 2
185328 8
186123 2
186123 8
186918 2
186918 8
187448 2
187448 8
189038 2
189038 8
189568 2
189568 8
190628 2
190628 8
191158 2
191158 8
201333 2
201333 8
216082 2
216082 8
216383 2
216383 8
237253 8
237960 8
238061 8
238566 8
238768 8
239172 8
239374 8
239778 8
242606 8
243717 8
244121 8
244222 8
244525 8
244828 8
246545 8
248464 8
248767 8
249070 8
249373 8
249575 8
249878 8
249979 8
250080 8
250181 8
250383 8
250484 8
250585 8
250686 8
250787 8
251292 8
251696 8
252807 8
254120 8
256443 8
257958 8
258059 8
258160 8
258261 8
258362 8
258564 8
258665 8
258766 8
258867 8
258968 8
259170 8
259675 8
7 296
101 7
101 13
101 2
5959 7
5959 13
5959 2
6161 7
6161 13
6161 2
6363 7
6363 13
6363 2
8787 7
8787 13
8787 2
10100 7
10100 13
10100 2
10302 7
10302 13
10302 2
10504 7
10504 13
10504 2
10605 7
10605 13
10605 2
10706 7
10706 13
10706 2
10807 7
10807 13
10807 2
11514 7
11514 13
11514 2
15352 7
15352 13
15352 2
15857 7
15857 13
15857 2
16766 7
16766 13
16766 2
16867 7
16867 13
16867 2
17271 7
17271 13
17271 2
17675 7
17675 13
17675 2
18180 7
18180 13
18180 2
18382 7
18382 13
18382 2
18483 7
18483 13
18483 2
18685 7
18685 13
18685 2
19594 7
19594 13
19594 2
19897 7
19897 13
19897 2
19998 7
19998 13
19998 2
20503 7
20503 13
20503 2
21917 7
21917 13
21917 2
22826 7
22826 13
22826 2
22927 7
22927 13
22927 2
23937 7
23937 13
23937 2
24341 7
24341 13
24341 2
25553 7
25553 13
25553 2
27270 7
27270 13
27270 2
27876 7
27876 13
27876 2
28785 7
28785 13
28785 2
29391 7
29391 13
29391 2
29593 7
29593 13
29593 2
30199 7
30199 13
30199 2
31108 7
31108 13
31108 2
34037 7
34037 13
34037 2
35653 7
35653 13
35653 2
37067 7
37067 13
37067 2
37168 7
37168 13
37168 2
37673 7
37673 13
37673 2
38885 7
38885 13
38885 2
39491 7
39491 13
39491 2
40299 7
40299 13
40299 2
40905 7
40905 13
40905 2
41309 7
41309 13
41309 2
41713 7
41713 13
41713 2
42319 7
42319 13
42319 2
42420 7
42420 13
42420 2
42622 7
42622 13
42622 2
42824 7
42824 13
42824 2
42925 7
42925 13
42925 2
43127 7
43127 13
43127 2
44137 7
44137 13
44137 2
44541 7
44541 13
44541 2
45248 7
45248 13
45248 2
45349 7
45349 13
45349 2
45450 7
45450 13
45450 2
46460 7
46460 13
46460 2
47167 7
47167 13
47167 2
47369 7
47369 13
47369 2
47470 7
47470 13
47470 2
47571 7
47571 13
47571 2
47672 7
47672 13
47672 2
48177 7
48177 13
48177 2
49591 7
49591 13
49591 2
49793 7
49793 13
49793 2
50904 7
50904 13
50904 2
51005 7
51005 13
51005 2
51207 7
51207 13
51207 2
52318 7
52318 13
52318 2
52520 7
52520 13
52520 2
53934 7
53934 13
53934 2
55988 2
55988 8
56510 2
56510 8
58076 2
58076 8
58337 2
58337 8
60164 2
60164 8
60686 2
60686 8
61730 2
61730 8
63557 2
63557 8
65123 2
65123 8
68255 2
68255 8
68777 2
68777 8
71387 2
71387 8
72170 2
72170 8
74780 2
74780 8
75563 2
75563 8
76085 2
76085 8
83915 2
83915 8
94808 2
94808 8
121028 2
121028 8
125018 2
125018 8
126443 2
126443 8
126728 2
126728 8
149675 2
149675 8
154862 2
154862 8
176252 2
176252 8
177376 2
177376 8
178781 2
178781 8
179343 2
179343 8
180186 2
180186 8
181029 2
181029 8
181872 2
181872 8
183839 2
183839 8
185806 2
185806 8
186368 2
186368 8
8 101
202 8
808 8
2424 8
2626 8
2828 8
5555 8
5656 8
6161 8
6767 8
7373 8
7474 8
7575 8
7878 8
8080 8
8282 8
12524 8
13029 8
13130 8
13736 8
13837 8
13938 8
14443 8
14544 8
14645 8
15453 8
15756 8
15857 8
16059 8
16968 8
17170 8
17473 8
18382 8
20301 8
20806 8
21109 8
21614 8
21715 8
22018 8
22119 8
22321 8
28078 8
29088 8
30603 8
30704 8
31108 8
31209 8
31310 8
32219 8
32825 8
32926 8
56962 8
57455 8
57948 8
64321 8
64810 8
65788 8
81747 8
83831 8
84352 8
93370 8
96035 8
99233 8
125541 8
126010 8
130700 8
143334 8
149234 8
149739 8
156781 8
158689 8
159166 8
165972 8
166990 8
176229 8
176690 8
179953 8
180450 8
182935 8
186414 8
197124 8
225504 8
229761 8
230234 8
230707 8
231180 8
231653 8
232599 8
234018 8
234491 8
235437 8
236383 8
249082 8
258143 8
258676 8
260808 8
273418 8
273903 8
274388 8
276328 8
294128 4
297014 10
12 1232
0 1
0 1
0 1
0 1
0 1
0 1
0 1
0 1
0 1
0 1
0 1
0 1
0 1
0 1
0 1
0 1
0 1
0 1
0 1
0 1
0 1
0 1
0 1
0 1
0 1
0 1
0 1
0 1
0 1
0 1
0 1
0 1
0 1
0 1
0 1
0 1
0 1
0 1
0 1
0 1
0 1
0 1
0 1
0 1
0 1
0 1
0 1
0 1
0 1
0 1
0 1
0 1
0 1
0 1
0 1
0 1
0 1
0 1
0 1
0 1
0 1
0 1
0 1
0 1
0 1
0 1
0 1
0 1
0 1
0 1
0 1
0 1
0 1
0 1
0 1
0 1
0 1
0 1
0 1
0 1
0 1
0 1
0 1
0 1
0 1
0 1
0 1
0 1
0 1
0 1
0 1
0 1
0 1
0 1
0 1
0 1
0 1
0 1
0 1
0 1
0 1
0 1
0 1
0 1
0 1
0 1
0 1
0 1
0 1
0 1
0 1
0 1
0 1
0 1
0 1
0 1
0 1
0 1
0 1
0 1
0 1
0 1
0 1
0 1
0 1
0 1
0 1
0 1
0 1
0 1
0 1
0 1
0 1
0 1
0 1
0 1
0 1
0 1
0 1
0 1
0 1
0 1
0 1
0 1
0 1
0 1
0 1
0 1
0 1
0 1
0 1
0 1
0 1
0 1
0 1
0 1
0 1
0 1
0 1
0 1
0 1
0 1
0 1
0 1
0 1
0 1
0 1
0 1
0 1
0 1
0 1
0 1
0 1
0 1
0 1
0 1
0 1
0 1
0 1
0 1
0 1
0 1
0 1
0 1
0 1
0 1
0 1
0 1
0 1
0 1
0 1
0 1
0 1
0 1
0 1
0 1
0 1
0 1
0 1
0 1
0 1
0 1
0 1
0 1
0 1
0 1
0 1
0 1
0 1
0 1
0 1
0 1
0 1
0 1
0 1
0 1
0 1
0 1
0 1
0 1
0 1
0 1
0 1
0 1
0 1
0 1
0 1
0 1
0 1
0 1
0 1
0 1
0 1
0 1
0 1
0 1
0 1
0 1
0 1
0 1
0 1
0 1
0 1
0 1
0 1
0 1
0 1
0 1
0 1
0 1
0 1
0 1
0 1
0 1
0 1
0 1
0 1
0 1
0 1
0 1
0 1
0 1
0 1
0 1
0 1
0 1
0 1
0 1
0 1
0 1
0 1
0 1
0 1
0 1
0 1
0 1
0 1
0 1
0 1
0 1
0 1
0 1
0 1
0 1
0 1
0 1
0 1
0 1
0 1
0 1
0 1
0 1
0 1
0 1
0 1
0 1
0 1
0 1
0 1
0 1
0 1
0 1
0 1
0 1
0 1
0 1
0 1
0 1
0 1
0 1
0 1
0 1
0 1
0 1
0 1
0 1
0 1
0 1
0 1
0 1
0 1
0 1
0 1
0 1
0 1
0 1
0 1
0 1
0 1
0 1
0 1
0 1
0 1
0 1
0 1
0 1
0 1
0 1
0 1
0 1
0 1
0 1
0 1
0 1
0 1
0 1
0 1
0 1
0 1
0 1
0 1
0 1
0 1
0 1
0 1
0 1
0 1
0 1
0 1
0 1
0 1
0 1
0 1
0 1
0 1
0 1
0 1
0 1
0 1
0 1
0 1
0 1
0 1
0 1
0 1
0 1
0 1
0 1
0 1
0 1
0 1
0 1
0 1
0 1
0 1
0 1
0 1
0 1
0 1
0 1
0 1
0 1
0 1
0 1
0 1
0 1
0 1
0 1
0 1
0 1
0 1
0 1
0 1
0 1
0 1
0 1
0 1
0 1
0 1
0 1
0 1
0 1
0 1
0 1
0 1
0 1
0 1
0 1
0 1
0 1
0 1
0 1
0 1
0 1
0 1
0 1
0 1
0 1
0 1
0 1
0 1
0 1
0 1
0 1
0 1
0 1
0 1
0 1
0 1
0 1
0 1
0 1
0 1
0 1
0 1
0 1
0 1
0 1
0 1
0 1
0 1
0 1
0 1
0 1
0 1
0 1
0 1
0 1
0 1
0 1
0 1
0 1
0 1
0 1
0 1
0 1
0 1
0 1
0 1
0 1
0 1
0 1
0 1
0 1
0 1
0 1
0 1
0 1
0 1
0 1
0 1
0 1
0 1
0 1
0 1
0 1
0 1
0 1
0 1
0 1
0 1
0 1
0 1
0 1
0 1
0 1
0 1
0 1
0 1
0 1
0 1
0 1
0 1
0 1
0 1
0 1
0 1
0 1
0 1
0 1
0 1
0 1
0 1
0 1
0 1
0 1
0 1
0 1
0 1
0 1
0 1
0 1
0 1
0 1
0 1
0 1
0 1
0 1
0 1
0 1
0 1
0 1
0 1
0 1
0 1
0 1
0 1
0 1
0 1
0 1
0 1
0 1
0 1
0 1
0 1
0 1
0 1
0 1
0 1
0 1
0 1
0 1
0 1
0 1
0 1
0 1
0 1
0 1
0 1
0 1
0 1
0 1
0 1
0 1
0 1
0 1
0 1
0 1
0 1
0 1
0 1
0 1
0 1
0 1
0 1
0 1
0 1
0 1
0 1
0 1
0 1
0 1
0 1
0 1
0 1
0 1
0 1
0 1
0 1
0 1
0 1
0 1
0 1
0 1
0 1
0 1
0 1
0 1
0 1
0 1
0 1
0 1
0 1
0 1
0 1
0 1
0 1
0 1
0 1
0 1
0 1
0 1
0 1
0 1
0 1
0 1
0 7
0 7
0 7
0 7
0 7
0 7
0 7
0 7
0 7
0 7
0 7
0 7
0 7
0 7
0 7
0 7
0 7
0 7
0 7
0 7
0 7
0 7
0 7
0 7
0 7
0 7
0 7
0 7
0 7
0 7
0 7
0 7
0 7
0 7
0 7
0 7
0 7
0 7
0 7
0 7
0 7
0 7
0 7
0 7
0 7
0 7
0 7
0 7
0 7
0 7
0 7
0 7
0 7
0 7
0 7
0 7
0 7
0 7
0 7
0 7
0 7
0 7
0 7
0 7
0 7
0 7
0 7
0 7
0 7
0 7
0 7
0 7
0 7
0 7
0 7
0 7
0 7
0 7
0 7
0 7
0 7
0 7
0 7
0 7
0 7
0 7
0 7
0 7
0 7
0 7
0 7
0 7
0 7
0 7
0 7
0 7
0 7
0 7
0 7
0 7
0 7
0 7
0 7
0 7
0 7
0 7
0 7
0 7
0 7
0 7
0 7
0 7
0 7
0 7
0 7
0 7
0 7
0 7
0 7
0 7
0 7
0 7
0 7
0 7
0 7
0 7
0 7
0 7
0 7
0 7
0 7
0 7
0 7
0 7
0 7
0 7
0 7
0 7
0 7
0 7
0 7
0 7
0 7
0 7
0 7
0 7
0 7
0 7
0 7
0 7
0 7
0 7
0 7
0 7
0 7
0 7
0 7
0 7
0 7
0 7
0 7
0 7
0 7
0 7
0 7
0 7
0 7
0 7
0 7
0 7
0 7
0 7
0 7
0 7
0 7
0 7
0 7
0 7
0 7
0 7
0 7
0 7
0 7
0 7
0 7
0 7
0 7
0 7
0 7
0 7
0 7
0 7
0 7
0 7
0 7
0 7
0 7
0 7
0 7
0 7
0 7
0 7
0 7
0 7
0 7
0 7
0 7
0 7
0 7
0 7
0 7
0 7
0 7
0 7
0 7
0 7
0 7
0 7
0 7
0 7
0 7
0 7
0 7
0 7
0 7
0 7
0 7
0 7
0 7
0 7
0 7
0 7
0 7
0 7
0 7
0 7
0 7
0 7
0 7
0 7
0 7
0 7
0 7
0 7
0 7
0 7
0 7
0 7
0 7
0 7
0 7
0 7
0 7
0 7
0 7
0 7
0 7
0 7
0 7
0 7
0 7
0 7
0 7
0 7
0 7
0 7
0 7
0 7
0 7
0 7
0 7
0 7
0 7
0 7
0 7
0 7
0 7
0 7
0 7
0 7
0 7
0 7
0 7
0 7
0 7
0 7
0 7
0 7
0 7
0 7
0 7
0 7
0 7
0 7
0 7
0 7
0 7
0 7
0 7
0 7
0 7
0 7
0 7
0 7
0 7
0 7
0 7
0 7
0 7
0 7
0 7
0 7
0 7
0 7
0 7
0 7
0 7
0 7
0 7
0 7
0 7
0 7
0 7
0 7
0 7
0 7
0 7
0 7
0 7
0 7
0 7
0 7
0 7
0 7
0 7
0 7
0 7
0 7
0 7
0 7
0 7
0 7
0 7
0 7
0 7
0 7
0 7
0 7
0 7
0 7
0 7
0 7
0 7
0 7
0 7
0 7
0 7
0 7
0 7
0 7
0 7
0 7
0 7
0 7
0 7
0 7
0 7
0 7
0 7
0 7
0 7
0 7
0 7
0 7
0 7
0 7
0 7
0 7
0 7
0 7
0 7
0 7
0 7
0 7
0 7
0 7
0 7
0 7
0 7
0 7
0 7
0 7
0 7
0 7
0 7
0 7
0 7
0 7
0 7
0 7
0 7
0 7
0 7
0 7
0 7
0 7
0 7
0 7
0 7
0 7
0 7
0 7
0 7
0 7
0 7
0 7
0 7
0 7
0 7
0 7
0 7
0 7
0 7
0 7
0 7
0 7
0 7
0 7
0 7
0 7
0 7
0 7
0 7
0 7
0 7
0 7
0 7
0 7
0 7
0 7
0 7
0 7
0 7
0 7
0 7
0 7
0 7
0 7
0 7
0 7
0 7
0 7
0 7
0 7
0 7
0 7
0 7
0 7
0 7
0 7
0 7
0 7
0 7
0 7
0 7
0 7
0 7
0 7
0 7
0 7
0 7
0 7
0 7
0 7
0 7
0 7
0 7
0 7
0 7
0 7
0 7
0 7
0 7
0 7
0 7
0 7
0 7
0 7
0 7
0 7
0 7
0 7
0 7
0 7
0 7
0 7
0 7
0 7
0 7
0 7
0 7
0 7
0 7
0 7
0 7
0 7
0 7
0 7
0 7
0 7
0 7
0 7
0 7
0 7
0 7
0 7
0 7
0 7
0 7
0 7
0 7
0 7
0 7
0 7
0 7
0 7
0 7
0 7
0 7
0 7
0 7
0 7
0 7
0 7
0 7
0 7
0 7
0 7
0 7
0 7
0 7
0 7
0 7
0 7
0 7
0 7
0 7
0 7
0 7
0 7
0 7
0 7
0 7
0 7
0 7
0 7
0 7
0 7
0 7
0 7
0 7
0 7
0 7
0 7
0 7
0 7
0 7
0 7
0 7
0 7
0 7
0 7
0 7
0 7
0 7
0 7
0 7
0 7
0 7
0 7
0 7
0 7
0 7
0 7
0 7
0 7
0 7
0 7
0 7
0 7
0 7
0 7
0 7
0 7
0 7
0 7
0 7
0 7
0 7
0 7
0 7
0 7
0 7
0 7
0 7
0 7
0 7
0 7
0 7
0 7
0 7
0 7
0 7
0 7
0 7
0 7
13 202
843 2
843 8
2248 2
2248 8
2529 2
2529 8
3934 2
3934 8
4777 2
4777 8
5339 2
5339 8
7306 2
7306 8
7868 2
7868 8
11240 2
11240 8
12645 2
12645 8
12926 2
12926 8
14050 2
14050 8
14331 2
14331 8
15736 2
15736 8
16017 2
16017 8
17141 2
17141 8
17984 2
17984 8
18265 2
18265 8
19951 2
19951 8
21075 2
21075 8
24166 2
24166 8
27269 2
27269 8
29027 2
29027 8
34008 2
34008 8
35766 2
35766 8
37231 2
37231 8
39575 2
39575 8
40454 2
40454 8
48365 2
48365 8
49537 2
49537 8
63308 2
63308 8
85039 2
85039 8
91226 2
91226 8
92033 2
92033 8
94454 2
94454 8
95799 2
95799 8
99027 2
99027 8
99296 2
99296 8
99565 2
99565 8
99834 2
99834 8
100103 2
100103 8
100372 2
100372 8
100641 2
100641 8
100910 2
100910 8
101179 2
101179 8
101448 2
101448 8
102255 2
102255 8
102524 2
102524 8
102793 2
102793 8
103062 2
103062 8
103331 2
103331 8
103600 2
103600 8
103869 2
103869 8
104138 2
104138 8
104407 2
104407 8
104676 2
104676 8
105483 2
105483 8
105752 2
105752 8
106021 2
106021 8
106559 2
106559 8
106828 2
106828 8
107097 2
107097 8
107366 2
107366 8
107904 2
107904 8
115548 2
115548 8
119916 2
119916 8
122919 2
122919 8
123192 2
123192 8
125103 2
125103 8
126195 2
126195 8
128652 2
128652 8
131382 2
131382 8
134658 2
134658 8
141210 2
141210 8
141483 2
141483 8
180032 2
180032 8
180325 2
180325 8
180618 2
180618 8
184720 2
184720 8
191214 2
191214 8
193622 2
193622 8
196030 2
196030 8
197234 2
197234 8
199943 2
199943 8
200846 2
200846 8
204759 2
204759 8
208371 2
208371 8
210478 2
210478 8
211983 2
211983 8
213789 2
213789 8
217401 2
217401 8
245644 2
245644 8
247988 2
247988 8
263810 2
263810 8
268205 2
268205 8
271721 2
271721 8
277714 2
277714 8
280761 2
280761 8
282423 2
282423 8
282977 2
282977 8
285193 2
285193 8
