1 393
2525 7
2525 13
2525 2
4747 7
4747 13
4747 2
5858 7
5858 13
5858 2
6666 7
6666 13
6666 2
7676 7
7676 13
7676 2
8989 7
8989 13
8989 2
9898 7
9898 13
9898 2
11211 7
11211 13
11211 2
11312 7
11312 13
11312 2
13130 7
13130 13
13130 2
13433 7
13433 13
13433 2
13534 7
13534 13
13534 2
20705 7
20705 13
20705 2
22119 7
22119 13
22119 2
22725 7
22725 13
22725 2
23432 7
23432 13
23432 2
23937 7
23937 13
23937 2
24442 7
24442 13
24442 2
24644 7
24644 13
24644 2
25755 7
25755 13
25755 2
26260 7
26260 13
26260 2
26361 7
26361 13
26361 2
29088 7
29088 13
29088 2
29896 7
29896 13
29896 2
31613 7
31613 13
31613 2
32825 7
32825 13
32825 2
32926 7
32926 13
32926 2
33027 7
33027 13
33027 2
33734 7
33734 13
33734 2
34138 7
34138 13
34138 2
36461 7
36461 13
36461 2
37572 7
37572 13
37572 2
38582 7
38582 13
38582 2
38986 7
38986 13
38986 2
42117 7
42117 13
42117 2
43935 7
43935 13
43935 2
45147 7
45147 13
45147 2
45349 7
45349 13
45349 2
46561 7
46561 13
46561 2
46763 7
46763 13
46763 2
48177 7
48177 13
48177 2
49692 7
49692 13
49692 2
51005 7
51005 13
51005 2
53530 7
53530 13
53530 2
53732 7
53732 13
53732 2
53934 7
53934 13
53934 2
54237 7
54237 13
54237 2
54641 7
54641 13
54641 2
54742 7
54742 13
54742 2
54843 7
54843 13
54843 2
54944 7
54944 13
54944 2
55146 7
55146 13
55146 2
55247 7
55247 13
55247 2
55449 7
55449 13
55449 2
55651 7
55651 13
55651 2
55752 7
55752 13
55752 2
55954 7
55954 13
55954 2
56156 7
56156 13
56156 2
56257 7
56257 13
56257 2
56358 7
56358 13
56358 2
56459 7
56459 13
56459 2
56560 7
56560 13
56560 2
56661 7
56661 13
56661 2
56863 7
56863 13
56863 2
57368 7
57368 13
57368 2
57570 7
57570 13
57570 2
57671 7
57671 13
57671 2
57772 7
57772 13
57772 2
57974 7
57974 13
57974 2
58075 7
58075 13
58075 2
58176 7
58176 13
58176 2
58479 7
58479 13
58479 2
58580 7
58580 13
58580 2
58782 7
58782 13
58782 2
58883 7
58883 13
58883 2
59287 7
59287 13
59287 2
59691 7
59691 13
59691 2
59994 7
59994 13
59994 2
60297 7
60297 13
60297 2
61408 7
61408 13
61408 2
61509 7
61509 13
61509 2
62115 7
62115 13
62115 2
62216 7
62216 13
62216 2
62317 7
62317 13
62317 2
62620 7
62620 13
62620 2
63226 7
63226 13
63226 2
63529 7
63529 13
63529 2
63832 7
63832 13
63832 2
64034 7
64034 13
64034 2
64236 7
64236 13
64236 2
64741 7
64741 13
64741 2
64943 7
64943 13
64943 2
65044 7
65044 13
65044 2
65246 7
65246 13
65246 2
65549 7
65549 13
65549 2
65852 7
65852 13
65852 2
66155 7
66155 13
66155 2
66458 7
66458 13
66458 2
66559 7
66559 13
66559 2
66660 7
66660 13
66660 2
67165 7
67165 13
67165 2
67266 7
67266 13
67266 2
67468 7
67468 13
67468 2
67872 7
67872 13
67872 2
68074 7
68074 13
68074 2
68478 7
68478 13
68478 2
69286 7
69286 13
69286 2
69488 7
69488 13
69488 2
70195 7
70195 13
70195 2
70902 7
70902 13
70902 2
71003 7
71003 13
71003 2
71104 7
71104 13
71104 2
72518 7
72518 13
72518 2
75346 7
75346 13
75346 2
76457 7
76457 13
76457 2
76659 7
76659 13
76659 2
83931 7
83931 13
83931 2
86759 7
86759 13
86759 2
86961 7
86961 13
86961 2
88274 7
88274 13
88274 2
88375 7
88375 13
88375 2
90597 7
90597 13
90597 2
95041 7
95041 13
95041 2
96051 7
96051 13
96051 2
100192 7
100192 13
100192 2
100495 7
100495 13
100495 2
101000 7
101000 13
101000 2
101101 7
101101 13
101101 2
101202 7
101202 13
101202 2
101909 7
101909 13
101909 2
102212 7
102212 13
102212 2
2 145
1108 2
1108 8
2216 2
2216 8
4986 2
4986 8
5540 2
5540 8
6648 2
6648 8
6925 2
6925 8
7202 2
7202 8
8033 2
8033 8
9141 2
9141 8
10803 2
10803 8
11080 2
11080 8
19667 2
19667 8
19944 2
19944 8
21052 2
21052 8
24134 2
24134 8
26766 2
26766 8
27095 2
27095 8
69536 2
69536 8
72666 2
72666 8
77361 2
77361 8
81117 2
81117 8
81743 2
81743 8
89255 2
89255 8
91759 2
91759 8
115463 2
115463 8
118883 2
118883 8
150803 2
150803 8
151088 2
151088 8
151373 2
151373 8
151658 2
151658 8
151943 2
151943 8
158298 2
158298 8
159358 2
159358 8
162803 2
162803 8
165453 2
165453 8
174198 2
174198 8
179498 2
179498 8
181088 2
181088 8
182943 2
182943 8
183208 2
183208 8
183738 2
183738 8
184268 2
184268 8
185328 2
185328 8
186388 2
186388 8
186653 2
186653 8
188773 2
188773 8
191158 2
191158 8
193278 2
193278 8
212470 2
212470 8
237657 8
237758 8
237859 8
238263 8
238566 8
238667 8
239475 8
241192 8
243414 8
243515 8
243818 8
248262 8
248666 8
248767 8
249070 8
249171 8
249272 8
249474 8
249676 8
250080 8
250383 8
250585 8
250686 8
250787 8
250888 8
251090 8
251292 8
251797 8
252302 8
252605 8
252908 8
253817 8
254928 8
257150 8
257251 8
257655 8
257958 8
258059 8
258160 8
258261 8
258362 8
258564 8
258665 8
258766 8
258867 8
258968 8
259776 8
7 275
1616 7
1616 13
1616 2
1717 7
1717 13
1717 2
2828 7
2828 13
2828 2
3737 7
3737 13
3737 2
4848 7
4848 13
4848 2
5454 7
5454 13
5454 2
5959 7
5959 13
5959 2
6464 7
6464 13
6464 2
6767 7
6767 13
6767 2
7272 7
7272 13
7272 2
7474 7
7474 13
7474 2
8484 7
8484 13
8484 2
8585 7
8585 13
8585 2
9292 7
9292 13
9292 2
10201 7
10201 13
10201 2
10403 7
10403 13
10403 2
11211 7
11211 13
11211 2
13837 7
13837 13
13837 2
13938 7
13938 13
13938 2
14241 7
14241 13
14241 2
16059 7
16059 13
16059 2
16160 7
16160 13
16160 2
19190 7
19190 13
19190 2
21412 7
21412 13
21412 2
22018 7
22018 13
22018 2
23028 7
23028 13
23028 2
23331 7
23331 13
23331 2
24139 7
24139 13
24139 2
24745 7
24745 13
24745 2
24846 7
24846 13
24846 2
25755 7
25755 13
25755 2
25856 7
25856 13
25856 2
28078 7
28078 13
28078 2
29593 7
29593 13
29593 2
31007 7
31007 13
31007 2
31108 7
31108 13
31108 2
32522 7
32522 13
32522 2
32623 7
32623 13
32623 2
36057 7
36057 13
36057 2
37269 7
37269 13
37269 2
38077 7
38077 13
38077 2
38380 7
38380 13
38380 2
38582 7
38582 13
38582 2
38683 7
38683 13
38683 2
39087 7
39087 13
39087 2
39390 7
39390 13
39390 2
39693 7
39693 13
39693 2
39794 7
39794 13
39794 2
39895 7
39895 13
39895 2
41006 7
41006 13
41006 2
41208 7
41208 13
41208 2
41410 7
41410 13
41410 2
41612 7
41612 13
41612 2
41713 7
41713 13
41713 2
41814 7
41814 13
41814 2
42723 7
42723 13
42723 2
43632 7
43632 13
43632 2
43834 7
43834 13
43834 2
44238 7
44238 13
44238 2
44844 7
44844 13
44844 2
45753 7
45753 13
45753 2
46763 7
46763 13
46763 2
46965 7
46965 13
46965 2
47268 7
47268 13
47268 2
48177 7
48177 13
48177 2
48379 7
48379 13
48379 2
48682 7
48682 13
48682 2
51106 7
51106 13
51106 2
51207 7
51207 13
51207 2
52318 7
52318 13
52318 2
52520 7
52520 13
52520 2
53833 7
53833 13
53833 2
54742 7
54742 13
54742 2
58337 2
58337 8
59120 2
59120 8
61730 2
61730 8
67733 2
67733 8
68255 2
68255 8
69560 2
69560 8
70865 2
70865 8
71387 2
71387 8
71648 2
71648 8
74258 2
74258 8
74780 2
74780 8
75563 2
75563 8
76085 2
76085 8
78956 2
78956 8
80522 2
80522 8
84698 2
84698 8
87047 2
87047 8
122738 2
122738 8
125018 2
125018 8
125303 2
125303 8
125588 2
125588 8
125873 2
125873 8
126158 2
126158 8
126443 2
126443 8
129008 2
129008 8
174566 2
174566 8
177376 2
177376 8
183839 2
183839 8
8 109
808 8
1717 8
2323 8
5454 8
5555 8
7171 8
7676 8
7878 8
8484 8
8787 8
13231 8
14241 8
14544 8
16160 8
16261 8
17069 8
18079 8
20907 8
21008 8
21513 8
21715 8
22321 8
23230 8
26462 8
27674 8
28583 8
29795 8
30401 8
31007 8
31108 8
31209 8
31310 8
31411 8
31613 8
31916 8
33936 8
42325 8
54990 8
56469 8
56962 8
63832 8
81226 8
81747 8
82268 8
83310 8
83831 8
99233 8
109681 8
110194 8
112246 8
113272 8
114298 8
126010 8
127886 8
130700 8
140889 8
142845 8
148729 8
149234 8
153274 8
153779 8
154284 8
156781 8
157258 8
158689 8
159166 8
161074 8
165972 8
168517 8
170553 8
176229 8
177612 8
180450 8
181941 8
185917 8
186414 8
187408 8
189380 8
189873 8
192831 8
193324 8
207258 8
210561 8
213126 8
213639 8
224598 8
229761 8
230234 8
230707 8
231180 8
231653 8
232126 8
233072 8
233545 8
234964 8
236856 8
237329 8
237802 8
238275 8
243406 8
244789 8
253346 8
261874 8
273418 8
276328 8
276813 8
277298 8
294128 4
297014 10
13 186
4777 2
4777 8
5339 2
5339 8
5901 2
5901 8
7868 2
7868 8
8992 2
8992 8
10678 2
10678 8
11240 2
11240 8
11521 2
11521 8
12645 2
12645 8
14050 2
14050 8
15174 2
15174 8
15455 2
15455 8
15736 2
15736 8
16579 2
16579 8
17141 2
17141 8
17984 2
17984 8
18265 2
18265 8
21075 2
21075 8
24166 2
24166 8
24728 2
24728 8
37817 2
37817 8
38696 2
38696 8
38989 2
38989 8
49830 2
49830 8
63308 2
63308 8
76162 2
76162 8
86922 2
86922 8
94185 2
94185 8
96068 2
96068 8
96337 2
96337 8
96606 2
96606 8
96875 2
96875 8
97144 2
97144 8
97413 2
97413 8
97682 2
97682 8
97951 2
97951 8
98220 2
98220 8
99296 2
99296 8
99565 2
99565 8
100103 2
100103 8
100910 2
100910 8
102255 2
102255 8
102524 2
102524 8
103331 2
103331 8
103600 2
103600 8
103869 2
103869 8
104407 2
104407 8
104676 2
104676 8
105214 2
105214 8
105483 2
105483 8
105752 2
105752 8
106021 2
106021 8
106828 2
106828 8
107097 2
107097 8
107635 2
107635 8
110088 2
110088 8
111453 2
111453 8
113364 2
113364 8
116640 2
116640 8
119916 2
119916 8
121554 2
121554 8
123192 2
123192 8
129471 2
129471 8
131382 2
131382 8
131655 2
131655 8
134658 2
134658 8
137934 2
137934 8
140937 2
140937 8
141756 2
141756 8
142575 2
142575 8
145032 2
145032 8
169777 2
169777 8
177981 2
177981 8
178274 2
178274 8
180618 2
180618 8
184427 2
184427 8
194826 2
194826 8
198438 2
198438 8
200846 2
200846 8
202050 2
202050 8
207769 2
207769 8
215896 2
215896 8
218605 2
218605 8
260587 2
260587 8
262345 2
262345 8
268205 2
268205 8
271721 2
271721 8
275221 2
275221 8
275498 2
275498 8
276883 2
276883 8
278822 2
278822 8
286024 2
286024 8
291287 2
291287 8
