2 115
277 2
277 8
1662 2
1662 8
12465 2
12465 8
16343 2
16343 8
26766 2
26766 8
65588 2
65588 8
67562 2
67562 8
68220 2
68220 8
77361 2
77361 8
81117 2
81117 8
88942 2
88942 8
92698 2
92698 8
94576 2
94576 8
98332 2
98332 8
124868 2
124868 8
128288 2
128288 8
147098 2
147098 8
148238 2
148238 8
150518 2
150518 8
152513 2
152513 8
158563 2
158563 8
161743 2
161743 8
164658 2
164658 8
165188 2
165188 8
182943 2
182943 8
183738 2
183738 8
184003 2
184003 8
184533 2
184533 8
185328 2
185328 8
186388 2
186388 8
187183 2
187183 8
190363 2
190363 8
190628 2
190628 8
195614 2
195614 8
197721 2
197721 8
203139 2
203139 8
217587 2
217587 8
218189 2
218189 8
219995 2
219995 8
237253 8
237354 8
238465 8
238566 8
239071 8
239172 8
239374 8
240384 8
243616 8
243717 8
243818 8
248363 8
248868 8
249575 8
249777 8
249979 8
250080 8
250585 8
250787 8
250888 8
251191 8
251292 8
252403 8
252504 8
256847 8
257655 8
257958 8
258059 8
258160 8
258261 8
258362 8
258564 8
258665 8
258766 8
258867 8
258968 8
259372 8
7 74
55727 2
55727 8
58076 2
58076 8
58337 2
58337 8
59381 2
59381 8
60686 2
60686 8
61730 2
61730 8
65123 2
65123 8
67733 2
67733 8
68777 2
68777 8
70604 2
70604 8
72692 2
72692 8
73475 2
73475 8
74258 2
74258 8
74780 2
74780 8
75563 2
75563 8
83915 2
83915 8
89657 2
89657 8
121028 2
121028 8
121313 2
121313 8
122738 2
122738 8
125588 2
125588 8
129293 2
129293 8
152678 2
152678 8
174004 2
174004 8
174285 2
174285 8
174566 2
174566 8
175690 2
175690 8
176252 2
176252 8
176814 2
176814 8
177095 2
177095 8
178500 2
178500 8
179343 2
179343 8
179905 2
179905 8
180186 2
180186 8
181872 2
181872 8
182434 2
182434 8
184120 2
184120 8
8 100
202 8
505 8
808 8
1111 8
1212 8
1414 8
1717 8
2424 8
4949 8
5757 8
6262 8
6767 8
7171 8
7373 8
7777 8
13231 8
13837 8
14140 8
15352 8
15554 8
15857 8
16059 8
16160 8
16261 8
16564 8
16968 8
17473 8
17574 8
21008 8
21715 8
22321 8
22826 8
24846 8
28078 8
28179 8
28280 8
28381 8
28785 8
29997 8
30906 8
31108 8
31209 8
31815 8
56962 8
57455 8
58441 8
59920 8
60898 8
65299 8
80705 8
81226 8
81747 8
82268 8
83310 8
83831 8
84352 8
95502 8
96035 8
99233 8
108126 8
110707 8
114298 8
126010 8
127886 8
160120 8
164445 8
168008 8
168517 8
173002 8
174846 8
179953 8
183432 8
183929 8
185917 8
186414 8
190366 8
192338 8
210561 8
227869 8
230234 8
231180 8
231653 8
233545 8
234491 8
235437 8
236383 8
237329 8
253346 8
258676 8
259209 8
261341 8
261874 8
262940 8
273903 8
274873 8
275358 8
276813 8
277298 8
277783 8
294128 4
13 186
2248 2
2248 8
2529 2
2529 8
6744 2
6744 8
7868 2
7868 8
8992 2
8992 8
9835 2
9835 8
10678 2
10678 8
10959 2
10959 8
11521 2
11521 8
12926 2
12926 8
13769 2
13769 8
15174 2
15174 8
15736 2
15736 8
16017 2
16017 8
17984 2
17984 8
21075 2
21075 8
21637 2
21637 8
24166 2
24166 8
27269 2
27269 8
36352 2
36352 8
37817 2
37817 8
38989 2
38989 8
43970 2
43970 8
44849 2
44849 8
51588 2
51588 8
63015 2
63015 8
63308 2
63308 8
66531 2
66531 8
71858 2
71858 8
77238 2
77238 8
83694 2
83694 8
93109 2
93109 8
95261 2
95261 8
97144 2
97144 8
97413 2
97413 8
99027 2
99027 8
99296 2
99296 8
99834 2
99834 8
100372 2
100372 8
100641 2
100641 8
100910 2
100910 8
101179 2
101179 8
101448 2
101448 8
102793 2
102793 8
103062 2
103062 8
103600 2
103600 8
103869 2
103869 8
104138 2
104138 8
105483 2
105483 8
105752 2
105752 8
106290 2
106290 8
106828 2
106828 8
107366 2
107366 8
107904 2
107904 8
112818 2
112818 8
114729 2
114729 8
116913 2
116913 8
117186 2
117186 8
123192 2
123192 8
125103 2
125103 8
132201 2
132201 8
132747 2
132747 8
140937 2
140937 8
141756 2
141756 8
142848 2
142848 8
144759 2
144759 8
169484 2
169484 8
169777 2
169777 8
180618 2
180618 8
180911 2
180911 8
190311 2
190311 8
193923 2
193923 8
196030 2
196030 8
198739 2
198739 8
199642 2
199642 8
199943 2
199943 8
202050 2
202050 8
202351 2
202351 8
203555 2
203555 8
206866 2
206866 8
211983 2
211983 8
215896 2
215896 8
235096 2
235096 8
247988 2
247988 8
258829 2
258829 8
259122 2
259122 8
263810 2
263810 8
264982 2
264982 8
268205 2
268205 8
282700 2
282700 8
285193 2
285193 8
286301 2
286301 8
291564 2
291564 8
