2 48
237455 8
237859 8
237960 8
238465 8
238566 8
238667 8
238768 8
238970 8
239374 8
239778 8
240283 8
243515 8
243616 8
243717 8
244323 8
246141 8
248262 8
248363 8
248464 8
248565 8
248666 8
248767 8
249676 8
250080 8
250181 8
250282 8
250383 8
250686 8
250989 8
251393 8
252605 8
252706 8
253009 8
254928 8
255837 8
257453 8
257857 8
257958 8
258059 8
258160 8
258261 8
258362 8
258564 8
258665 8
258766 8
258867 8
258968 8
259271 8
8 98
303 8
606 8
808 8
2323 8
2424 8
2626 8
4848 8
5555 8
6666 8
6969 8
7474 8
7676 8
8181 8
8484 8
10504 8
11514 8
12221 8
12625 8
13029 8
13231 8
13837 8
14443 8
14544 8
14645 8
15251 8
15554 8
16261 8
16968 8
20806 8
21715 8
22927 8
23230 8
25856 8
27371 8
27573 8
27775 8
27977 8
28886 8
29391 8
29492 8
30805 8
31108 8
31209 8
31310 8
31916 8
32017 8
34138 8
56469 8
57455 8
64321 8
65788 8
81747 8
83831 8
95502 8
96035 8
99233 8
111733 8
125541 8
135021 8
140889 8
152769 8
153274 8
157735 8
158689 8
159643 8
160597 8
161074 8
166990 8
168517 8
170553 8
176690 8
177612 8
186414 8
192338 8
192831 8
207258 8
212613 8
213126 8
224598 8
225051 8
225504 8
229761 8
230234 8
231180 8
232599 8
233072 8
233545 8
234018 8
235437 8
251214 8
259209 8
261341 8
261874 8
274873 8
277298 8
294128 4
297014 10
298415 10
