8 75
44906 8
57455 8
59920 8
64321 8
65299 8
80705 8
81226 8
81747 8
82268 8
83831 8
84352 8
92837 8
109168 8
109681 8
125541 8
127886 8
143334 8
148729 8
151759 8
152769 8
153274 8
153779 8
154284 8
156781 8
157258 8
159166 8
160120 8
165972 8
168008 8
168517 8
170553 8
174385 8
177151 8
179953 8
180450 8
182438 8
182935 8
185917 8
186414 8
192338 8
192831 8
193324 8
211074 8
213126 8
213639 8
214152 8
226450 8
226923 8
229761 8
230707 8
231180 8
231653 8
232126 8
233072 8
233545 8
234018 8
234491 8
234964 8
235437 8
236383 8
236856 8
238748 8
249082 8
250681 8
251214 8
259209 8
259742 8
260275 8
262940 8
275358 8
275843 8
276328 8
278268 8
280725 8
294128 4
