1 96
34239 4
34239 7
34239 2
53530 4
53530 7
53530 2
54742 4
54742 7
54742 2
54843 4
54843 7
54843 2
54944 4
54944 7
54944 2
55045 4
55045 7
55045 2
55146 4
55146 7
55146 2
55752 4
55752 7
55752 2
56156 4
56156 7
56156 2
56257 4
56257 7
56257 2
56358 4
56358 7
56358 2
56459 4
56459 7
56459 2
56560 4
56560 7
56560 2
56661 4
56661 7
56661 2
56863 4
56863 7
56863 2
57469 4
57469 7
57469 2
57570 4
57570 7
57570 2
57671 4
57671 7
57671 2
57772 4
57772 7
57772 2
57873 4
57873 7
57873 2
57974 4
57974 7
57974 2
58075 4
58075 7
58075 2
58176 4
58176 7
58176 2
58580 4
58580 7
58580 2
58883 4
58883 7
58883 2
58984 4
58984 7
58984 2
59287 4
59287 7
59287 2
63832 4
63832 7
63832 2
65246 4
65246 7
65246 2
69488 4
69488 7
69488 2
69690 4
69690 7
69690 2
72518 4
72518 7
72518 2
4 45
21412 4
21412 7
21412 2
29593 4
29593 7
29593 2
31108 4
31108 7
31108 2
32623 4
32623 7
32623 2
39491 4
39491 7
39491 2
41713 4
41713 7
41713 2
42622 4
42622 7
42622 2
43127 4
43127 7
43127 2
43834 4
43834 7
43834 2
44541 4
44541 7
44541 2
46965 4
46965 7
46965 2
48177 4
48177 7
48177 2
49591 4
49591 7
49591 2
50904 4
50904 7
50904 2
52318 4
52318 7
52318 2
6 840
0 1
0 1
0 1
0 1
0 1
0 1
0 1
0 1
0 1
0 1
0 1
0 1
0 1
0 1
0 1
0 1
0 1
0 1
0 1
0 1
0 1
0 1
0 1
0 1
0 1
0 1
0 1
0 1
0 1
0 1
0 1
0 1
0 1
0 1
0 1
0 1
0 1
0 1
0 1
0 1
0 1
0 1
0 1
0 1
0 1
0 1
0 1
0 1
0 1
0 1
0 1
0 1
0 1
0 1
0 1
0 1
0 1
0 1
0 1
0 1
0 1
0 1
0 1
0 1
0 1
0 1
0 1
0 1
0 1
0 1
0 1
0 1
0 1
0 1
0 1
0 1
0 1
0 1
0 1
0 1
0 1
0 1
0 1
0 1
0 1
0 1
0 1
0 1
0 1
0 1
0 1
0 1
0 1
0 1
0 1
0 1
0 1
0 1
0 1
0 1
0 1
0 1
0 1
0 1
0 1
0 1
0 1
0 1
0 1
0 1
0 1
0 1
0 1
0 1
0 1
0 1
0 1
0 1
0 1
0 1
0 1
0 1
0 1
0 1
0 1
0 1
0 1
0 1
0 1
0 1
0 1
0 1
0 1
0 1
0 1
0 1
0 1
0 1
0 1
0 1
0 1
0 1
0 1
0 1
0 1
0 1
0 1
0 1
0 1
0 1
0 1
0 1
0 1
0 1
0 1
0 1
0 1
0 1
0 1
0 1
0 1
0 1
0 1
0 1
0 1
0 1
0 1
0 1
0 1
0 1
0 1
0 1
0 1
0 1
0 1
0 1
0 1
0 1
0 1
0 1
0 1
0 1
0 1
0 1
0 1
0 1
0 1
0 1
0 1
0 1
0 1
0 1
0 1
0 1
0 1
0 1
0 1
0 1
0 1
0 1
0 1
0 1
0 1
0 1
0 1
0 1
0 1
0 1
0 1
0 1
0 1
0 1
0 1
0 1
0 1
0 1
0 1
0 1
0 1
0 1
0 1
0 1
0 1
0 1
0 1
0 1
0 1
0 1
0 1
0 1
0 1
0 1
0 1
0 1
0 1
0 1
0 1
0 1
0 1
0 1
0 1
0 1
0 1
0 1
0 1
0 1
0 1
0 1
0 1
0 1
0 1
0 1
0 1
0 1
0 1
0 1
0 1
0 1
0 1
0 1
0 1
0 1
0 1
0 1
0 1
0 1
0 1
0 1
0 1
0 1
0 1
0 1
0 1
0 1
0 1
0 1
0 1
0 1
0 1
0 1
0 1
0 1
0 1
0 1
0 1
0 1
0 1
0 1
0 1
0 1
0 1
0 1
0 1
0 1
0 1
0 1
0 1
0 1
0 1
0 1
0 1
0 1
0 1
0 1
0 1
0 1
0 1
0 1
0 1
0 1
0 1
0 1
0 1
0 1
0 1
0 1
0 1
0 1
0 1
0 1
0 1
0 1
0 1
0 1
0 1
0 1
0 1
0 1
0 1
0 1
0 1
0 1
0 1
0 1
0 1
0 1
0 1
0 1
0 1
0 1
0 1
0 1
0 1
0 1
0 1
0 1
0 1
0 1
0 1
0 1
0 1
0 1
0 1
0 1
0 1
0 1
0 1
0 1
0 1
0 1
0 1
0 1
0 1
0 1
0 1
0 1
0 1
0 1
0 1
0 1
0 1
0 1
0 1
0 1
0 1
0 1
0 1
0 1
0 1
0 1
0 1
0 1
0 1
0 1
0 1
0 1
0 1
0 1
0 1
0 1
0 1
0 1
0 1
0 1
0 1
0 1
0 1
0 1
0 1
0 1
0 1
0 1
0 1
0 1
0 1
0 1
0 1
0 1
0 1
0 1
0 1
0 1
0 1
0 1
0 1
0 1
0 1
0 1
0 1
0 1
0 4
0 4
0 4
0 4
0 4
0 4
0 4
0 4
0 4
0 4
0 4
0 4
0 4
0 4
0 4
0 4
0 4
0 4
0 4
0 4
0 4
0 4
0 4
0 4
0 4
0 4
0 4
0 4
0 4
0 4
0 4
0 4
0 4
0 4
0 4
0 4
0 4
0 4
0 4
0 4
0 4
0 4
0 4
0 4
0 4
0 4
0 4
0 4
0 4
0 4
0 4
0 4
0 4
0 4
0 4
0 4
0 4
0 4
0 4
0 4
0 4
0 4
0 4
0 4
0 4
0 4
0 4
0 4
0 4
0 4
0 4
0 4
0 4
0 4
0 4
0 4
0 4
0 4
0 4
0 4
0 4
0 4
0 4
0 4
0 4
0 4
0 4
0 4
0 4
0 4
0 4
0 4
0 4
0 4
0 4
0 4
0 4
0 4
0 4
0 4
0 4
0 4
0 4
0 4
0 4
0 4
0 4
0 4
0 4
0 4
0 4
0 4
0 4
0 4
0 4
0 4
0 4
0 4
0 4
0 4
0 4
0 4
0 4
0 4
0 4
0 4
0 4
0 4
0 4
0 4
0 4
0 4
0 4
0 4
0 4
0 4
0 4
0 4
0 4
0 4
0 4
0 4
0 4
0 4
0 4
0 4
0 4
0 4
0 4
0 4
0 4
0 4
0 4
0 4
0 4
0 4
0 4
0 4
0 4
0 4
0 4
0 4
0 4
0 4
0 4
0 4
0 4
0 4
0 4
0 4
0 4
0 4
0 4
0 4
0 4
0 4
0 4
0 4
0 4
0 4
0 4
0 4
0 4
0 4
0 4
0 4
0 4
0 4
0 4
0 4
0 4
0 4
0 4
0 4
0 4
0 4
0 4
0 4
0 4
0 4
0 4
0 4
0 4
0 4
0 4
0 4
0 4
0 4
0 4
0 4
0 4
0 4
0 4
0 4
0 4
0 4
0 4
0 4
0 4
0 4
0 4
0 4
0 4
0 4
0 4
0 4
0 4
0 4
0 4
0 4
0 4
0 4
0 4
0 4
0 4
0 4
0 4
0 4
0 4
0 4
0 4
0 4
0 4
0 4
0 4
0 4
0 4
0 4
0 4
0 4
0 4
0 4
0 4
0 4
0 4
0 4
0 4
0 4
0 4
0 4
0 4
0 4
0 4
0 4
0 4
0 4
0 4
0 4
0 4
0 4
0 4
0 4
0 4
0 4
0 4
0 4
0 4
0 4
0 4
0 4
0 4
0 4
0 4
0 4
0 4
0 4
0 4
0 4
0 4
0 4
0 4
0 4
0 4
0 4
0 4
0 4
0 4
0 4
0 4
0 4
0 4
0 4
0 4
0 4
0 4
0 4
0 4
0 4
0 4
0 4
0 4
0 4
0 4
0 4
0 4
0 4
0 4
0 4
0 4
0 4
0 4
0 4
0 4
0 4
0 4
0 4
0 4
0 4
0 4
0 4
0 4
0 4
0 4
0 4
0 4
0 4
0 4
0 4
0 4
0 4
0 4
0 4
0 4
0 4
0 4
0 4
0 4
0 4
0 4
0 4
0 4
0 4
0 4
0 4
0 4
0 4
0 4
0 4
0 4
0 4
0 4
0 4
0 4
0 4
0 4
0 4
0 4
0 4
0 4
0 4
0 4
0 4
0 4
0 4
0 4
0 4
0 4
0 4
0 4
0 4
0 4
0 4
0 4
0 4
0 4
0 4
0 4
0 4
0 4
0 4
0 4
0 4
0 4
0 4
0 4
0 4
0 4
0 4
0 4
0 4
0 4
0 4
0 4
0 4
0 4
0 4
0 4
0 4
0 4
0 4
0 4
0 4
0 4
0 4
0 4
0 4
0 4
0 4
0 4
0 4
