1 126
13130 4
13130 7
13130 2
24139 4
24139 7
24139 2
24543 4
24543 7
24543 2
26361 4
26361 7
26361 2
53025 4
53025 7
53025 2
53429 4
53429 7
53429 2
53530 4
53530 7
53530 2
53631 4
53631 7
53631 2
54136 4
54136 7
54136 2
54540 4
54540 7
54540 2
54641 4
54641 7
54641 2
55449 4
55449 7
55449 2
55853 4
55853 7
55853 2
55954 4
55954 7
55954 2
56055 4
56055 7
56055 2
57065 4
57065 7
57065 2
57166 4
57166 7
57166 2
57267 4
57267 7
57267 2
57368 4
57368 7
57368 2
57974 4
57974 7
57974 2
58277 4
58277 7
58277 2
58479 4
58479 7
58479 2
58681 4
58681 7
58681 2
58782 4
58782 7
58782 2
59085 4
59085 7
59085 2
59186 4
59186 7
59186 2
59287 4
59287 7
59287 2
59388 4
59388 7
59388 2
61408 4
61408 7
61408 2
64135 4
64135 7
64135 2
66458 4
66458 7
66458 2
67165 4
67165 7
67165 2
68074 4
68074 7
68074 2
68478 4
68478 7
68478 2
70902 4
70902 7
70902 2
71508 4
71508 7
71508 2
71710 4
71710 7
71710 2
72518 4
72518 7
72518 2
72922 4
72922 7
72922 2
73023 4
73023 7
73023 2
76659 4
76659 7
76659 2
101101 4
101101 7
101101 2
2 4
184003 2
184003 5
184268 2
184268 5
4 96
5959 4
5959 7
5959 2
6060 4
6060 7
6060 2
10201 4
10201 7
10201 2
10302 4
10302 7
10302 2
10403 4
10403 7
10403 2
18180 4
18180 7
18180 2
24341 4
24341 7
24341 2
27977 4
27977 7
27977 2
31007 4
31007 7
31007 2
31108 4
31108 7
31108 2
32522 4
32522 7
32522 2
37067 4
37067 7
37067 2
38077 4
38077 7
38077 2
39491 4
39491 7
39491 2
39895 4
39895 7
39895 2
40299 4
40299 7
40299 2
41006 4
41006 7
41006 2
41309 4
41309 7
41309 2
41713 4
41713 7
41713 2
42420 4
42420 7
42420 2
42622 4
42622 7
42622 2
43127 4
43127 7
43127 2
44137 4
44137 7
44137 2
45248 4
45248 7
45248 2
45450 4
45450 7
45450 2
46763 4
46763 7
46763 2
47167 4
47167 7
47167 2
48177 4
48177 7
48177 2
49591 4
49591 7
49591 2
51207 4
51207 7
51207 2
52520 4
52520 7
52520 2
53934 4
53934 7
53934 2
6 1088
0 1
0 1
0 1
0 1
0 1
0 1
0 1
0 1
0 1
0 1
0 1
0 1
0 1
0 1
0 1
0 1
0 1
0 1
0 1
0 1
0 1
0 1
0 1
0 1
0 1
0 1
0 1
0 1
0 1
0 1
0 1
0 1
0 1
0 1
0 1
0 1
0 1
0 1
0 1
0 1
0 1
0 1
0 1
0 1
0 1
0 1
0 1
0 1
0 1
0 1
0 1
0 1
0 1
0 1
0 1
0 1
0 1
0 1
0 1
0 1
0 1
0 1
0 1
0 1
0 1
0 1
0 1
0 1
0 1
0 1
0 1
0 1
0 1
0 1
0 1
0 1
0 1
0 1
0 1
0 1
0 1
0 1
0 1
0 1
0 1
0 1
0 1
0 1
0 1
0 1
0 1
0 1
0 1
0 1
0 1
0 1
0 1
0 1
0 1
0 1
0 1
0 1
0 1
0 1
0 1
0 1
0 1
0 1
0 1
0 1
0 1
0 1
0 1
0 1
0 1
0 1
0 1
0 1
0 1
0 1
0 1
0 1
0 1
0 1
0 1
0 1
0 1
0 1
0 1
0 1
0 1
0 1
0 1
0 1
0 1
0 1
0 1
0 1
0 1
0 1
0 1
0 1
0 1
0 1
0 1
0 1
0 1
0 1
0 1
0 1
0 1
0 1
0 1
0 1
0 1
0 1
0 1
0 1
0 1
0 1
0 1
0 1
0 1
0 1
0 1
0 1
0 1
0 1
0 1
0 1
0 1
0 1
0 1
0 1
0 1
0 1
0 1
0 1
0 1
0 1
0 1
0 1
0 1
0 1
0 1
0 1
0 1
0 1
0 1
0 1
0 1
0 1
0 1
0 1
0 1
0 1
0 1
0 1
0 1
0 1
0 1
0 1
0 1
0 1
0 1
0 1
0 1
0 1
0 1
0 1
0 1
0 1
0 1
0 1
0 1
0 1
0 1
0 1
0 1
0 1
0 1
0 1
0 1
0 1
0 1
0 1
0 1
0 1
0 1
0 1
0 1
0 1
0 1
0 1
0 1
0 1
0 1
0 1
0 1
0 1
0 1
0 1
0 1
0 1
0 1
0 1
0 1
0 1
0 1
0 1
0 1
0 1
0 1
0 1
0 1
0 1
0 1
0 1
0 1
0 1
0 1
0 1
0 1
0 1
0 1
0 1
0 1
0 1
0 1
0 1
0 1
0 1
0 1
0 1
0 1
0 1
0 1
0 1
0 1
0 1
0 1
0 1
0 1
0 1
0 1
0 1
0 1
0 1
0 1
0 1
0 1
0 1
0 1
0 1
0 1
0 1
0 1
0 1
0 1
0 1
0 1
0 1
0 1
0 1
0 1
0 1
0 1
0 1
0 1
0 1
0 1
0 1
0 1
0 1
0 1
0 1
0 1
0 1
0 1
0 1
0 1
0 1
0 1
0 1
0 1
0 1
0 1
0 1
0 1
0 1
0 1
0 1
0 1
0 1
0 1
0 1
0 1
0 1
0 1
0 1
0 1
0 1
0 1
0 1
0 1
0 1
0 1
0 1
0 1
0 1
0 1
0 1
0 1
0 1
0 1
0 1
0 1
0 1
0 1
0 1
0 1
0 1
0 1
0 1
0 1
0 1
0 1
0 1
0 1
0 1
0 1
0 1
0 1
0 1
0 1
0 1
0 1
0 1
0 1
0 1
0 1
0 1
0 1
0 1
0 1
0 1
0 1
0 1
0 1
0 1
0 1
0 1
0 1
0 1
0 1
0 1
0 1
0 1
0 1
0 1
0 1
0 1
0 1
0 1
0 1
0 1
0 1
0 1
0 1
0 1
0 1
0 1
0 1
0 1
0 1
0 1
0 1
0 1
0 1
0 1
0 1
0 1
0 1
0 1
0 1
0 1
0 1
0 1
0 1
0 1
0 1
0 1
0 1
0 1
0 1
0 1
0 1
0 1
0 1
0 1
0 1
0 1
0 1
0 1
0 1
0 1
0 1
0 1
0 1
0 1
0 1
0 1
0 1
0 1
0 1
0 1
0 1
0 1
0 1
0 1
0 1
0 1
0 1
0 1
0 1
0 1
0 1
0 1
0 1
0 1
0 1
0 1
0 1
0 1
0 1
0 1
0 1
0 1
0 1
0 1
0 1
0 1
0 1
0 1
0 1
0 1
0 1
0 1
0 1
0 1
0 1
0 1
0 1
0 1
0 1
0 1
0 1
0 1
0 1
0 1
0 1
0 1
0 1
0 1
0 1
0 1
0 1
0 1
0 1
0 1
0 1
0 1
0 1
0 1
0 1
0 1
0 1
0 1
0 1
0 1
0 1
0 1
0 1
0 1
0 1
0 1
0 1
0 1
0 1
0 1
0 1
0 1
0 1
0 1
0 1
0 1
0 1
0 1
0 1
0 1
0 1
0 1
0 1
0 1
0 4
0 4
0 4
0 4
0 4
0 4
0 4
0 4
0 4
0 4
0 4
0 4
0 4
0 4
0 4
0 4
0 4
0 4
0 4
0 4
0 4
0 4
0 4
0 4
0 4
0 4
0 4
0 4
0 4
0 4
0 4
0 4
0 4
0 4
0 4
0 4
0 4
0 4
0 4
0 4
0 4
0 4
0 4
0 4
0 4
0 4
0 4
0 4
0 4
0 4
0 4
0 4
0 4
0 4
0 4
0 4
0 4
0 4
0 4
0 4
0 4
0 4
0 4
0 4
0 4
0 4
0 4
0 4
0 4
0 4
0 4
0 4
0 4
0 4
0 4
0 4
0 4
0 4
0 4
0 4
0 4
0 4
0 4
0 4
0 4
0 4
0 4
0 4
0 4
0 4
0 4
0 4
0 4
0 4
0 4
0 4
0 4
0 4
0 4
0 4
0 4
0 4
0 4
0 4
0 4
0 4
0 4
0 4
0 4
0 4
0 4
0 4
0 4
0 4
0 4
0 4
0 4
0 4
0 4
0 4
0 4
0 4
0 4
0 4
0 4
0 4
0 4
0 4
0 4
0 4
0 4
0 4
0 4
0 4
0 4
0 4
0 4
0 4
0 4
0 4
0 4
0 4
0 4
0 4
0 4
0 4
0 4
0 4
0 4
0 4
0 4
0 4
0 4
0 4
0 4
0 4
0 4
0 4
0 4
0 4
0 4
0 4
0 4
0 4
0 4
0 4
0 4
0 4
0 4
0 4
0 4
0 4
0 4
0 4
0 4
0 4
0 4
0 4
0 4
0 4
0 4
0 4
0 4
0 4
0 4
0 4
0 4
0 4
0 4
0 4
0 4
0 4
0 4
0 4
0 4
0 4
0 4
0 4
0 4
0 4
0 4
0 4
0 4
0 4
0 4
0 4
0 4
0 4
0 4
0 4
0 4
0 4
0 4
0 4
0 4
0 4
0 4
0 4
0 4
0 4
0 4
0 4
0 4
0 4
0 4
0 4
0 4
0 4
0 4
0 4
0 4
0 4
0 4
0 4
0 4
0 4
0 4
0 4
0 4
0 4
0 4
0 4
0 4
0 4
0 4
0 4
0 4
0 4
0 4
0 4
0 4
0 4
0 4
0 4
0 4
0 4
0 4
0 4
0 4
0 4
0 4
0 4
0 4
0 4
0 4
0 4
0 4
0 4
0 4
0 4
0 4
0 4
0 4
0 4
0 4
0 4
0 4
0 4
0 4
0 4
0 4
0 4
0 4
0 4
0 4
0 4
0 4
0 4
0 4
0 4
0 4
0 4
0 4
0 4
0 4
0 4
0 4
0 4
0 4
0 4
0 4
0 4
0 4
0 4
0 4
0 4
0 4
0 4
0 4
0 4
0 4
0 4
0 4
0 4
0 4
0 4
0 4
0 4
0 4
0 4
0 4
0 4
0 4
0 4
0 4
0 4
0 4
0 4
0 4
0 4
0 4
0 4
0 4
0 4
0 4
0 4
0 4
0 4
0 4
0 4
0 4
0 4
0 4
0 4
0 4
0 4
0 4
0 4
0 4
0 4
0 4
0 4
0 4
0 4
0 4
0 4
0 4
0 4
0 4
0 4
0 4
0 4
0 4
0 4
0 4
0 4
0 4
0 4
0 4
0 4
0 4
0 4
0 4
0 4
0 4
0 4
0 4
0 4
0 4
0 4
0 4
0 4
0 4
0 4
0 4
0 4
0 4
0 4
0 4
0 4
0 4
0 4
0 4
0 4
0 4
0 4
0 4
0 4
0 4
0 4
0 4
0 4
0 4
0 4
0 4
0 4
0 4
0 4
0 4
0 4
0 4
0 4
0 4
0 4
0 4
0 4
0 4
0 4
0 4
0 4
0 4
0 4
0 4
0 4
0 4
0 4
0 4
0 4
0 4
0 4
0 4
0 4
0 4
0 4
0 4
0 4
0 4
0 4
0 4
0 4
0 4
0 4
0 4
0 4
0 4
0 4
0 4
0 4
0 4
0 4
0 4
0 4
0 4
0 4
0 4
0 4
0 4
0 4
0 4
0 4
0 4
0 4
0 4
0 4
0 4
0 4
0 4
0 4
0 4
0 4
0 4
0 4
0 4
0 4
0 4
0 4
0 4
0 4
0 4
0 4
0 4
0 4
0 4
0 4
0 4
0 4
0 4
0 4
0 4
0 4
0 4
0 4
0 4
0 4
0 4
0 4
0 4
0 4
0 4
0 4
0 4
0 4
0 4
0 4
0 4
0 4
0 4
0 4
0 4
0 4
0 4
0 4
0 4
0 4
0 4
0 4
0 4
0 4
0 4
0 4
0 4
0 4
0 4
0 4
0 4
0 4
0 4
0 4
0 4
0 4
0 4
0 4
0 4
0 4
0 4
0 4
0 4
0 4
0 4
0 4
0 4
0 4
0 4
0 4
7 8
17141 2
17141 5
123192 2
123192 5
140937 2
140937 5
270256 2
270256 5
