1 246
25755 4
25755 7
25755 2
27371 4
27371 7
27371 2
32825 4
32825 7
32825 2
33027 4
33027 7
33027 2
33633 4
33633 7
33633 2
34239 4
34239 7
34239 2
42016 4
42016 7
42016 2
46258 4
46258 7
46258 2
46763 4
46763 7
46763 2
48177 4
48177 7
48177 2
52722 4
52722 7
52722 2
52924 4
52924 7
52924 2
53631 4
53631 7
53631 2
53732 4
53732 7
53732 2
54035 4
54035 7
54035 2
54338 4
54338 7
54338 2
54439 4
54439 7
54439 2
54641 4
54641 7
54641 2
54742 4
54742 7
54742 2
54843 4
54843 7
54843 2
54944 4
54944 7
54944 2
55045 4
55045 7
55045 2
55146 4
55146 7
55146 2
55247 4
55247 7
55247 2
55651 4
55651 7
55651 2
55752 4
55752 7
55752 2
56156 4
56156 7
56156 2
56257 4
56257 7
56257 2
56358 4
56358 7
56358 2
56459 4
56459 7
56459 2
56560 4
56560 7
56560 2
56661 4
56661 7
56661 2
56863 4
56863 7
56863 2
57065 4
57065 7
57065 2
57469 4
57469 7
57469 2
57570 4
57570 7
57570 2
57671 4
57671 7
57671 2
57772 4
57772 7
57772 2
57873 4
57873 7
57873 2
57974 4
57974 7
57974 2
58075 4
58075 7
58075 2
58176 4
58176 7
58176 2
58378 4
58378 7
58378 2
58479 4
58479 7
58479 2
58580 4
58580 7
58580 2
58883 4
58883 7
58883 2
58984 4
58984 7
58984 2
59287 4
59287 7
59287 2
59388 4
59388 7
59388 2
59994 4
59994 7
59994 2
61004 4
61004 7
61004 2
62014 4
62014 7
62014 2
63226 4
63226 7
63226 2
63529 4
63529 7
63529 2
63832 4
63832 7
63832 2
64034 4
64034 7
64034 2
64135 4
64135 7
64135 2
64337 4
64337 7
64337 2
64741 4
64741 7
64741 2
65044 4
65044 7
65044 2
65246 4
65246 7
65246 2
65549 4
65549 7
65549 2
65650 4
65650 7
65650 2
65852 4
65852 7
65852 2
66155 4
66155 7
66155 2
66660 4
66660 7
66660 2
66761 4
66761 7
66761 2
67165 4
67165 7
67165 2
67468 4
67468 7
67468 2
68074 4
68074 7
68074 2
69488 4
69488 7
69488 2
69690 4
69690 7
69690 2
70195 4
70195 7
70195 2
71205 4
71205 7
71205 2
71508 4
71508 7
71508 2
72619 4
72619 7
72619 2
75346 4
75346 7
75346 2
76760 4
76760 7
76760 2
88274 4
88274 7
88274 2
92314 4
92314 7
92314 2
96556 4
96556 7
96556 2
101909 4
101909 7
101909 2
2 18
12465 2
12465 5
12742 2
12742 5
182943 2
182943 5
183208 2
183208 5
185328 2
185328 5
186388 2
186388 5
186653 2
186653 5
216985 2
216985 5
217286 2
217286 5
4 145
1616 4
1616 7
1616 2
7272 4
7272 7
7272 2
9292 4
9292 7
9292 2
10201 4
10201 7
10201 2
10302 4
10302 7
10302 2
10504 4
10504 7
10504 2
11514 4
11514 7
11514 2
14241 4
14241 7
14241 2
16867 4
16867 7
16867 2
18382 4
18382 7
18382 2
19594 4
19594 7
19594 2
19897 4
19897 7
19897 2
21412 4
21412 7
21412 2
21917 4
21917 7
21917 2
22826 4
22826 7
22826 2
22927 4
22927 7
22927 2
24341 4
24341 7
24341 2
24846 4
24846 7
24846 2
25755 4
25755 7
25755 2
27270 4
27270 7
27270 2
27977 4
27977 7
27977 2
28078 4
28078 7
28078 2
28785 4
28785 7
28785 2
29593 4
29593 7
29593 2
31108 4
31108 7
31108 2
31209 4
31209 7
31209 2
32623 4
32623 7
32623 2
34037 4
34037 7
34037 2
40905 4
40905 7
40905 2
41309 4
41309 7
41309 2
41713 4
41713 7
41713 2
42723 4
42723 7
42723 2
43834 4
43834 7
43834 2
44541 4
44541 7
44541 2
45753 4
45753 7
45753 2
46763 4
46763 7
46763 2
46965 4
46965 7
46965 2
47268 4
47268 7
47268 2
48177 4
48177 7
48177 2
48379 4
48379 7
48379 2
50904 4
50904 7
50904 2
51005 4
51005 7
51005 2
51106 4
51106 7
51106 2
52318 4
52318 7
52318 2
52520 4
52520 7
52520 2
58337 2
58337 5
68777 2
68777 5
77651 2
77651 5
177376 2
177376 5
179905 2
179905 5
5 1
31310 5
6 1096
0 1
0 1
0 1
0 1
0 1
0 1
0 1
0 1
0 1
0 1
0 1
0 1
0 1
0 1
0 1
0 1
0 1
0 1
0 1
0 1
0 1
0 1
0 1
0 1
0 1
0 1
0 1
0 1
0 1
0 1
0 1
0 1
0 1
0 1
0 1
0 1
0 1
0 1
0 1
0 1
0 1
0 1
0 1
0 1
0 1
0 1
0 1
0 1
0 1
0 1
0 1
0 1
0 1
0 1
0 1
0 1
0 1
0 1
0 1
0 1
0 1
0 1
0 1
0 1
0 1
0 1
0 1
0 1
0 1
0 1
0 1
0 1
0 1
0 1
0 1
0 1
0 1
0 1
0 1
0 1
0 1
0 1
0 1
0 1
0 1
0 1
0 1
0 1
0 1
0 1
0 1
0 1
0 1
0 1
0 1
0 1
0 1
0 1
0 1
0 1
0 1
0 1
0 1
0 1
0 1
0 1
0 1
0 1
0 1
0 1
0 1
0 1
0 1
0 1
0 1
0 1
0 1
0 1
0 1
0 1
0 1
0 1
0 1
0 1
0 1
0 1
0 1
0 1
0 1
0 1
0 1
0 1
0 1
0 1
0 1
0 1
0 1
0 1
0 1
0 1
0 1
0 1
0 1
0 1
0 1
0 1
0 1
0 1
0 1
0 1
0 1
0 1
0 1
0 1
0 1
0 1
0 1
0 1
0 1
0 1
0 1
0 1
0 1
0 1
0 1
0 1
0 1
0 1
0 1
0 1
0 1
0 1
0 1
0 1
0 1
0 1
0 1
0 1
0 1
0 1
0 1
0 1
0 1
0 1
0 1
0 1
0 1
0 1
0 1
0 1
0 1
0 1
0 1
0 1
0 1
0 1
0 1
0 1
0 1
0 1
0 1
0 1
0 1
0 1
0 1
0 1
0 1
0 1
0 1
0 1
0 1
0 1
0 1
0 1
0 1
0 1
0 1
0 1
0 1
0 1
0 1
0 1
0 1
0 1
0 1
0 1
0 1
0 1
0 1
0 1
0 1
0 1
0 1
0 1
0 1
0 1
0 1
0 1
0 1
0 1
0 1
0 1
0 1
0 1
0 1
0 1
0 1
0 1
0 1
0 1
0 1
0 1
0 1
0 1
0 1
0 1
0 1
0 1
0 1
0 1
0 1
0 1
0 1
0 1
0 1
0 1
0 1
0 1
0 1
0 1
0 1
0 1
0 1
0 1
0 1
0 1
0 1
0 1
0 1
0 1
0 1
0 1
0 1
0 1
0 1
0 1
0 1
0 1
0 1
0 1
0 1
0 1
0 1
0 1
0 1
0 1
0 1
0 1
0 1
0 1
0 1
0 1
0 1
0 1
0 1
0 1
0 1
0 1
0 1
0 1
0 1
0 1
0 1
0 1
0 1
0 1
0 1
0 1
0 1
0 1
0 1
0 1
0 1
0 1
0 1
0 1
0 1
0 1
0 1
0 1
0 1
0 1
0 1
0 1
0 1
0 1
0 1
0 1
0 1
0 1
0 1
0 1
0 1
0 1
0 1
0 1
0 1
0 1
0 1
0 1
0 1
0 1
0 1
0 1
0 1
0 1
0 1
0 1
0 1
0 1
0 1
0 1
0 1
0 1
0 1
0 1
0 1
0 1
0 1
0 1
0 1
0 1
0 1
0 1
0 1
0 1
0 1
0 1
0 1
0 1
0 1
0 1
0 1
0 1
0 1
0 1
0 1
0 1
0 1
0 1
0 1
0 1
0 1
0 1
0 1
0 1
0 1
0 1
0 1
0 1
0 1
0 1
0 1
0 1
0 1
0 1
0 1
0 1
0 1
0 1
0 1
0 1
0 1
0 1
0 1
0 1
0 1
0 1
0 1
0 1
0 1
0 1
0 1
0 1
0 1
0 1
0 1
0 1
0 1
0 1
0 1
0 1
0 1
0 1
0 1
0 1
0 1
0 1
0 1
0 1
0 1
0 1
0 1
0 1
0 1
0 1
0 1
0 1
0 1
0 1
0 1
0 1
0 1
0 1
0 1
0 1
0 1
0 1
0 1
0 1
0 1
0 1
0 1
0 1
0 1
0 1
0 1
0 1
0 1
0 1
0 1
0 1
0 1
0 1
0 1
0 1
0 1
0 1
0 1
0 1
0 1
0 1
0 1
0 1
0 1
0 1
0 1
0 1
0 1
0 1
0 1
0 1
0 1
0 1
0 1
0 1
0 1
0 1
0 1
0 1
0 1
0 1
0 1
0 1
0 1
0 1
0 1
0 1
0 1
0 1
0 1
0 1
0 1
0 1
0 1
0 1
0 1
0 1
0 1
0 1
0 1
0 1
0 1
0 1
0 1
0 1
0 1
0 1
0 1
0 1
0 1
0 1
0 1
0 1
0 1
0 1
0 1
0 1
0 1
0 1
0 1
0 1
0 1
0 1
0 1
0 1
0 1
0 1
0 4
0 4
0 4
0 4
0 4
0 4
0 4
0 4
0 4
0 4
0 4
0 4
0 4
0 4
0 4
0 4
0 4
0 4
0 4
0 4
0 4
0 4
0 4
0 4
0 4
0 4
0 4
0 4
0 4
0 4
0 4
0 4
0 4
0 4
0 4
0 4
0 4
0 4
0 4
0 4
0 4
0 4
0 4
0 4
0 4
0 4
0 4
0 4
0 4
0 4
0 4
0 4
0 4
0 4
0 4
0 4
0 4
0 4
0 4
0 4
0 4
0 4
0 4
0 4
0 4
0 4
0 4
0 4
0 4
0 4
0 4
0 4
0 4
0 4
0 4
0 4
0 4
0 4
0 4
0 4
0 4
0 4
0 4
0 4
0 4
0 4
0 4
0 4
0 4
0 4
0 4
0 4
0 4
0 4
0 4
0 4
0 4
0 4
0 4
0 4
0 4
0 4
0 4
0 4
0 4
0 4
0 4
0 4
0 4
0 4
0 4
0 4
0 4
0 4
0 4
0 4
0 4
0 4
0 4
0 4
0 4
0 4
0 4
0 4
0 4
0 4
0 4
0 4
0 4
0 4
0 4
0 4
0 4
0 4
0 4
0 4
0 4
0 4
0 4
0 4
0 4
0 4
0 4
0 4
0 4
0 4
0 4
0 4
0 4
0 4
0 4
0 4
0 4
0 4
0 4
0 4
0 4
0 4
0 4
0 4
0 4
0 4
0 4
0 4
0 4
0 4
0 4
0 4
0 4
0 4
0 4
0 4
0 4
0 4
0 4
0 4
0 4
0 4
0 4
0 4
0 4
0 4
0 4
0 4
0 4
0 4
0 4
0 4
0 4
0 4
0 4
0 4
0 4
0 4
0 4
0 4
0 4
0 4
0 4
0 4
0 4
0 4
0 4
0 4
0 4
0 4
0 4
0 4
0 4
0 4
0 4
0 4
0 4
0 4
0 4
0 4
0 4
0 4
0 4
0 4
0 4
0 4
0 4
0 4
0 4
0 4
0 4
0 4
0 4
0 4
0 4
0 4
0 4
0 4
0 4
0 4
0 4
0 4
0 4
0 4
0 4
0 4
0 4
0 4
0 4
0 4
0 4
0 4
0 4
0 4
0 4
0 4
0 4
0 4
0 4
0 4
0 4
0 4
0 4
0 4
0 4
0 4
0 4
0 4
0 4
0 4
0 4
0 4
0 4
0 4
0 4
0 4
0 4
0 4
0 4
0 4
0 4
0 4
0 4
0 4
0 4
0 4
0 4
0 4
0 4
0 4
0 4
0 4
0 4
0 4
0 4
0 4
0 4
0 4
0 4
0 4
0 4
0 4
0 4
0 4
0 4
0 4
0 4
0 4
0 4
0 4
0 4
0 4
0 4
0 4
0 4
0 4
0 4
0 4
0 4
0 4
0 4
0 4
0 4
0 4
0 4
0 4
0 4
0 4
0 4
0 4
0 4
0 4
0 4
0 4
0 4
0 4
0 4
0 4
0 4
0 4
0 4
0 4
0 4
0 4
0 4
0 4
0 4
0 4
0 4
0 4
0 4
0 4
0 4
0 4
0 4
0 4
0 4
0 4
0 4
0 4
0 4
0 4
0 4
0 4
0 4
0 4
0 4
0 4
0 4
0 4
0 4
0 4
0 4
0 4
0 4
0 4
0 4
0 4
0 4
0 4
0 4
0 4
0 4
0 4
0 4
0 4
0 4
0 4
0 4
0 4
0 4
0 4
0 4
0 4
0 4
0 4
0 4
0 4
0 4
0 4
0 4
0 4
0 4
0 4
0 4
0 4
0 4
0 4
0 4
0 4
0 4
0 4
0 4
0 4
0 4
0 4
0 4
0 4
0 4
0 4
0 4
0 4
0 4
0 4
0 4
0 4
0 4
0 4
0 4
0 4
0 4
0 4
0 4
0 4
0 4
0 4
0 4
0 4
0 4
0 4
0 4
0 4
0 4
0 4
0 4
0 4
0 4
0 4
0 4
0 4
0 4
0 4
0 4
0 4
0 4
0 4
0 4
0 4
0 4
0 4
0 4
0 4
0 4
0 4
0 4
0 4
0 4
0 4
0 4
0 4
0 4
0 4
0 4
0 4
0 4
0 4
0 4
0 4
0 4
0 4
0 4
0 4
0 4
0 4
0 4
0 4
0 4
0 4
0 4
0 4
0 4
0 4
0 4
0 4
0 4
0 4
0 4
0 4
0 4
0 4
0 4
0 4
0 4
0 4
0 4
0 4
0 4
0 4
0 4
0 4
0 4
0 4
0 4
0 4
0 4
0 4
0 4
0 4
0 4
0 4
0 4
0 4
0 4
0 4
0 4
0 4
0 4
0 4
0 4
0 4
0 4
0 4
0 4
0 4
0 4
0 4
0 4
0 4
0 4
0 4
0 4
0 4
0 4
0 4
0 4
0 4
0 4
0 4
0 4
0 4
0 4
0 4
7 46
562 2
562 5
1124 2
1124 5
4215 2
4215 5
7306 2
7306 5
7868 2
7868 5
14050 2
14050 5
14331 2
14331 5
17984 2
17984 5
21075 2
21075 5
63308 2
63308 5
99296 2
99296 5
102255 2
102255 5
111453 2
111453 5
116640 2
116640 5
118824 2
118824 5
119916 2
119916 5
121281 2
121281 5
121827 2
121827 5
124557 2
124557 5
131655 2
131655 5
134658 2
134658 5
215896 2
215896 5
268205 2
268205 5
