1 294
13130 7
13130 13
13130 2
14544 7
14544 13
14544 2
24139 7
24139 13
24139 2
24442 7
24442 13
24442 2
25755 7
25755 13
25755 2
31815 7
31815 13
31815 2
31916 7
31916 13
31916 2
32926 7
32926 13
32926 2
34239 7
34239 13
34239 2
35653 7
35653 13
35653 2
35855 7
35855 13
35855 2
39390 7
39390 13
39390 2
43935 7
43935 13
43935 2
44238 7
44238 13
44238 2
45349 7
45349 13
45349 2
46763 7
46763 13
46763 2
47672 7
47672 13
47672 2
48581 7
48581 13
48581 2
48682 7
48682 13
48682 2
51611 7
51611 13
51611 2
52722 7
52722 13
52722 2
53025 7
53025 13
53025 2
53126 7
53126 13
53126 2
53328 7
53328 13
53328 2
53429 7
53429 13
53429 2
53530 7
53530 13
53530 2
53732 7
53732 13
53732 2
53833 7
53833 13
53833 2
54136 7
54136 13
54136 2
54237 7
54237 13
54237 2
54540 7
54540 13
54540 2
54742 7
54742 13
54742 2
54843 7
54843 13
54843 2
54944 7
54944 13
54944 2
55045 7
55045 13
55045 2
55146 7
55146 13
55146 2
55449 7
55449 13
55449 2
55853 7
55853 13
55853 2
55954 7
55954 13
55954 2
56055 7
56055 13
56055 2
56257 7
56257 13
56257 2
56358 7
56358 13
56358 2
56560 7
56560 13
56560 2
56661 7
56661 13
56661 2
56762 7
56762 13
56762 2
56863 7
56863 13
56863 2
57166 7
57166 13
57166 2
57267 7
57267 13
57267 2
57368 7
57368 13
57368 2
57570 7
57570 13
57570 2
57671 7
57671 13
57671 2
57772 7
57772 13
57772 2
57873 7
57873 13
57873 2
57974 7
57974 13
57974 2
58075 7
58075 13
58075 2
58176 7
58176 13
58176 2
58378 7
58378 13
58378 2
58681 7
58681 13
58681 2
58782 7
58782 13
58782 2
59085 7
59085 13
59085 2
59186 7
59186 13
59186 2
59287 7
59287 13
59287 2
59388 7
59388 13
59388 2
59893 7
59893 13
59893 2
59994 7
59994 13
59994 2
60802 7
60802 13
60802 2
61408 7
61408 13
61408 2
62923 7
62923 13
62923 2
63226 7
63226 13
63226 2
63832 7
63832 13
63832 2
65246 7
65246 13
65246 2
65347 7
65347 13
65347 2
65751 7
65751 13
65751 2
66054 7
66054 13
66054 2
66559 7
66559 13
66559 2
67569 7
67569 13
67569 2
68074 7
68074 13
68074 2
68276 7
68276 13
68276 2
68478 7
68478 13
68478 2
68882 7
68882 13
68882 2
69286 7
69286 13
69286 2
69488 7
69488 13
69488 2
69690 7
69690 13
69690 2
70397 7
70397 13
70397 2
71205 7
71205 13
71205 2
71508 7
71508 13
71508 2
72316 7
72316 13
72316 2
72518 7
72518 13
72518 2
72922 7
72922 13
72922 2
74033 7
74033 13
74033 2
76760 7
76760 13
76760 2
83931 7
83931 13
83931 2
85042 7
85042 13
85042 2
87870 7
87870 13
87870 2
92415 7
92415 13
92415 2
101000 7
101000 13
101000 2
101202 7
101202 13
101202 2
102313 7
102313 13
102313 2
2 75
5540 2
5540 8
7202 2
7202 8
10803 2
10803 8
11080 2
11080 8
11357 2
11357 8
12465 2
12465 8
16066 2
16066 8
16343 2
16343 8
32359 2
32359 8
53086 2
53086 8
54073 2
54073 8
58021 2
58021 8
77674 2
77674 8
78613 2
78613 8
81430 2
81430 8
85186 2
85186 8
88942 2
88942 8
92698 2
92698 8
98332 2
98332 8
100836 2
100836 8
111165 2
111165 8
162803 2
162803 8
182678 2
182678 8
182943 2
182943 8
183208 2
183208 8
183473 2
183473 8
183738 2
183738 8
184268 2
184268 8
199828 2
199828 8
203139 2
203139 8
204644 2
204644 8
205547 2
205547 8
213674 2
213674 8
216082 2
216082 8
219393 2
219393 8
219995 2
219995 8
249474 8
250585 8
250686 8
7 203
5959 7
5959 13
5959 2
7474 7
7474 13
7474 2
10403 7
10403 13
10403 2
11514 7
11514 13
11514 2
16665 7
16665 13
16665 2
17675 7
17675 13
17675 2
18180 7
18180 13
18180 2
19089 7
19089 13
19089 2
19998 7
19998 13
19998 2
22927 7
22927 13
22927 2
23028 7
23028 13
23028 2
24139 7
24139 13
24139 2
25553 7
25553 13
25553 2
25856 7
25856 13
25856 2
27573 7
27573 13
27573 2
27876 7
27876 13
27876 2
29593 7
29593 13
29593 2
31108 7
31108 13
31108 2
32522 7
32522 13
32522 2
32623 7
32623 13
32623 2
34037 7
34037 13
34037 2
35653 7
35653 13
35653 2
37471 7
37471 13
37471 2
38077 7
38077 13
38077 2
38683 7
38683 13
38683 2
39491 7
39491 13
39491 2
39693 7
39693 13
39693 2
39895 7
39895 13
39895 2
40299 7
40299 13
40299 2
41006 7
41006 13
41006 2
41107 7
41107 13
41107 2
41612 7
41612 13
41612 2
41713 7
41713 13
41713 2
42319 7
42319 13
42319 2
42420 7
42420 13
42420 2
42622 7
42622 13
42622 2
43127 7
43127 13
43127 2
44036 7
44036 13
44036 2
44137 7
44137 13
44137 2
44339 7
44339 13
44339 2
44541 7
44541 13
44541 2
45248 7
45248 13
45248 2
46056 7
46056 13
46056 2
46864 7
46864 13
46864 2
46965 7
46965 13
46965 2
47975 7
47975 13
47975 2
48177 7
48177 13
48177 2
48682 7
48682 13
48682 2
49591 7
49591 13
49591 2
49793 7
49793 13
49793 2
51207 7
51207 13
51207 2
52520 7
52520 13
52520 2
53934 7
53934 13
53934 2
58076 2
58076 8
58337 2
58337 8
59120 2
59120 8
61730 2
61730 8
62513 2
62513 8
65906 2
65906 8
67733 2
67733 8
68255 2
68255 8
68777 2
68777 8
71387 2
71387 8
74780 2
74780 8
75563 2
75563 8
80522 2
80522 8
83915 2
83915 8
89657 2
89657 8
122168 2
122168 8
124733 2
124733 8
125018 2
125018 8
180186 2
180186 8
181872 2
181872 8
183839 2
183839 8
184963 2
184963 8
8 5
202 8
505 8
16261 8
31108 8
34037 8
12 1094
0 1
0 1
0 1
0 1
0 1
0 1
0 1
0 1
0 1
0 1
0 1
0 1
0 1
0 1
0 1
0 1
0 1
0 1
0 1
0 1
0 1
0 1
0 1
0 1
0 1
0 1
0 1
0 1
0 1
0 1
0 1
0 1
0 1
0 1
0 1
0 1
0 1
0 1
0 1
0 1
0 1
0 1
0 1
0 1
0 1
0 1
0 1
0 1
0 1
0 1
0 1
0 1
0 1
0 1
0 1
0 1
0 1
0 1
0 1
0 1
0 1
0 1
0 1
0 1
0 1
0 1
0 1
0 1
0 1
0 1
0 1
0 1
0 1
0 1
0 1
0 1
0 1
0 1
0 1
0 1
0 1
0 1
0 1
0 1
0 1
0 1
0 1
0 1
0 1
0 1
0 1
0 1
0 1
0 1
0 1
0 1
0 1
0 1
0 1
0 1
0 1
0 1
0 1
0 1
0 1
0 1
0 1
0 1
0 1
0 1
0 1
0 1
0 1
0 1
0 1
0 1
0 1
0 1
0 1
0 1
0 1
0 1
0 1
0 1
0 1
0 1
0 1
0 1
0 1
0 1
0 1
0 1
0 1
0 1
0 1
0 1
0 1
0 1
0 1
0 1
0 1
0 1
0 1
0 1
0 1
0 1
0 1
0 1
0 1
0 1
0 1
0 1
0 1
0 1
0 1
0 1
0 1
0 1
0 1
0 1
0 1
0 1
0 1
0 1
0 1
0 1
0 1
0 1
0 1
0 1
0 1
0 1
0 1
0 1
0 1
0 1
0 1
0 1
0 1
0 1
0 1
0 1
0 1
0 1
0 1
0 1
0 1
0 1
0 1
0 1
0 1
0 1
0 1
0 1
0 1
0 1
0 1
0 1
0 1
0 1
0 1
0 1
0 1
0 1
0 1
0 1
0 1
0 1
0 1
0 1
0 1
0 1
0 1
0 1
0 1
0 1
0 1
0 1
0 1
0 1
0 1
0 1
0 1
0 1
0 1
0 1
0 1
0 1
0 1
0 1
0 1
0 1
0 1
0 1
0 1
0 1
0 1
0 1
0 1
0 1
0 1
0 1
0 1
0 1
0 1
0 1
0 1
0 1
0 1
0 1
0 1
0 1
0 1
0 1
0 1
0 1
0 1
0 1
0 1
0 1
0 1
0 1
0 1
0 1
0 1
0 1
0 1
0 1
0 1
0 1
0 1
0 1
0 1
0 1
0 1
0 1
0 1
0 1
0 1
0 1
0 1
0 1
0 1
0 1
0 1
0 1
0 1
0 1
0 1
0 1
0 1
0 1
0 1
0 1
0 1
0 1
0 1
0 1
0 1
0 1
0 1
0 1
0 1
0 1
0 1
0 1
0 1
0 1
0 1
0 1
0 1
0 1
0 1
0 1
0 1
0 1
0 1
0 1
0 1
0 1
0 1
0 1
0 1
0 1
0 1
0 1
0 1
0 1
0 1
0 1
0 1
0 1
0 1
0 1
0 1
0 1
0 1
0 1
0 1
0 1
0 1
0 1
0 1
0 1
0 1
0 1
0 1
0 1
0 1
0 1
0 1
0 1
0 1
0 1
0 1
0 1
0 1
0 1
0 1
0 1
0 1
0 1
0 1
0 1
0 1
0 1
0 1
0 1
0 1
0 1
0 1
0 1
0 1
0 1
0 1
0 1
0 1
0 1
0 1
0 1
0 1
0 1
0 1
0 1
0 1
0 1
0 1
0 1
0 1
0 1
0 1
0 1
0 1
0 1
0 1
0 1
0 1
0 1
0 1
0 1
0 1
0 1
0 1
0 1
0 1
0 1
0 1
0 1
0 1
0 1
0 1
0 1
0 1
0 1
0 1
0 1
0 1
0 1
0 1
0 1
0 1
0 1
0 1
0 1
0 1
0 1
0 1
0 1
0 1
0 1
0 1
0 1
0 1
0 1
0 1
0 1
0 1
0 1
0 1
0 1
0 1
0 1
0 1
0 1
0 1
0 1
0 1
0 1
0 1
0 1
0 1
0 1
0 1
0 1
0 1
0 1
0 1
0 1
0 1
0 1
0 1
0 1
0 1
0 1
0 1
0 1
0 1
0 1
0 1
0 1
0 1
0 1
0 1
0 1
0 1
0 1
0 1
0 1
0 1
0 1
0 1
0 1
0 1
0 1
0 1
0 1
0 1
0 1
0 1
0 1
0 1
0 1
0 1
0 1
0 1
0 1
0 1
0 1
0 1
0 1
0 1
0 1
0 1
0 1
0 1
0 1
0 1
0 1
0 1
0 1
0 1
0 1
0 1
0 1
0 1
0 1
0 1
0 1
0 1
0 1
0 1
0 1
0 1
0 1
0 1
0 1
0 1
0 1
0 1
0 1
0 1
0 1
0 1
0 1
0 1
0 1
0 1
0 1
0 1
0 1
0 1
0 1
0 1
0 1
0 1
0 1
0 1
0 7
0 7
0 7
0 7
0 7
0 7
0 7
0 7
0 7
0 7
0 7
0 7
0 7
0 7
0 7
0 7
0 7
0 7
0 7
0 7
0 7
0 7
0 7
0 7
0 7
0 7
0 7
0 7
0 7
0 7
0 7
0 7
0 7
0 7
0 7
0 7
0 7
0 7
0 7
0 7
0 7
0 7
0 7
0 7
0 7
0 7
0 7
0 7
0 7
0 7
0 7
0 7
0 7
0 7
0 7
0 7
0 7
0 7
0 7
0 7
0 7
0 7
0 7
0 7
0 7
0 7
0 7
0 7
0 7
0 7
0 7
0 7
0 7
0 7
0 7
0 7
0 7
0 7
0 7
0 7
0 7
0 7
0 7
0 7
0 7
0 7
0 7
0 7
0 7
0 7
0 7
0 7
0 7
0 7
0 7
0 7
0 7
0 7
0 7
0 7
0 7
0 7
0 7
0 7
0 7
0 7
0 7
0 7
0 7
0 7
0 7
0 7
0 7
0 7
0 7
0 7
0 7
0 7
0 7
0 7
0 7
0 7
0 7
0 7
0 7
0 7
0 7
0 7
0 7
0 7
0 7
0 7
0 7
0 7
0 7
0 7
0 7
0 7
0 7
0 7
0 7
0 7
0 7
0 7
0 7
0 7
0 7
0 7
0 7
0 7
0 7
0 7
0 7
0 7
0 7
0 7
0 7
0 7
0 7
0 7
0 7
0 7
0 7
0 7
0 7
0 7
0 7
0 7
0 7
0 7
0 7
0 7
0 7
0 7
0 7
0 7
0 7
0 7
0 7
0 7
0 7
0 7
0 7
0 7
0 7
0 7
0 7
0 7
0 7
0 7
0 7
0 7
0 7
0 7
0 7
0 7
0 7
0 7
0 7
0 7
0 7
0 7
0 7
0 7
0 7
0 7
0 7
0 7
0 7
0 7
0 7
0 7
0 7
0 7
0 7
0 7
0 7
0 7
0 7
0 7
0 7
0 7
0 7
0 7
0 7
0 7
0 7
0 7
0 7
0 7
0 7
0 7
0 7
0 7
0 7
0 7
0 7
0 7
0 7
0 7
0 7
0 7
0 7
0 7
0 7
0 7
0 7
0 7
0 7
0 7
0 7
0 7
0 7
0 7
0 7
0 7
0 7
0 7
0 7
0 7
0 7
0 7
0 7
0 7
0 7
0 7
0 7
0 7
0 7
0 7
0 7
0 7
0 7
0 7
0 7
0 7
0 7
0 7
0 7
0 7
0 7
0 7
0 7
0 7
0 7
0 7
0 7
0 7
0 7
0 7
0 7
0 7
0 7
0 7
0 7
0 7
0 7
0 7
0 7
0 7
0 7
0 7
0 7
0 7
0 7
0 7
0 7
0 7
0 7
0 7
0 7
0 7
0 7
0 7
0 7
0 7
0 7
0 7
0 7
0 7
0 7
0 7
0 7
0 7
0 7
0 7
0 7
0 7
0 7
0 7
0 7
0 7
0 7
0 7
0 7
0 7
0 7
0 7
0 7
0 7
0 7
0 7
0 7
0 7
0 7
0 7
0 7
0 7
0 7
0 7
0 7
0 7
0 7
0 7
0 7
0 7
0 7
0 7
0 7
0 7
0 7
0 7
0 7
0 7
0 7
0 7
0 7
0 7
0 7
0 7
0 7
0 7
0 7
0 7
0 7
0 7
0 7
0 7
0 7
0 7
0 7
0 7
0 7
0 7
0 7
0 7
0 7
0 7
0 7
0 7
0 7
0 7
0 7
0 7
0 7
0 7
0 7
0 7
0 7
0 7
0 7
0 7
0 7
0 7
0 7
0 7
0 7
0 7
0 7
0 7
0 7
0 7
0 7
0 7
0 7
0 7
0 7
0 7
0 7
0 7
0 7
0 7
0 7
0 7
0 7
0 7
0 7
0 7
0 7
0 7
0 7
0 7
0 7
0 7
0 7
0 7
0 7
0 7
0 7
0 7
0 7
0 7
0 7
0 7
0 7
0 7
0 7
0 7
0 7
0 7
0 7
0 7
0 7
0 7
0 7
0 7
0 7
0 7
0 7
0 7
0 7
0 7
0 7
0 7
0 7
0 7
0 7
0 7
0 7
0 7
0 7
0 7
0 7
0 7
0 7
0 7
0 7
0 7
0 7
0 7
0 7
0 7
0 7
0 7
0 7
0 7
0 7
0 7
0 7
0 7
0 7
0 7
0 7
0 7
0 7
0 7
0 7
0 7
0 7
0 7
0 7
0 7
0 7
0 7
0 7
0 7
0 7
0 7
0 7
0 7
0 7
0 7
0 7
0 7
0 7
0 7
0 7
0 7
0 7
0 7
0 7
0 7
0 7
0 7
0 7
0 7
0 7
0 7
0 7
0 7
0 7
0 7
0 7
0 7
0 7
0 7
0 7
0 7
0 7
0 7
0 7
0 7
0 7
0 7
0 7
0 7
0 7
13 136
2248 2
2248 8
2529 2
2529 8
12926 2
12926 8
15174 2
15174 8
15736 2
15736 8
16017 2
16017 8
17141 2
17141 8
17984 2
17984 8
21075 2
21075 8
24166 2
24166 8
35180 2
35180 8
36352 2
36352 8
44849 2
44849 8
96337 2
96337 8
97144 2
97144 8
97951 2
97951 8
98220 2
98220 8
99296 2
99296 8
99565 2
99565 8
100103 2
100103 8
100372 2
100372 8
100641 2
100641 8
100910 2
100910 8
101179 2
101179 8
101448 2
101448 8
102255 2
102255 8
102524 2
102524 8
103600 2
103600 8
103869 2
103869 8
104138 2
104138 8
104407 2
104407 8
104676 2
104676 8
105483 2
105483 8
105752 2
105752 8
106559 2
106559 8
106828 2
106828 8
107635 2
107635 8
107904 2
107904 8
114729 2
114729 8
118005 2
118005 8
122100 2
122100 8
123192 2
123192 8
125103 2
125103 8
126468 2
126468 8
129471 2
129471 8
131382 2
131382 8
131928 2
131928 8
137661 2
137661 8
137934 2
137934 8
140937 2
140937 8
141483 2
141483 8
144213 2
144213 8
180325 2
180325 8
180618 2
180618 8
198739 2
198739 8
200846 2
200846 8
205361 2
205361 8
211682 2
211682 8
213789 2
213789 8
218605 2
218605 8
226431 2
226431 8
263810 2
263810 8
268205 2
268205 8
271721 2
271721 8
275221 2
275221 8
282423 2
282423 8
286024 2
286024 8
289902 2
289902 8
