1 345
6666 4
6666 7
6666 2
7676 4
7676 7
7676 2
8484 4
8484 7
8484 2
8989 4
8989 7
8989 2
9494 4
9494 7
9494 2
13130 4
13130 7
13130 2
22119 4
22119 7
22119 2
22725 4
22725 7
22725 2
23028 4
23028 7
23028 2
24139 4
24139 7
24139 2
24543 4
24543 7
24543 2
26260 4
26260 7
26260 2
26361 4
26361 7
26361 2
27674 4
27674 7
27674 2
27775 4
27775 7
27775 2
29896 4
29896 7
29896 2
30098 4
30098 7
30098 2
31310 4
31310 7
31310 2
32825 4
32825 7
32825 2
33027 4
33027 7
33027 2
33128 4
33128 7
33128 2
34138 4
34138 7
34138 2
34239 4
34239 7
34239 2
34845 4
34845 7
34845 2
34946 4
34946 7
34946 2
37168 4
37168 7
37168 2
38077 4
38077 7
38077 2
39491 4
39491 7
39491 2
42218 4
42218 7
42218 2
45147 4
45147 7
45147 2
45349 4
45349 7
45349 2
45652 4
45652 7
45652 2
46258 4
46258 7
46258 2
48177 4
48177 7
48177 2
49591 4
49591 7
49591 2
52924 4
52924 7
52924 2
53025 4
53025 7
53025 2
53126 4
53126 7
53126 2
53429 4
53429 7
53429 2
53530 4
53530 7
53530 2
53631 4
53631 7
53631 2
54136 4
54136 7
54136 2
54338 4
54338 7
54338 2
54641 4
54641 7
54641 2
54742 4
54742 7
54742 2
54843 4
54843 7
54843 2
54944 4
54944 7
54944 2
55045 4
55045 7
55045 2
55449 4
55449 7
55449 2
55651 4
55651 7
55651 2
55752 4
55752 7
55752 2
56055 4
56055 7
56055 2
56156 4
56156 7
56156 2
56257 4
56257 7
56257 2
56358 4
56358 7
56358 2
56459 4
56459 7
56459 2
56560 4
56560 7
56560 2
56863 4
56863 7
56863 2
57065 4
57065 7
57065 2
57166 4
57166 7
57166 2
57469 4
57469 7
57469 2
57570 4
57570 7
57570 2
57671 4
57671 7
57671 2
57873 4
57873 7
57873 2
57974 4
57974 7
57974 2
58277 4
58277 7
58277 2
58479 4
58479 7
58479 2
58580 4
58580 7
58580 2
58883 4
58883 7
58883 2
58984 4
58984 7
58984 2
59085 4
59085 7
59085 2
59186 4
59186 7
59186 2
59287 4
59287 7
59287 2
60499 4
60499 7
60499 2
61004 4
61004 7
61004 2
61206 4
61206 7
61206 2
61408 4
61408 7
61408 2
61913 4
61913 7
61913 2
62317 4
62317 7
62317 2
62620 4
62620 7
62620 2
63529 4
63529 7
63529 2
63832 4
63832 7
63832 2
64135 4
64135 7
64135 2
64236 4
64236 7
64236 2
64741 4
64741 7
64741 2
64943 4
64943 7
64943 2
65044 4
65044 7
65044 2
65246 4
65246 7
65246 2
65650 4
65650 7
65650 2
66458 4
66458 7
66458 2
67165 4
67165 7
67165 2
67872 4
67872 7
67872 2
68175 4
68175 7
68175 2
68478 4
68478 7
68478 2
68983 4
68983 7
68983 2
69488 4
69488 7
69488 2
70195 4
70195 7
70195 2
70902 4
70902 7
70902 2
71710 4
71710 7
71710 2
72215 4
72215 7
72215 2
72518 4
72518 7
72518 2
73023 4
73023 7
73023 2
75346 4
75346 7
75346 2
76659 4
76659 7
76659 2
86961 4
86961 7
86961 2
89284 4
89284 7
89284 2
92011 4
92011 7
92011 2
92314 4
92314 7
92314 2
92718 4
92718 7
92718 2
93526 4
93526 7
93526 2
93627 4
93627 7
93627 2
100192 4
100192 7
100192 2
100899 4
100899 7
100899 2
101101 4
101101 7
101101 2
102212 4
102212 7
102212 2
2 125
277 2
277 5
4432 2
4432 5
5263 2
5263 5
13850 2
13850 5
26766 2
26766 5
27095 2
27095 5
30714 2
30714 5
56705 2
56705 5
64930 2
64930 5
65259 2
65259 5
65588 2
65588 5
69207 2
69207 5
69536 2
69536 5
77361 2
77361 5
77674 2
77674 5
80178 2
80178 5
81117 2
81117 5
83934 2
83934 5
84873 2
84873 5
86438 2
86438 5
87690 2
87690 5
92698 2
92698 5
98332 2
98332 5
140258 2
140258 5
143678 2
143678 5
147098 2
147098 5
164658 2
164658 5
165453 2
165453 5
169958 2
169958 5
171018 2
171018 5
179498 2
179498 5
180293 2
180293 5
180558 2
180558 5
180823 2
180823 5
181088 2
181088 5
182943 2
182943 5
183738 2
183738 5
184003 2
184003 5
186123 2
186123 5
186388 2
186388 5
187448 2
187448 5
189038 2
189038 5
190363 2
190363 5
191158 2
191158 5
193543 2
193543 5
195614 2
195614 5
199828 2
199828 5
201333 2
201333 5
203139 2
203139 5
203440 2
203440 5
216383 2
216383 5
216684 2
216684 5
219393 2
219393 5
237253 5
238061 5
238566 5
238667 5
239172 5
243515 5
248767 5
249070 5
251292 5
257958 5
258059 5
258160 5
258261 5
258362 5
258564 5
258766 5
258867 5
258968 5
259675 5
4 237
1616 4
1616 7
1616 2
6060 4
6060 7
6060 2
6363 4
6363 7
6363 2
6767 4
6767 7
6767 2
7272 4
7272 7
7272 2
8787 4
8787 7
8787 2
10201 4
10201 7
10201 2
10302 4
10302 7
10302 2
10403 4
10403 7
10403 2
14241 4
14241 7
14241 2
17271 4
17271 7
17271 2
18382 4
18382 7
18382 2
19190 4
19190 7
19190 2
19594 4
19594 7
19594 2
19998 4
19998 7
19998 2
20503 4
20503 7
20503 2
20604 4
20604 7
20604 2
21412 4
21412 7
21412 2
24341 4
24341 7
24341 2
24745 4
24745 7
24745 2
26260 4
26260 7
26260 2
27270 4
27270 7
27270 2
27977 4
27977 7
27977 2
28381 4
28381 7
28381 2
28684 4
28684 7
28684 2
29391 4
29391 7
29391 2
31007 4
31007 7
31007 2
31108 4
31108 7
31108 2
32522 4
32522 7
32522 2
32623 4
32623 7
32623 2
37067 4
37067 7
37067 2
37168 4
37168 7
37168 2
38582 4
38582 7
38582 2
39491 4
39491 7
39491 2
41208 4
41208 7
41208 2
41309 4
41309 7
41309 2
41511 4
41511 7
41511 2
41713 4
41713 7
41713 2
42016 4
42016 7
42016 2
42622 4
42622 7
42622 2
42723 4
42723 7
42723 2
42925 4
42925 7
42925 2
43026 4
43026 7
43026 2
43127 4
43127 7
43127 2
43329 4
43329 7
43329 2
43834 4
43834 7
43834 2
45349 4
45349 7
45349 2
45450 4
45450 7
45450 2
45955 4
45955 7
45955 2
46763 4
46763 7
46763 2
47167 4
47167 7
47167 2
47268 4
47268 7
47268 2
47672 4
47672 7
47672 2
48177 4
48177 7
48177 2
49591 4
49591 7
49591 2
50803 4
50803 7
50803 2
50904 4
50904 7
50904 2
52318 4
52318 7
52318 2
52520 4
52520 7
52520 2
58337 2
58337 5
60164 2
60164 5
61730 2
61730 5
63557 2
63557 5
65123 2
65123 5
67733 2
67733 5
68255 2
68255 5
71387 2
71387 5
74258 2
74258 5
74780 2
74780 5
75563 2
75563 5
76085 2
76085 5
77651 2
77651 5
78956 2
78956 5
80522 2
80522 5
87047 2
87047 5
89657 2
89657 5
121028 2
121028 5
121313 2
121313 5
125018 2
125018 5
125303 2
125303 5
125588 2
125588 5
141485 2
141485 5
176814 2
176814 5
177376 2
177376 5
178500 2
178500 5
179905 2
179905 5
183277 2
183277 5
183839 2
183839 5
185525 2
185525 5
5 15
606 5
808 5
1212 5
1717 5
2323 5
5555 5
13231 5
14544 5
16564 5
19897 5
21715 5
22321 5
31108 5
31209 5
33835 5
6 1204
0 1
0 1
0 1
0 1
0 1
0 1
0 1
0 1
0 1
0 1
0 1
0 1
0 1
0 1
0 1
0 1
0 1
0 1
0 1
0 1
0 1
0 1
0 1
0 1
0 1
0 1
0 1
0 1
0 1
0 1
0 1
0 1
0 1
0 1
0 1
0 1
0 1
0 1
0 1
0 1
0 1
0 1
0 1
0 1
0 1
0 1
0 1
0 1
0 1
0 1
0 1
0 1
0 1
0 1
0 1
0 1
0 1
0 1
0 1
0 1
0 1
0 1
0 1
0 1
0 1
0 1
0 1
0 1
0 1
0 1
0 1
0 1
0 1
0 1
0 1
0 1
0 1
0 1
0 1
0 1
0 1
0 1
0 1
0 1
0 1
0 1
0 1
0 1
0 1
0 1
0 1
0 1
0 1
0 1
0 1
0 1
0 1
0 1
0 1
0 1
0 1
0 1
0 1
0 1
0 1
0 1
0 1
0 1
0 1
0 1
0 1
0 1
0 1
0 1
0 1
0 1
0 1
0 1
0 1
0 1
0 1
0 1
0 1
0 1
0 1
0 1
0 1
0 1
0 1
0 1
0 1
0 1
0 1
0 1
0 1
0 1
0 1
0 1
0 1
0 1
0 1
0 1
0 1
0 1
0 1
0 1
0 1
0 1
0 1
0 1
0 1
0 1
0 1
0 1
0 1
0 1
0 1
0 1
0 1
0 1
0 1
0 1
0 1
0 1
0 1
0 1
0 1
0 1
0 1
0 1
0 1
0 1
0 1
0 1
0 1
0 1
0 1
0 1
0 1
0 1
0 1
0 1
0 1
0 1
0 1
0 1
0 1
0 1
0 1
0 1
0 1
0 1
0 1
0 1
0 1
0 1
0 1
0 1
0 1
0 1
0 1
0 1
0 1
0 1
0 1
0 1
0 1
0 1
0 1
0 1
0 1
0 1
0 1
0 1
0 1
0 1
0 1
0 1
0 1
0 1
0 1
0 1
0 1
0 1
0 1
0 1
0 1
0 1
0 1
0 1
0 1
0 1
0 1
0 1
0 1
0 1
0 1
0 1
0 1
0 1
0 1
0 1
0 1
0 1
0 1
0 1
0 1
0 1
0 1
0 1
0 1
0 1
0 1
0 1
0 1
0 1
0 1
0 1
0 1
0 1
0 1
0 1
0 1
0 1
0 1
0 1
0 1
0 1
0 1
0 1
0 1
0 1
0 1
0 1
0 1
0 1
0 1
0 1
0 1
0 1
0 1
0 1
0 1
0 1
0 1
0 1
0 1
0 1
0 1
0 1
0 1
0 1
0 1
0 1
0 1
0 1
0 1
0 1
0 1
0 1
0 1
0 1
0 1
0 1
0 1
0 1
0 1
0 1
0 1
0 1
0 1
0 1
0 1
0 1
0 1
0 1
0 1
0 1
0 1
0 1
0 1
0 1
0 1
0 1
0 1
0 1
0 1
0 1
0 1
0 1
0 1
0 1
0 1
0 1
0 1
0 1
0 1
0 1
0 1
0 1
0 1
0 1
0 1
0 1
0 1
0 1
0 1
0 1
0 1
0 1
0 1
0 1
0 1
0 1
0 1
0 1
0 1
0 1
0 1
0 1
0 1
0 1
0 1
0 1
0 1
0 1
0 1
0 1
0 1
0 1
0 1
0 1
0 1
0 1
0 1
0 1
0 1
0 1
0 1
0 1
0 1
0 1
0 1
0 1
0 1
0 1
0 1
0 1
0 1
0 1
0 1
0 1
0 1
0 1
0 1
0 1
0 1
0 1
0 1
0 1
0 1
0 1
0 1
0 1
0 1
0 1
0 1
0 1
0 1
0 1
0 1
0 1
0 1
0 1
0 1
0 1
0 1
0 1
0 1
0 1
0 1
0 1
0 1
0 1
0 1
0 1
0 1
0 1
0 1
0 1
0 1
0 1
0 1
0 1
0 1
0 1
0 1
0 1
0 1
0 1
0 1
0 1
0 1
0 1
0 1
0 1
0 1
0 1
0 1
0 1
0 1
0 1
0 1
0 1
0 1
0 1
0 1
0 1
0 1
0 1
0 1
0 1
0 1
0 1
0 1
0 1
0 1
0 1
0 1
0 1
0 1
0 1
0 1
0 1
0 1
0 1
0 1
0 1
0 1
0 1
0 1
0 1
0 1
0 1
0 1
0 1
0 1
0 1
0 1
0 1
0 1
0 1
0 1
0 1
0 1
0 1
0 1
0 1
0 1
0 1
0 1
0 1
0 1
0 1
0 1
0 1
0 1
0 1
0 1
0 1
0 1
0 1
0 1
0 1
0 1
0 1
0 1
0 1
0 1
0 1
0 1
0 1
0 1
0 1
0 1
0 1
0 1
0 1
0 1
0 1
0 1
0 1
0 1
0 1
0 1
0 1
0 1
0 1
0 1
0 1
0 1
0 1
0 1
0 1
0 1
0 1
0 1
0 1
0 1
0 1
0 1
0 1
0 1
0 1
0 1
0 1
0 1
0 1
0 1
0 1
0 1
0 1
0 1
0 1
0 1
0 1
0 1
0 1
0 1
0 1
0 1
0 1
0 1
0 1
0 1
0 1
0 1
0 1
0 1
0 1
0 1
0 1
0 1
0 1
0 1
0 1
0 1
0 1
0 1
0 1
0 1
0 1
0 1
0 1
0 1
0 1
0 1
0 1
0 1
0 1
0 1
0 1
0 4
0 4
0 4
0 4
0 4
0 4
0 4
0 4
0 4
0 4
0 4
0 4
0 4
0 4
0 4
0 4
0 4
0 4
0 4
0 4
0 4
0 4
0 4
0 4
0 4
0 4
0 4
0 4
0 4
0 4
0 4
0 4
0 4
0 4
0 4
0 4
0 4
0 4
0 4
0 4
0 4
0 4
0 4
0 4
0 4
0 4
0 4
0 4
0 4
0 4
0 4
0 4
0 4
0 4
0 4
0 4
0 4
0 4
0 4
0 4
0 4
0 4
0 4
0 4
0 4
0 4
0 4
0 4
0 4
0 4
0 4
0 4
0 4
0 4
0 4
0 4
0 4
0 4
0 4
0 4
0 4
0 4
0 4
0 4
0 4
0 4
0 4
0 4
0 4
0 4
0 4
0 4
0 4
0 4
0 4
0 4
0 4
0 4
0 4
0 4
0 4
0 4
0 4
0 4
0 4
0 4
0 4
0 4
0 4
0 4
0 4
0 4
0 4
0 4
0 4
0 4
0 4
0 4
0 4
0 4
0 4
0 4
0 4
0 4
0 4
0 4
0 4
0 4
0 4
0 4
0 4
0 4
0 4
0 4
0 4
0 4
0 4
0 4
0 4
0 4
0 4
0 4
0 4
0 4
0 4
0 4
0 4
0 4
0 4
0 4
0 4
0 4
0 4
0 4
0 4
0 4
0 4
0 4
0 4
0 4
0 4
0 4
0 4
0 4
0 4
0 4
0 4
0 4
0 4
0 4
0 4
0 4
0 4
0 4
0 4
0 4
0 4
0 4
0 4
0 4
0 4
0 4
0 4
0 4
0 4
0 4
0 4
0 4
0 4
0 4
0 4
0 4
0 4
0 4
0 4
0 4
0 4
0 4
0 4
0 4
0 4
0 4
0 4
0 4
0 4
0 4
0 4
0 4
0 4
0 4
0 4
0 4
0 4
0 4
0 4
0 4
0 4
0 4
0 4
0 4
0 4
0 4
0 4
0 4
0 4
0 4
0 4
0 4
0 4
0 4
0 4
0 4
0 4
0 4
0 4
0 4
0 4
0 4
0 4
0 4
0 4
0 4
0 4
0 4
0 4
0 4
0 4
0 4
0 4
0 4
0 4
0 4
0 4
0 4
0 4
0 4
0 4
0 4
0 4
0 4
0 4
0 4
0 4
0 4
0 4
0 4
0 4
0 4
0 4
0 4
0 4
0 4
0 4
0 4
0 4
0 4
0 4
0 4
0 4
0 4
0 4
0 4
0 4
0 4
0 4
0 4
0 4
0 4
0 4
0 4
0 4
0 4
0 4
0 4
0 4
0 4
0 4
0 4
0 4
0 4
0 4
0 4
0 4
0 4
0 4
0 4
0 4
0 4
0 4
0 4
0 4
0 4
0 4
0 4
0 4
0 4
0 4
0 4
0 4
0 4
0 4
0 4
0 4
0 4
0 4
0 4
0 4
0 4
0 4
0 4
0 4
0 4
0 4
0 4
0 4
0 4
0 4
0 4
0 4
0 4
0 4
0 4
0 4
0 4
0 4
0 4
0 4
0 4
0 4
0 4
0 4
0 4
0 4
0 4
0 4
0 4
0 4
0 4
0 4
0 4
0 4
0 4
0 4
0 4
0 4
0 4
0 4
0 4
0 4
0 4
0 4
0 4
0 4
0 4
0 4
0 4
0 4
0 4
0 4
0 4
0 4
0 4
0 4
0 4
0 4
0 4
0 4
0 4
0 4
0 4
0 4
0 4
0 4
0 4
0 4
0 4
0 4
0 4
0 4
0 4
0 4
0 4
0 4
0 4
0 4
0 4
0 4
0 4
0 4
0 4
0 4
0 4
0 4
0 4
0 4
0 4
0 4
0 4
0 4
0 4
0 4
0 4
0 4
0 4
0 4
0 4
0 4
0 4
0 4
0 4
0 4
0 4
0 4
0 4
0 4
0 4
0 4
0 4
0 4
0 4
0 4
0 4
0 4
0 4
0 4
0 4
0 4
0 4
0 4
0 4
0 4
0 4
0 4
0 4
0 4
0 4
0 4
0 4
0 4
0 4
0 4
0 4
0 4
0 4
0 4
0 4
0 4
0 4
0 4
0 4
0 4
0 4
0 4
0 4
0 4
0 4
0 4
0 4
0 4
0 4
0 4
0 4
0 4
0 4
0 4
0 4
0 4
0 4
0 4
0 4
0 4
0 4
0 4
0 4
0 4
0 4
0 4
0 4
0 4
0 4
0 4
0 4
0 4
0 4
0 4
0 4
0 4
0 4
0 4
0 4
0 4
0 4
0 4
0 4
0 4
0 4
0 4
0 4
0 4
0 4
0 4
0 4
0 4
0 4
0 4
0 4
0 4
0 4
0 4
0 4
0 4
0 4
0 4
0 4
0 4
0 4
0 4
0 4
0 4
0 4
0 4
0 4
0 4
0 4
0 4
0 4
0 4
0 4
0 4
0 4
0 4
0 4
0 4
0 4
0 4
0 4
0 4
0 4
0 4
0 4
0 4
0 4
0 4
0 4
0 4
0 4
0 4
0 4
0 4
0 4
0 4
0 4
0 4
0 4
0 4
0 4
0 4
0 4
0 4
0 4
0 4
0 4
0 4
0 4
0 4
0 4
0 4
0 4
0 4
0 4
0 4
0 4
0 4
0 4
0 4
0 4
0 4
0 4
0 4
0 4
0 4
0 4
7 166
562 2
562 5
4777 2
4777 5
7306 2
7306 5
7868 2
7868 5
8992 2
8992 5
9554 2
9554 5
10678 2
10678 5
10959 2
10959 5
11521 2
11521 5
12645 2
12645 5
13769 2
13769 5
14050 2
14050 5
15174 2
15174 5
15455 2
15455 5
15736 2
15736 5
16860 2
16860 5
17984 2
17984 5
18265 2
18265 5
21075 2
21075 5
24166 2
24166 5
24728 2
24728 5
31957 2
31957 5
34594 2
34594 5
37817 2
37817 5
48365 2
48365 5
49537 2
49537 5
63308 2
63308 5
93109 2
93109 5
94185 2
94185 5
94454 2
94454 5
96606 2
96606 5
96875 2
96875 5
97413 2
97413 5
97682 2
97682 5
98220 2
98220 5
99296 2
99296 5
99834 2
99834 5
100641 2
100641 5
100910 2
100910 5
102524 2
102524 5
102793 2
102793 5
103062 2
103062 5
103331 2
103331 5
104676 2
104676 5
105483 2
105483 5
106021 2
106021 5
106290 2
106290 5
107097 2
107097 5
107366 2
107366 5
107635 2
107635 5
107904 2
107904 5
111453 2
111453 5
113364 2
113364 5
116640 2
116640 5
119916 2
119916 5
121281 2
121281 5
123192 2
123192 5
124557 2
124557 5
125103 2
125103 5
128652 2
128652 5
131382 2
131382 5
134658 2
134658 5
137661 2
137661 5
137934 2
137934 5
140937 2
140937 5
141756 2
141756 5
144759 2
144759 5
145032 2
145032 5
169777 2
169777 5
191214 2
191214 5
199642 2
199642 5
200846 2
200846 5
202050 2
202050 5
202351 2
202351 5
208371 2
208371 5
215294 2
215294 5
226431 2
226431 5
263517 2
263517 5
264982 2
264982 5
268205 2
268205 5
278822 2
278822 5
285193 2
285193 5
286855 2
286855 5
