1 306
4646 7
4646 13
4646 2
5858 7
5858 13
5858 2
11312 7
11312 13
11312 2
13130 7
13130 13
13130 2
13433 7
13433 13
13433 2
20301 7
20301 13
20301 2
22018 7
22018 13
22018 2
25553 7
25553 13
25553 2
26866 7
26866 13
26866 2
26967 7
26967 13
26967 2
27371 7
27371 13
27371 2
28482 7
28482 13
28482 2
30098 7
30098 13
30098 2
31714 7
31714 13
31714 2
32825 7
32825 13
32825 2
33633 7
33633 13
33633 2
33734 7
33734 13
33734 2
34946 7
34946 13
34946 2
43228 7
43228 13
43228 2
47268 7
47268 13
47268 2
49692 7
49692 13
49692 2
51914 7
51914 13
51914 2
52722 7
52722 13
52722 2
52823 7
52823 13
52823 2
53631 7
53631 13
53631 2
53732 7
53732 13
53732 2
54035 7
54035 13
54035 2
54338 7
54338 13
54338 2
54439 7
54439 13
54439 2
54540 7
54540 13
54540 2
54641 7
54641 13
54641 2
54742 7
54742 13
54742 2
54843 7
54843 13
54843 2
55146 7
55146 13
55146 2
55247 7
55247 13
55247 2
55449 7
55449 13
55449 2
55752 7
55752 13
55752 2
55853 7
55853 13
55853 2
55954 7
55954 13
55954 2
56055 7
56055 13
56055 2
56156 7
56156 13
56156 2
56358 7
56358 13
56358 2
56459 7
56459 13
56459 2
56661 7
56661 13
56661 2
56762 7
56762 13
56762 2
56863 7
56863 13
56863 2
57065 7
57065 13
57065 2
57166 7
57166 13
57166 2
57267 7
57267 13
57267 2
57368 7
57368 13
57368 2
57469 7
57469 13
57469 2
57570 7
57570 13
57570 2
57671 7
57671 13
57671 2
57772 7
57772 13
57772 2
57873 7
57873 13
57873 2
57974 7
57974 13
57974 2
58075 7
58075 13
58075 2
58176 7
58176 13
58176 2
58479 7
58479 13
58479 2
58580 7
58580 13
58580 2
58681 7
58681 13
58681 2
58782 7
58782 13
58782 2
58883 7
58883 13
58883 2
58984 7
58984 13
58984 2
59287 7
59287 13
59287 2
59388 7
59388 13
59388 2
59489 7
59489 13
59489 2
59691 7
59691 13
59691 2
60398 7
60398 13
60398 2
61105 7
61105 13
61105 2
62014 7
62014 13
62014 2
62115 7
62115 13
62115 2
63226 7
63226 13
63226 2
64034 7
64034 13
64034 2
64135 7
64135 13
64135 2
64337 7
64337 13
64337 2
65549 7
65549 13
65549 2
65852 7
65852 13
65852 2
66155 7
66155 13
66155 2
66357 7
66357 13
66357 2
66660 7
66660 13
66660 2
66761 7
66761 13
66761 2
67266 7
67266 13
67266 2
68074 7
68074 13
68074 2
68478 7
68478 13
68478 2
68680 7
68680 13
68680 2
69286 7
69286 13
69286 2
69690 7
69690 13
69690 2
71104 7
71104 13
71104 2
71205 7
71205 13
71205 2
71508 7
71508 13
71508 2
72114 7
72114 13
72114 2
72518 7
72518 13
72518 2
72922 7
72922 13
72922 2
73730 7
73730 13
73730 2
74033 7
74033 13
74033 2
75346 7
75346 13
75346 2
83022 7
83022 13
83022 2
87264 7
87264 13
87264 2
89486 7
89486 13
89486 2
96556 7
96556 13
96556 2
101909 7
101909 13
101909 2
2 153
4432 2
4432 8
5540 2
5540 8
7202 2
7202 8
8033 2
8033 8
11634 2
11634 8
16343 2
16343 8
18005 2
18005 8
19667 2
19667 8
22818 2
22818 8
26766 2
26766 8
61640 2
61640 8
69207 2
69207 8
73605 2
73605 8
73918 2
73918 8
77361 2
77361 8
77674 2
77674 8
81117 2
81117 8
81430 2
81430 8
84247 2
84247 8
84873 2
84873 8
88942 2
88942 8
90194 2
90194 8
91759 2
91759 8
92698 2
92698 8
93324 2
93324 8
98332 2
98332 8
128288 2
128288 8
150803 2
150803 8
151088 2
151088 8
152513 2
152513 8
158563 2
158563 8
159358 2
159358 8
161743 2
161743 8
165188 2
165188 8
165453 2
165453 8
179498 2
179498 8
180293 2
180293 8
181883 2
181883 8
182943 2
182943 8
183208 2
183208 8
183738 2
183738 8
184003 2
184003 8
184268 2
184268 8
184533 2
184533 8
185328 2
185328 8
186653 2
186653 8
186918 2
186918 8
187183 2
187183 8
187448 2
187448 8
188773 2
188773 8
189038 2
189038 8
190628 2
190628 8
191953 2
191953 8
192218 2
192218 8
197721 2
197721 8
201935 2
201935 8
206450 2
206450 8
216082 2
216082 8
217587 2
217587 8
237859 8
238465 8
238566 8
239172 8
239374 8
239677 8
240283 8
243515 8
243616 8
248262 8
248767 8
248868 8
249373 8
249979 8
250080 8
250383 8
250585 8
250686 8
250787 8
250888 8
251191 8
251292 8
252403 8
254928 8
257655 8
258059 8
258160 8
258261 8
258362 8
258564 8
258665 8
258766 8
258867 8
258968 8
259069 8
7 233
2828 7
2828 13
2828 2
5959 7
5959 13
5959 2
6464 7
6464 13
6464 2
6666 7
6666 13
6666 2
8484 7
8484 13
8484 2
8585 7
8585 13
8585 2
9191 7
9191 13
9191 2
9292 7
9292 13
9292 2
10201 7
10201 13
10201 2
10302 7
10302 13
10302 2
10504 7
10504 13
10504 2
11211 7
11211 13
11211 2
11312 7
11312 13
11312 2
16564 7
16564 13
16564 2
16665 7
16665 13
16665 2
16867 7
16867 13
16867 2
21917 7
21917 13
21917 2
22018 7
22018 13
22018 2
22927 7
22927 13
22927 2
23331 7
23331 13
23331 2
28078 7
28078 13
28078 2
28482 7
28482 13
28482 2
28785 7
28785 13
28785 2
29492 7
29492 13
29492 2
29593 7
29593 13
29593 2
29694 7
29694 13
29694 2
29795 7
29795 13
29795 2
31007 7
31007 13
31007 2
32623 7
32623 13
32623 2
38077 7
38077 13
38077 2
39794 7
39794 13
39794 2
39895 7
39895 13
39895 2
40602 7
40602 13
40602 2
40804 7
40804 13
40804 2
41713 7
41713 13
41713 2
41814 7
41814 13
41814 2
42218 7
42218 13
42218 2
42420 7
42420 13
42420 2
43228 7
43228 13
43228 2
43834 7
43834 13
43834 2
44036 7
44036 13
44036 2
44541 7
44541 13
44541 2
45248 7
45248 13
45248 2
45753 7
45753 13
45753 2
46258 7
46258 13
46258 2
46561 7
46561 13
46561 2
46763 7
46763 13
46763 2
46965 7
46965 13
46965 2
48177 7
48177 13
48177 2
48379 7
48379 13
48379 2
48480 7
48480 13
48480 2
49389 7
49389 13
49389 2
51005 7
51005 13
51005 2
51207 7
51207 13
51207 2
52520 7
52520 13
52520 2
53429 7
53429 13
53429 2
53934 7
53934 13
53934 2
58076 2
58076 8
58337 2
58337 8
59120 2
59120 8
60686 2
60686 8
61730 2
61730 8
63557 2
63557 8
65123 2
65123 8
66428 2
66428 8
68255 2
68255 8
68777 2
68777 8
70865 2
70865 8
71648 2
71648 8
72692 2
72692 8
74780 2
74780 8
75563 2
75563 8
76085 2
76085 8
87047 2
87047 8
89657 2
89657 8
108203 2
108203 8
121028 2
121028 8
122738 2
122738 8
125303 2
125303 8
125873 2
125873 8
154862 2
154862 8
173723 2
173723 8
174285 2
174285 8
174566 2
174566 8
176814 2
176814 8
179905 2
179905 8
181872 2
181872 8
184401 2
184401 8
8 37
202 8
505 8
606 8
808 8
1111 8
1717 8
2323 8
2424 8
7171 8
7474 8
8383 8
9696 8
13029 8
13231 8
13837 8
15251 8
16160 8
21008 8
21715 8
22119 8
22927 8
23230 8
27371 8
30603 8
30704 8
31108 8
31209 8
31310 8
31916 8
32320 8
32926 8
33936 8
166481 8
168517 8
180450 8
207258 8
211074 8
12 1198
0 1
0 1
0 1
0 1
0 1
0 1
0 1
0 1
0 1
0 1
0 1
0 1
0 1
0 1
0 1
0 1
0 1
0 1
0 1
0 1
0 1
0 1
0 1
0 1
0 1
0 1
0 1
0 1
0 1
0 1
0 1
0 1
0 1
0 1
0 1
0 1
0 1
0 1
0 1
0 1
0 1
0 1
0 1
0 1
0 1
0 1
0 1
0 1
0 1
0 1
0 1
0 1
0 1
0 1
0 1
0 1
0 1
0 1
0 1
0 1
0 1
0 1
0 1
0 1
0 1
0 1
0 1
0 1
0 1
0 1
0 1
0 1
0 1
0 1
0 1
0 1
0 1
0 1
0 1
0 1
0 1
0 1
0 1
0 1
0 1
0 1
0 1
0 1
0 1
0 1
0 1
0 1
0 1
0 1
0 1
0 1
0 1
0 1
0 1
0 1
0 1
0 1
0 1
0 1
0 1
0 1
0 1
0 1
0 1
0 1
0 1
0 1
0 1
0 1
0 1
0 1
0 1
0 1
0 1
0 1
0 1
0 1
0 1
0 1
0 1
0 1
0 1
0 1
0 1
0 1
0 1
0 1
0 1
0 1
0 1
0 1
0 1
0 1
0 1
0 1
0 1
0 1
0 1
0 1
0 1
0 1
0 1
0 1
0 1
0 1
0 1
0 1
0 1
0 1
0 1
0 1
0 1
0 1
0 1
0 1
0 1
0 1
0 1
0 1
0 1
0 1
0 1
0 1
0 1
0 1
0 1
0 1
0 1
0 1
0 1
0 1
0 1
0 1
0 1
0 1
0 1
0 1
0 1
0 1
0 1
0 1
0 1
0 1
0 1
0 1
0 1
0 1
0 1
0 1
0 1
0 1
0 1
0 1
0 1
0 1
0 1
0 1
0 1
0 1
0 1
0 1
0 1
0 1
0 1
0 1
0 1
0 1
0 1
0 1
0 1
0 1
0 1
0 1
0 1
0 1
0 1
0 1
0 1
0 1
0 1
0 1
0 1
0 1
0 1
0 1
0 1
0 1
0 1
0 1
0 1
0 1
0 1
0 1
0 1
0 1
0 1
0 1
0 1
0 1
0 1
0 1
0 1
0 1
0 1
0 1
0 1
0 1
0 1
0 1
0 1
0 1
0 1
0 1
0 1
0 1
0 1
0 1
0 1
0 1
0 1
0 1
0 1
0 1
0 1
0 1
0 1
0 1
0 1
0 1
0 1
0 1
0 1
0 1
0 1
0 1
0 1
0 1
0 1
0 1
0 1
0 1
0 1
0 1
0 1
0 1
0 1
0 1
0 1
0 1
0 1
0 1
0 1
0 1
0 1
0 1
0 1
0 1
0 1
0 1
0 1
0 1
0 1
0 1
0 1
0 1
0 1
0 1
0 1
0 1
0 1
0 1
0 1
0 1
0 1
0 1
0 1
0 1
0 1
0 1
0 1
0 1
0 1
0 1
0 1
0 1
0 1
0 1
0 1
0 1
0 1
0 1
0 1
0 1
0 1
0 1
0 1
0 1
0 1
0 1
0 1
0 1
0 1
0 1
0 1
0 1
0 1
0 1
0 1
0 1
0 1
0 1
0 1
0 1
0 1
0 1
0 1
0 1
0 1
0 1
0 1
0 1
0 1
0 1
0 1
0 1
0 1
0 1
0 1
0 1
0 1
0 1
0 1
0 1
0 1
0 1
0 1
0 1
0 1
0 1
0 1
0 1
0 1
0 1
0 1
0 1
0 1
0 1
0 1
0 1
0 1
0 1
0 1
0 1
0 1
0 1
0 1
0 1
0 1
0 1
0 1
0 1
0 1
0 1
0 1
0 1
0 1
0 1
0 1
0 1
0 1
0 1
0 1
0 1
0 1
0 1
0 1
0 1
0 1
0 1
0 1
0 1
0 1
0 1
0 1
0 1
0 1
0 1
0 1
0 1
0 1
0 1
0 1
0 1
0 1
0 1
0 1
0 1
0 1
0 1
0 1
0 1
0 1
0 1
0 1
0 1
0 1
0 1
0 1
0 1
0 1
0 1
0 1
0 1
0 1
0 1
0 1
0 1
0 1
0 1
0 1
0 1
0 1
0 1
0 1
0 1
0 1
0 1
0 1
0 1
0 1
0 1
0 1
0 1
0 1
0 1
0 1
0 1
0 1
0 1
0 1
0 1
0 1
0 1
0 1
0 1
0 1
0 1
0 1
0 1
0 1
0 1
0 1
0 1
0 1
0 1
0 1
0 1
0 1
0 1
0 1
0 1
0 1
0 1
0 1
0 1
0 1
0 1
0 1
0 1
0 1
0 1
0 1
0 1
0 1
0 1
0 1
0 1
0 1
0 1
0 1
0 1
0 1
0 1
0 1
0 1
0 1
0 1
0 1
0 1
0 1
0 1
0 1
0 1
0 1
0 1
0 1
0 1
0 1
0 1
0 1
0 1
0 1
0 1
0 1
0 1
0 1
0 1
0 1
0 1
0 1
0 1
0 1
0 1
0 1
0 1
0 1
0 1
0 1
0 1
0 1
0 1
0 1
0 1
0 1
0 1
0 1
0 1
0 1
0 1
0 1
0 1
0 1
0 1
0 1
0 1
0 1
0 1
0 1
0 1
0 1
0 1
0 1
0 1
0 1
0 1
0 1
0 1
0 1
0 1
0 1
0 1
0 1
0 1
0 1
0 7
0 7
0 7
0 7
0 7
0 7
0 7
0 7
0 7
0 7
0 7
0 7
0 7
0 7
0 7
0 7
0 7
0 7
0 7
0 7
0 7
0 7
0 7
0 7
0 7
0 7
0 7
0 7
0 7
0 7
0 7
0 7
0 7
0 7
0 7
0 7
0 7
0 7
0 7
0 7
0 7
0 7
0 7
0 7
0 7
0 7
0 7
0 7
0 7
0 7
0 7
0 7
0 7
0 7
0 7
0 7
0 7
0 7
0 7
0 7
0 7
0 7
0 7
0 7
0 7
0 7
0 7
0 7
0 7
0 7
0 7
0 7
0 7
0 7
0 7
0 7
0 7
0 7
0 7
0 7
0 7
0 7
0 7
0 7
0 7
0 7
0 7
0 7
0 7
0 7
0 7
0 7
0 7
0 7
0 7
0 7
0 7
0 7
0 7
0 7
0 7
0 7
0 7
0 7
0 7
0 7
0 7
0 7
0 7
0 7
0 7
0 7
0 7
0 7
0 7
0 7
0 7
0 7
0 7
0 7
0 7
0 7
0 7
0 7
0 7
0 7
0 7
0 7
0 7
0 7
0 7
0 7
0 7
0 7
0 7
0 7
0 7
0 7
0 7
0 7
0 7
0 7
0 7
0 7
0 7
0 7
0 7
0 7
0 7
0 7
0 7
0 7
0 7
0 7
0 7
0 7
0 7
0 7
0 7
0 7
0 7
0 7
0 7
0 7
0 7
0 7
0 7
0 7
0 7
0 7
0 7
0 7
0 7
0 7
0 7
0 7
0 7
0 7
0 7
0 7
0 7
0 7
0 7
0 7
0 7
0 7
0 7
0 7
0 7
0 7
0 7
0 7
0 7
0 7
0 7
0 7
0 7
0 7
0 7
0 7
0 7
0 7
0 7
0 7
0 7
0 7
0 7
0 7
0 7
0 7
0 7
0 7
0 7
0 7
0 7
0 7
0 7
0 7
0 7
0 7
0 7
0 7
0 7
0 7
0 7
0 7
0 7
0 7
0 7
0 7
0 7
0 7
0 7
0 7
0 7
0 7
0 7
0 7
0 7
0 7
0 7
0 7
0 7
0 7
0 7
0 7
0 7
0 7
0 7
0 7
0 7
0 7
0 7
0 7
0 7
0 7
0 7
0 7
0 7
0 7
0 7
0 7
0 7
0 7
0 7
0 7
0 7
0 7
0 7
0 7
0 7
0 7
0 7
0 7
0 7
0 7
0 7
0 7
0 7
0 7
0 7
0 7
0 7
0 7
0 7
0 7
0 7
0 7
0 7
0 7
0 7
0 7
0 7
0 7
0 7
0 7
0 7
0 7
0 7
0 7
0 7
0 7
0 7
0 7
0 7
0 7
0 7
0 7
0 7
0 7
0 7
0 7
0 7
0 7
0 7
0 7
0 7
0 7
0 7
0 7
0 7
0 7
0 7
0 7
0 7
0 7
0 7
0 7
0 7
0 7
0 7
0 7
0 7
0 7
0 7
0 7
0 7
0 7
0 7
0 7
0 7
0 7
0 7
0 7
0 7
0 7
0 7
0 7
0 7
0 7
0 7
0 7
0 7
0 7
0 7
0 7
0 7
0 7
0 7
0 7
0 7
0 7
0 7
0 7
0 7
0 7
0 7
0 7
0 7
0 7
0 7
0 7
0 7
0 7
0 7
0 7
0 7
0 7
0 7
0 7
0 7
0 7
0 7
0 7
0 7
0 7
0 7
0 7
0 7
0 7
0 7
0 7
0 7
0 7
0 7
0 7
0 7
0 7
0 7
0 7
0 7
0 7
0 7
0 7
0 7
0 7
0 7
0 7
0 7
0 7
0 7
0 7
0 7
0 7
0 7
0 7
0 7
0 7
0 7
0 7
0 7
0 7
0 7
0 7
0 7
0 7
0 7
0 7
0 7
0 7
0 7
0 7
0 7
0 7
0 7
0 7
0 7
0 7
0 7
0 7
0 7
0 7
0 7
0 7
0 7
0 7
0 7
0 7
0 7
0 7
0 7
0 7
0 7
0 7
0 7
0 7
0 7
0 7
0 7
0 7
0 7
0 7
0 7
0 7
0 7
0 7
0 7
0 7
0 7
0 7
0 7
0 7
0 7
0 7
0 7
0 7
0 7
0 7
0 7
0 7
0 7
0 7
0 7
0 7
0 7
0 7
0 7
0 7
0 7
0 7
0 7
0 7
0 7
0 7
0 7
0 7
0 7
0 7
0 7
0 7
0 7
0 7
0 7
0 7
0 7
0 7
0 7
0 7
0 7
0 7
0 7
0 7
0 7
0 7
0 7
0 7
0 7
0 7
0 7
0 7
0 7
0 7
0 7
0 7
0 7
0 7
0 7
0 7
0 7
0 7
0 7
0 7
0 7
0 7
0 7
0 7
0 7
0 7
0 7
0 7
0 7
0 7
0 7
0 7
0 7
0 7
0 7
0 7
0 7
0 7
0 7
0 7
0 7
0 7
0 7
0 7
0 7
0 7
0 7
0 7
0 7
0 7
0 7
0 7
0 7
0 7
0 7
0 7
0 7
0 7
0 7
0 7
0 7
0 7
0 7
0 7
0 7
0 7
0 7
0 7
0 7
0 7
0 7
0 7
0 7
0 7
0 7
0 7
0 7
0 7
0 7
0 7
0 7
0 7
0 7
0 7
0 7
0 7
0 7
13 216
4215 2
4215 8
5339 2
5339 8
5901 2
5901 8
7868 2
7868 8
8711 2
8711 8
10678 2
10678 8
10959 2
10959 8
11521 2
11521 8
12645 2
12645 8
13769 2
13769 8
14050 2
14050 8
15455 2
15455 8
15736 2
15736 8
16579 2
16579 8
17141 2
17141 8
17984 2
17984 8
18265 2
18265 8
21075 2
21075 8
24166 2
24166 8
24728 2
24728 8
27269 2
27269 8
29027 2
29027 8
31371 2
31371 8
34594 2
34594 8
36059 2
36059 8
39575 2
39575 8
51588 2
51588 8
63015 2
63015 8
63308 2
63308 8
86653 2
86653 8
86922 2
86922 8
95799 2
95799 8
96606 2
96606 8
97144 2
97144 8
97413 2
97413 8
97682 2
97682 8
97951 2
97951 8
99296 2
99296 8
99565 2
99565 8
100372 2
100372 8
100910 2
100910 8
101179 2
101179 8
101448 2
101448 8
102255 2
102255 8
102524 2
102524 8
102793 2
102793 8
103600 2
103600 8
103869 2
103869 8
104138 2
104138 8
104407 2
104407 8
105752 2
105752 8
106828 2
106828 8
107097 2
107097 8
107366 2
107366 8
112545 2
112545 8
114729 2
114729 8
116640 2
116640 8
118824 2
118824 8
119370 2
119370 8
119916 2
119916 8
121827 2
121827 8
123192 2
123192 8
126468 2
126468 8
129471 2
129471 8
131382 2
131382 8
134658 2
134658 8
137661 2
137661 8
140937 2
140937 8
144213 2
144213 8
180325 2
180325 8
180618 2
180618 8
190010 2
190010 8
193622 2
193622 8
194224 2
194224 8
194826 2
194826 8
196030 2
196030 8
197234 2
197234 8
197836 2
197836 8
198438 2
198438 8
198739 2
198739 8
200846 2
200846 8
202050 2
202050 8
204458 2
204458 8
205662 2
205662 8
210478 2
210478 8
210779 2
210779 8
217401 2
217401 8
235096 2
235096 8
245644 2
245644 8
249160 2
249160 8
258829 2
258829 8
261466 2
261466 8
262345 2
262345 8
263810 2
263810 8
264982 2
264982 8
267033 2
267033 8
268205 2
268205 8
269963 2
269963 8
271721 2
271721 8
275221 2
275221 8
277714 2
277714 8
278822 2
278822 8
281315 2
281315 8
282700 2
282700 8
286301 2
286301 8
289071 2
289071 8
289902 2
289902 8
290456 2
290456 8
