1 333
5757 7
5757 13
5757 2
8585 7
8585 13
8585 2
9898 7
9898 13
9898 2
9999 7
9999 13
9999 2
14544 7
14544 13
14544 2
19695 7
19695 13
19695 2
21614 7
21614 13
21614 2
23230 7
23230 13
23230 2
23331 7
23331 13
23331 2
23432 7
23432 13
23432 2
24139 7
24139 13
24139 2
24543 7
24543 13
24543 2
25755 7
25755 13
25755 2
26058 7
26058 13
26058 2
26159 7
26159 13
26159 2
26361 7
26361 13
26361 2
28684 7
28684 13
28684 2
29896 7
29896 13
29896 2
31512 7
31512 13
31512 2
34239 7
34239 13
34239 2
38582 7
38582 13
38582 2
40602 7
40602 13
40602 2
41915 7
41915 13
41915 2
42016 7
42016 13
42016 2
44238 7
44238 13
44238 2
46561 7
46561 13
46561 2
46662 7
46662 13
46662 2
46763 7
46763 13
46763 2
47571 7
47571 13
47571 2
51106 7
51106 13
51106 2
51308 7
51308 13
51308 2
52924 7
52924 13
52924 2
53025 7
53025 13
53025 2
53328 7
53328 13
53328 2
53429 7
53429 13
53429 2
53530 7
53530 13
53530 2
53833 7
53833 13
53833 2
54136 7
54136 13
54136 2
54237 7
54237 13
54237 2
54540 7
54540 13
54540 2
54742 7
54742 13
54742 2
54843 7
54843 13
54843 2
54944 7
54944 13
54944 2
55045 7
55045 13
55045 2
55146 7
55146 13
55146 2
55247 7
55247 13
55247 2
55752 7
55752 13
55752 2
55853 7
55853 13
55853 2
55954 7
55954 13
55954 2
56156 7
56156 13
56156 2
56257 7
56257 13
56257 2
56459 7
56459 13
56459 2
56560 7
56560 13
56560 2
56661 7
56661 13
56661 2
57267 7
57267 13
57267 2
57368 7
57368 13
57368 2
57469 7
57469 13
57469 2
57772 7
57772 13
57772 2
57974 7
57974 13
57974 2
58075 7
58075 13
58075 2
58176 7
58176 13
58176 2
58277 7
58277 13
58277 2
58378 7
58378 13
58378 2
58580 7
58580 13
58580 2
58681 7
58681 13
58681 2
58782 7
58782 13
58782 2
58883 7
58883 13
58883 2
58984 7
58984 13
58984 2
59085 7
59085 13
59085 2
59186 7
59186 13
59186 2
59287 7
59287 13
59287 2
59388 7
59388 13
59388 2
59994 7
59994 13
59994 2
60802 7
60802 13
60802 2
61509 7
61509 13
61509 2
62418 7
62418 13
62418 2
63428 7
63428 13
63428 2
63832 7
63832 13
63832 2
64741 7
64741 13
64741 2
64943 7
64943 13
64943 2
65246 7
65246 13
65246 2
65347 7
65347 13
65347 2
65650 7
65650 13
65650 2
66458 7
66458 13
66458 2
67165 7
67165 13
67165 2
67468 7
67468 13
67468 2
67973 7
67973 13
67973 2
68074 7
68074 13
68074 2
69488 7
69488 13
69488 2
70195 7
70195 13
70195 2
70397 7
70397 13
70397 2
70902 7
70902 13
70902 2
71407 7
71407 13
71407 2
71508 7
71508 13
71508 2
71710 7
71710 13
71710 2
72518 7
72518 13
72518 2
72619 7
72619 13
72619 2
73023 7
73023 13
73023 2
76457 7
76457 13
76457 2
76659 7
76659 13
76659 2
79184 7
79184 13
79184 2
83527 7
83527 13
83527 2
88274 7
88274 13
88274 2
88577 7
88577 13
88577 2
90597 7
90597 13
90597 2
93425 7
93425 13
93425 2
96152 7
96152 13
96152 2
98879 7
98879 13
98879 2
100091 7
100091 13
100091 2
100495 7
100495 13
100495 2
101101 7
101101 13
101101 2
2 134
2216 2
2216 8
4986 2
4986 8
6648 2
6648 8
7202 2
7202 8
9141 2
9141 8
10803 2
10803 8
12465 2
12465 8
15512 2
15512 8
16066 2
16066 8
16620 2
16620 8
18282 2
18282 8
19944 2
19944 8
54073 2
54073 8
56705 2
56705 8
57034 2
57034 8
65259 2
65259 8
67562 2
67562 8
67891 2
67891 8
72666 2
72666 8
73292 2
73292 8
78613 2
78613 8
88942 2
88942 8
98332 2
98332 8
104279 2
104279 8
117743 2
117743 8
131708 2
131708 8
150518 2
150518 8
151088 2
151088 8
151373 2
151373 8
152513 2
152513 8
158298 2
158298 8
158563 2
158563 8
166248 2
166248 8
169958 2
169958 8
181088 2
181088 8
182943 2
182943 8
183473 2
183473 8
185328 2
185328 8
186388 2
186388 8
186918 2
186918 8
188773 2
188773 8
189833 2
189833 8
190628 2
190628 8
198323 2
198323 8
198624 2
198624 8
206450 2
206450 8
208557 2
208557 8
237253 8
237354 8
237758 8
237960 8
238263 8
238566 8
239374 8
239475 8
240384 8
243414 8
243616 8
243717 8
248161 8
248363 8
249676 8
249777 8
249979 8
250080 8
250181 8
250282 8
250383 8
250585 8
250787 8
250888 8
251090 8
251292 8
252706 8
254928 8
256847 8
257958 8
258059 8
258160 8
258261 8
258362 8
258564 8
258665 8
258766 8
258867 8
258968 8
259776 8
7 276
707 7
707 13
707 2
1717 7
1717 13
1717 2
3131 7
3131 13
3131 2
6161 7
6161 13
6161 2
6565 7
6565 13
6565 2
7272 7
7272 13
7272 2
10100 7
10100 13
10100 2
10302 7
10302 13
10302 2
10403 7
10403 13
10403 2
11514 7
11514 13
11514 2
13837 7
13837 13
13837 2
13938 7
13938 13
13938 2
14241 7
14241 13
14241 2
15857 7
15857 13
15857 2
18180 7
18180 13
18180 2
18483 7
18483 13
18483 2
19594 7
19594 13
19594 2
19897 7
19897 13
19897 2
21412 7
21412 13
21412 2
22725 7
22725 13
22725 2
22826 7
22826 13
22826 2
23432 7
23432 13
23432 2
24341 7
24341 13
24341 2
24846 7
24846 13
24846 2
25755 7
25755 13
25755 2
26058 7
26058 13
26058 2
26563 7
26563 13
26563 2
27270 7
27270 13
27270 2
27573 7
27573 13
27573 2
27977 7
27977 13
27977 2
29593 7
29593 13
29593 2
31108 7
31108 13
31108 2
31209 7
31209 13
31209 2
32522 7
32522 13
32522 2
32623 7
32623 13
32623 2
34037 7
34037 13
34037 2
35653 7
35653 13
35653 2
37067 7
37067 13
37067 2
38077 7
38077 13
38077 2
39087 7
39087 13
39087 2
39390 7
39390 13
39390 2
39491 7
39491 13
39491 2
39592 7
39592 13
39592 2
39693 7
39693 13
39693 2
40097 7
40097 13
40097 2
40299 7
40299 13
40299 2
40905 7
40905 13
40905 2
41006 7
41006 13
41006 2
41309 7
41309 13
41309 2
41713 7
41713 13
41713 2
42319 7
42319 13
42319 2
42622 7
42622 13
42622 2
42723 7
42723 13
42723 2
43127 7
43127 13
43127 2
43632 7
43632 13
43632 2
43834 7
43834 13
43834 2
44137 7
44137 13
44137 2
44339 7
44339 13
44339 2
44844 7
44844 13
44844 2
45147 7
45147 13
45147 2
45450 7
45450 13
45450 2
45854 7
45854 13
45854 2
46460 7
46460 13
46460 2
46965 7
46965 13
46965 2
47167 7
47167 13
47167 2
47470 7
47470 13
47470 2
48177 7
48177 13
48177 2
48379 7
48379 13
48379 2
49591 7
49591 13
49591 2
50096 7
50096 13
50096 2
50197 7
50197 13
50197 2
50904 7
50904 13
50904 2
51106 7
51106 13
51106 2
52318 7
52318 13
52318 2
59120 2
59120 8
61730 2
61730 8
63035 2
63035 8
64862 2
64862 8
66689 2
66689 8
67733 2
67733 8
68777 2
68777 8
71387 2
71387 8
72692 2
72692 8
74258 2
74258 8
74780 2
74780 8
75563 2
75563 8
83915 2
83915 8
94808 2
94808 8
109628 2
109628 8
116468 2
116468 8
122738 2
122738 8
124733 2
124733 8
125018 2
125018 8
125588 2
125588 8
137117 2
137117 8
141485 2
141485 8
173161 2
173161 8
178500 2
178500 8
180186 2
180186 8
184120 2
184120 8
184963 2
184963 8
8 87
202 8
808 8
1414 8
1717 8
2323 8
2424 8
5555 8
6565 8
6767 8
7171 8
7373 8
7979 8
8787 8
12625 8
13029 8
13231 8
13534 8
13837 8
15857 8
15958 8
16665 8
16968 8
17473 8
21008 8
21109 8
21715 8
22321 8
22523 8
28078 8
28886 8
28987 8
30401 8
30906 8
31108 8
31209 8
31310 8
31613 8
32724 8
33835 8
44397 8
56962 8
57455 8
58934 8
65299 8
65788 8
81747 8
83310 8
83831 8
92837 8
93370 8
95502 8
108647 8
117376 8
153274 8
156781 8
159166 8
168517 8
170553 8
179953 8
182438 8
183929 8
186414 8
186911 8
187408 8
191845 8
192338 8
199409 8
204933 8
206793 8
210561 8
213126 8
213639 8
225504 8
230234 8
231180 8
231653 8
235437 8
248549 8
250681 8
253346 8
259209 8
259742 8
261874 8
276328 8
276813 8
277298 8
278753 8
12 1168
0 1
0 1
0 1
0 1
0 1
0 1
0 1
0 1
0 1
0 1
0 1
0 1
0 1
0 1
0 1
0 1
0 1
0 1
0 1
0 1
0 1
0 1
0 1
0 1
0 1
0 1
0 1
0 1
0 1
0 1
0 1
0 1
0 1
0 1
0 1
0 1
0 1
0 1
0 1
0 1
0 1
0 1
0 1
0 1
0 1
0 1
0 1
0 1
0 1
0 1
0 1
0 1
0 1
0 1
0 1
0 1
0 1
0 1
0 1
0 1
0 1
0 1
0 1
0 1
0 1
0 1
0 1
0 1
0 1
0 1
0 1
0 1
0 1
0 1
0 1
0 1
0 1
0 1
0 1
0 1
0 1
0 1
0 1
0 1
0 1
0 1
0 1
0 1
0 1
0 1
0 1
0 1
0 1
0 1
0 1
0 1
0 1
0 1
0 1
0 1
0 1
0 1
0 1
0 1
0 1
0 1
0 1
0 1
0 1
0 1
0 1
0 1
0 1
0 1
0 1
0 1
0 1
0 1
0 1
0 1
0 1
0 1
0 1
0 1
0 1
0 1
0 1
0 1
0 1
0 1
0 1
0 1
0 1
0 1
0 1
0 1
0 1
0 1
0 1
0 1
0 1
0 1
0 1
0 1
0 1
0 1
0 1
0 1
0 1
0 1
0 1
0 1
0 1
0 1
0 1
0 1
0 1
0 1
0 1
0 1
0 1
0 1
0 1
0 1
0 1
0 1
0 1
0 1
0 1
0 1
0 1
0 1
0 1
0 1
0 1
0 1
0 1
0 1
0 1
0 1
0 1
0 1
0 1
0 1
0 1
0 1
0 1
0 1
0 1
0 1
0 1
0 1
0 1
0 1
0 1
0 1
0 1
0 1
0 1
0 1
0 1
0 1
0 1
0 1
0 1
0 1
0 1
0 1
0 1
0 1
0 1
0 1
0 1
0 1
0 1
0 1
0 1
0 1
0 1
0 1
0 1
0 1
0 1
0 1
0 1
0 1
0 1
0 1
0 1
0 1
0 1
0 1
0 1
0 1
0 1
0 1
0 1
0 1
0 1
0 1
0 1
0 1
0 1
0 1
0 1
0 1
0 1
0 1
0 1
0 1
0 1
0 1
0 1
0 1
0 1
0 1
0 1
0 1
0 1
0 1
0 1
0 1
0 1
0 1
0 1
0 1
0 1
0 1
0 1
0 1
0 1
0 1
0 1
0 1
0 1
0 1
0 1
0 1
0 1
0 1
0 1
0 1
0 1
0 1
0 1
0 1
0 1
0 1
0 1
0 1
0 1
0 1
0 1
0 1
0 1
0 1
0 1
0 1
0 1
0 1
0 1
0 1
0 1
0 1
0 1
0 1
0 1
0 1
0 1
0 1
0 1
0 1
0 1
0 1
0 1
0 1
0 1
0 1
0 1
0 1
0 1
0 1
0 1
0 1
0 1
0 1
0 1
0 1
0 1
0 1
0 1
0 1
0 1
0 1
0 1
0 1
0 1
0 1
0 1
0 1
0 1
0 1
0 1
0 1
0 1
0 1
0 1
0 1
0 1
0 1
0 1
0 1
0 1
0 1
0 1
0 1
0 1
0 1
0 1
0 1
0 1
0 1
0 1
0 1
0 1
0 1
0 1
0 1
0 1
0 1
0 1
0 1
0 1
0 1
0 1
0 1
0 1
0 1
0 1
0 1
0 1
0 1
0 1
0 1
0 1
0 1
0 1
0 1
0 1
0 1
0 1
0 1
0 1
0 1
0 1
0 1
0 1
0 1
0 1
0 1
0 1
0 1
0 1
0 1
0 1
0 1
0 1
0 1
0 1
0 1
0 1
0 1
0 1
0 1
0 1
0 1
0 1
0 1
0 1
0 1
0 1
0 1
0 1
0 1
0 1
0 1
0 1
0 1
0 1
0 1
0 1
0 1
0 1
0 1
0 1
0 1
0 1
0 1
0 1
0 1
0 1
0 1
0 1
0 1
0 1
0 1
0 1
0 1
0 1
0 1
0 1
0 1
0 1
0 1
0 1
0 1
0 1
0 1
0 1
0 1
0 1
0 1
0 1
0 1
0 1
0 1
0 1
0 1
0 1
0 1
0 1
0 1
0 1
0 1
0 1
0 1
0 1
0 1
0 1
0 1
0 1
0 1
0 1
0 1
0 1
0 1
0 1
0 1
0 1
0 1
0 1
0 1
0 1
0 1
0 1
0 1
0 1
0 1
0 1
0 1
0 1
0 1
0 1
0 1
0 1
0 1
0 1
0 1
0 1
0 1
0 1
0 1
0 1
0 1
0 1
0 1
0 1
0 1
0 1
0 1
0 1
0 1
0 1
0 1
0 1
0 1
0 1
0 1
0 1
0 1
0 1
0 1
0 1
0 1
0 1
0 1
0 1
0 1
0 1
0 1
0 1
0 1
0 1
0 1
0 1
0 1
0 1
0 1
0 1
0 1
0 1
0 1
0 1
0 1
0 1
0 1
0 1
0 1
0 1
0 1
0 1
0 1
0 1
0 1
0 1
0 1
0 1
0 1
0 1
0 1
0 1
0 1
0 1
0 1
0 1
0 1
0 1
0 1
0 1
0 1
0 1
0 1
0 1
0 1
0 7
0 7
0 7
0 7
0 7
0 7
0 7
0 7
0 7
0 7
0 7
0 7
0 7
0 7
0 7
0 7
0 7
0 7
0 7
0 7
0 7
0 7
0 7
0 7
0 7
0 7
0 7
0 7
0 7
0 7
0 7
0 7
0 7
0 7
0 7
0 7
0 7
0 7
0 7
0 7
0 7
0 7
0 7
0 7
0 7
0 7
0 7
0 7
0 7
0 7
0 7
0 7
0 7
0 7
0 7
0 7
0 7
0 7
0 7
0 7
0 7
0 7
0 7
0 7
0 7
0 7
0 7
0 7
0 7
0 7
0 7
0 7
0 7
0 7
0 7
0 7
0 7
0 7
0 7
0 7
0 7
0 7
0 7
0 7
0 7
0 7
0 7
0 7
0 7
0 7
0 7
0 7
0 7
0 7
0 7
0 7
0 7
0 7
0 7
0 7
0 7
0 7
0 7
0 7
0 7
0 7
0 7
0 7
0 7
0 7
0 7
0 7
0 7
0 7
0 7
0 7
0 7
0 7
0 7
0 7
0 7
0 7
0 7
0 7
0 7
0 7
0 7
0 7
0 7
0 7
0 7
0 7
0 7
0 7
0 7
0 7
0 7
0 7
0 7
0 7
0 7
0 7
0 7
0 7
0 7
0 7
0 7
0 7
0 7
0 7
0 7
0 7
0 7
0 7
0 7
0 7
0 7
0 7
0 7
0 7
0 7
0 7
0 7
0 7
0 7
0 7
0 7
0 7
0 7
0 7
0 7
0 7
0 7
0 7
0 7
0 7
0 7
0 7
0 7
0 7
0 7
0 7
0 7
0 7
0 7
0 7
0 7
0 7
0 7
0 7
0 7
0 7
0 7
0 7
0 7
0 7
0 7
0 7
0 7
0 7
0 7
0 7
0 7
0 7
0 7
0 7
0 7
0 7
0 7
0 7
0 7
0 7
0 7
0 7
0 7
0 7
0 7
0 7
0 7
0 7
0 7
0 7
0 7
0 7
0 7
0 7
0 7
0 7
0 7
0 7
0 7
0 7
0 7
0 7
0 7
0 7
0 7
0 7
0 7
0 7
0 7
0 7
0 7
0 7
0 7
0 7
0 7
0 7
0 7
0 7
0 7
0 7
0 7
0 7
0 7
0 7
0 7
0 7
0 7
0 7
0 7
0 7
0 7
0 7
0 7
0 7
0 7
0 7
0 7
0 7
0 7
0 7
0 7
0 7
0 7
0 7
0 7
0 7
0 7
0 7
0 7
0 7
0 7
0 7
0 7
0 7
0 7
0 7
0 7
0 7
0 7
0 7
0 7
0 7
0 7
0 7
0 7
0 7
0 7
0 7
0 7
0 7
0 7
0 7
0 7
0 7
0 7
0 7
0 7
0 7
0 7
0 7
0 7
0 7
0 7
0 7
0 7
0 7
0 7
0 7
0 7
0 7
0 7
0 7
0 7
0 7
0 7
0 7
0 7
0 7
0 7
0 7
0 7
0 7
0 7
0 7
0 7
0 7
0 7
0 7
0 7
0 7
0 7
0 7
0 7
0 7
0 7
0 7
0 7
0 7
0 7
0 7
0 7
0 7
0 7
0 7
0 7
0 7
0 7
0 7
0 7
0 7
0 7
0 7
0 7
0 7
0 7
0 7
0 7
0 7
0 7
0 7
0 7
0 7
0 7
0 7
0 7
0 7
0 7
0 7
0 7
0 7
0 7
0 7
0 7
0 7
0 7
0 7
0 7
0 7
0 7
0 7
0 7
0 7
0 7
0 7
0 7
0 7
0 7
0 7
0 7
0 7
0 7
0 7
0 7
0 7
0 7
0 7
0 7
0 7
0 7
0 7
0 7
0 7
0 7
0 7
0 7
0 7
0 7
0 7
0 7
0 7
0 7
0 7
0 7
0 7
0 7
0 7
0 7
0 7
0 7
0 7
0 7
0 7
0 7
0 7
0 7
0 7
0 7
0 7
0 7
0 7
0 7
0 7
0 7
0 7
0 7
0 7
0 7
0 7
0 7
0 7
0 7
0 7
0 7
0 7
0 7
0 7
0 7
0 7
0 7
0 7
0 7
0 7
0 7
0 7
0 7
0 7
0 7
0 7
0 7
0 7
0 7
0 7
0 7
0 7
0 7
0 7
0 7
0 7
0 7
0 7
0 7
0 7
0 7
0 7
0 7
0 7
0 7
0 7
0 7
0 7
0 7
0 7
0 7
0 7
0 7
0 7
0 7
0 7
0 7
0 7
0 7
0 7
0 7
0 7
0 7
0 7
0 7
0 7
0 7
0 7
0 7
0 7
0 7
0 7
0 7
0 7
0 7
0 7
0 7
0 7
0 7
0 7
0 7
0 7
0 7
0 7
0 7
0 7
0 7
0 7
0 7
0 7
0 7
0 7
0 7
0 7
0 7
0 7
0 7
0 7
0 7
0 7
0 7
0 7
0 7
0 7
0 7
0 7
0 7
0 7
0 7
0 7
0 7
0 7
0 7
0 7
0 7
0 7
0 7
0 7
0 7
0 7
0 7
0 7
0 7
0 7
0 7
0 7
0 7
0 7
0 7
0 7
0 7
0 7
0 7
0 7
0 7
0 7
0 7
0 7
0 7
0 7
13 192
2248 2
2248 8
5901 2
5901 8
7306 2
7306 8
7868 2
7868 8
8992 2
8992 8
9835 2
9835 8
10959 2
10959 8
11240 2
11240 8
11521 2
11521 8
12926 2
12926 8
13769 2
13769 8
15174 2
15174 8
15736 2
15736 8
16017 2
16017 8
17984 2
17984 8
21075 2
21075 8
24166 2
24166 8
26695 2
26695 8
33129 2
33129 8
34887 2
34887 8
36059 2
36059 8
36352 2
36352 8
41919 2
41919 8
44849 2
44849 8
46314 2
46314 8
49537 2
49537 8
55397 2
55397 8
63015 2
63015 8
63308 2
63308 8
66531 2
66531 8
71858 2
71858 8
94454 2
94454 8
96068 2
96068 8
96337 2
96337 8
96875 2
96875 8
97144 2
97144 8
99296 2
99296 8
99565 2
99565 8
99834 2
99834 8
100103 2
100103 8
100372 2
100372 8
100641 2
100641 8
101179 2
101179 8
102255 2
102255 8
102524 2
102524 8
103062 2
103062 8
103331 2
103331 8
103600 2
103600 8
103869 2
103869 8
104676 2
104676 8
105483 2
105483 8
105752 2
105752 8
106021 2
106021 8
106559 2
106559 8
107635 2
107635 8
107904 2
107904 8
112272 2
112272 8
116913 2
116913 8
125103 2
125103 8
126468 2
126468 8
131655 2
131655 8
132747 2
132747 8
141210 2
141210 8
141483 2
141483 8
141756 2
141756 8
142848 2
142848 8
144759 2
144759 8
169777 2
169777 8
180325 2
180325 8
180618 2
180618 8
193622 2
193622 8
194224 2
194224 8
194826 2
194826 8
199642 2
199642 8
203555 2
203555 8
205963 2
205963 8
208371 2
208371 8
211983 2
211983 8
215896 2
215896 8
218605 2
218605 8
220712 2
220712 8
223120 2
223120 8
247988 2
247988 8
260587 2
260587 8
260880 2
260880 8
262345 2
262345 8
263810 2
263810 8
264103 2
264103 8
264982 2
264982 8
268205 2
268205 8
271721 2
271721 8
275221 2
275221 8
280761 2
280761 8
282700 2
282700 8
284362 2
284362 8
288794 2
288794 8
