1 351
4444 7
4444 13
4444 2
6666 7
6666 13
6666 2
8080 7
8080 13
8080 2
9090 7
9090 13
9090 2
11211 7
11211 13
11211 2
13231 7
13231 13
13231 2
14443 7
14443 13
14443 2
22725 7
22725 13
22725 2
24442 7
24442 13
24442 2
27169 7
27169 13
27169 2
27573 7
27573 13
27573 2
27775 7
27775 13
27775 2
29088 7
29088 13
29088 2
29189 7
29189 13
29189 2
30401 7
30401 13
30401 2
31411 7
31411 13
31411 2
31815 7
31815 13
31815 2
32320 7
32320 13
32320 2
32926 7
32926 13
32926 2
33027 7
33027 13
33027 2
33128 7
33128 13
33128 2
33532 7
33532 13
33532 2
34239 7
34239 13
34239 2
35047 7
35047 13
35047 2
36764 7
36764 13
36764 2
38077 7
38077 13
38077 2
43935 7
43935 13
43935 2
45349 7
45349 13
45349 2
46763 7
46763 13
46763 2
48177 7
48177 13
48177 2
51611 7
51611 13
51611 2
52116 7
52116 13
52116 2
52722 7
52722 13
52722 2
53530 7
53530 13
53530 2
53631 7
53631 13
53631 2
53732 7
53732 13
53732 2
54136 7
54136 13
54136 2
54439 7
54439 13
54439 2
54641 7
54641 13
54641 2
54742 7
54742 13
54742 2
54944 7
54944 13
54944 2
55045 7
55045 13
55045 2
55146 7
55146 13
55146 2
55449 7
55449 13
55449 2
55651 7
55651 13
55651 2
55954 7
55954 13
55954 2
56055 7
56055 13
56055 2
56156 7
56156 13
56156 2
56257 7
56257 13
56257 2
56358 7
56358 13
56358 2
56560 7
56560 13
56560 2
56661 7
56661 13
56661 2
56863 7
56863 13
56863 2
57065 7
57065 13
57065 2
57166 7
57166 13
57166 2
57368 7
57368 13
57368 2
57570 7
57570 13
57570 2
57671 7
57671 13
57671 2
57873 7
57873 13
57873 2
57974 7
57974 13
57974 2
58075 7
58075 13
58075 2
58176 7
58176 13
58176 2
58479 7
58479 13
58479 2
59287 7
59287 13
59287 2
59388 7
59388 13
59388 2
59893 7
59893 13
59893 2
60499 7
60499 13
60499 2
61004 7
61004 13
61004 2
61408 7
61408 13
61408 2
62014 7
62014 13
62014 2
62216 7
62216 13
62216 2
62317 7
62317 13
62317 2
62923 7
62923 13
62923 2
63327 7
63327 13
63327 2
63529 7
63529 13
63529 2
63731 7
63731 13
63731 2
63832 7
63832 13
63832 2
64135 7
64135 13
64135 2
65044 7
65044 13
65044 2
65145 7
65145 13
65145 2
65246 7
65246 13
65246 2
65751 7
65751 13
65751 2
65852 7
65852 13
65852 2
66054 7
66054 13
66054 2
66559 7
66559 13
66559 2
66660 7
66660 13
66660 2
67165 7
67165 13
67165 2
68074 7
68074 13
68074 2
68478 7
68478 13
68478 2
68983 7
68983 13
68983 2
69488 7
69488 13
69488 2
69690 7
69690 13
69690 2
69993 7
69993 13
69993 2
70700 7
70700 13
70700 2
71205 7
71205 13
71205 2
71508 7
71508 13
71508 2
72922 7
72922 13
72922 2
76760 7
76760 13
76760 2
78174 7
78174 13
78174 2
79790 7
79790 13
79790 2
83628 7
83628 13
83628 2
83931 7
83931 13
83931 2
85345 7
85345 13
85345 2
91304 7
91304 13
91304 2
91506 7
91506 13
91506 2
92213 7
92213 13
92213 2
92314 7
92314 13
92314 2
92415 7
92415 13
92415 2
92718 7
92718 13
92718 2
93627 7
93627 13
93627 2
96455 7
96455 13
96455 2
96556 7
96556 13
96556 2
99889 7
99889 13
99889 2
99990 7
99990 13
99990 2
101000 7
101000 13
101000 2
101202 7
101202 13
101202 2
102313 7
102313 13
102313 2
2 128
277 2
277 8
1939 2
1939 8
4432 2
4432 8
8033 2
8033 8
9141 2
9141 8
10249 2
10249 8
11080 2
11080 8
16066 2
16066 8
16343 2
16343 8
26766 2
26766 8
65588 2
65588 8
68220 2
68220 8
68549 2
68549 8
68878 2
68878 8
69207 2
69207 8
70162 2
70162 8
77674 2
77674 8
85499 2
85499 8
88942 2
88942 8
92698 2
92698 8
111165 2
111165 8
158298 2
158298 8
165188 2
165188 8
175258 2
175258 8
179498 2
179498 8
180293 2
180293 8
180823 2
180823 8
182678 2
182678 8
182943 2
182943 8
183208 2
183208 8
183738 2
183738 8
184003 2
184003 8
184268 2
184268 8
185328 2
185328 8
186388 2
186388 8
187183 2
187183 8
189303 2
189303 8
190098 2
190098 8
191158 2
191158 8
192483 2
192483 8
192748 2
192748 8
193013 2
193013 8
197721 2
197721 8
201032 2
201032 8
203741 2
203741 8
209761 2
209761 8
219995 2
219995 8
237859 8
238162 8
238465 8
238667 8
238768 8
239071 8
239172 8
239778 8
243515 8
245333 8
248464 8
248767 8
249070 8
250080 8
250585 8
250686 8
250888 8
250989 8
251191 8
252504 8
252706 8
253009 8
253817 8
254928 8
257958 8
258059 8
258160 8
258261 8
258362 8
258564 8
258665 8
258766 8
258867 8
258968 8
7 268
404 7
404 13
404 2
808 7
808 13
808 2
1616 7
1616 13
1616 2
5858 7
5858 13
5858 2
5959 7
5959 13
5959 2
6060 7
6060 13
6060 2
7373 7
7373 13
7373 2
7474 7
7474 13
7474 2
10201 7
10201 13
10201 2
10908 7
10908 13
10908 2
11514 7
11514 13
11514 2
15352 7
15352 13
15352 2
16665 7
16665 13
16665 2
16867 7
16867 13
16867 2
16968 7
16968 13
16968 2
18382 7
18382 13
18382 2
19089 7
19089 13
19089 2
19998 7
19998 13
19998 2
21412 7
21412 13
21412 2
21513 7
21513 13
21513 2
23028 7
23028 13
23028 2
24139 7
24139 13
24139 2
24341 7
24341 13
24341 2
25351 7
25351 13
25351 2
25553 7
25553 13
25553 2
25856 7
25856 13
25856 2
27371 7
27371 13
27371 2
27876 7
27876 13
27876 2
28078 7
28078 13
28078 2
28381 7
28381 13
28381 2
28684 7
28684 13
28684 2
29391 7
29391 13
29391 2
29593 7
29593 13
29593 2
31108 7
31108 13
31108 2
32522 7
32522 13
32522 2
37471 7
37471 13
37471 2
38077 7
38077 13
38077 2
38683 7
38683 13
38683 2
39491 7
39491 13
39491 2
41006 7
41006 13
41006 2
41107 7
41107 13
41107 2
41208 7
41208 13
41208 2
41612 7
41612 13
41612 2
41713 7
41713 13
41713 2
42420 7
42420 13
42420 2
42622 7
42622 13
42622 2
42824 7
42824 13
42824 2
42925 7
42925 13
42925 2
43127 7
43127 13
43127 2
44541 7
44541 13
44541 2
45248 7
45248 13
45248 2
46056 7
46056 13
46056 2
46561 7
46561 13
46561 2
46763 7
46763 13
46763 2
46864 7
46864 13
46864 2
47066 7
47066 13
47066 2
47268 7
47268 13
47268 2
47975 7
47975 13
47975 2
48177 7
48177 13
48177 2
48682 7
48682 13
48682 2
49591 7
49591 13
49591 2
49793 7
49793 13
49793 2
51207 7
51207 13
51207 2
52318 7
52318 13
52318 2
52520 7
52520 13
52520 2
53631 7
53631 13
53631 2
53934 7
53934 13
53934 2
54742 7
54742 13
54742 2
58337 2
58337 8
59642 2
59642 8
60164 2
60164 8
60686 2
60686 8
61730 2
61730 8
62513 2
62513 8
65123 2
65123 8
65906 2
65906 8
68255 2
68255 8
68777 2
68777 8
71387 2
71387 8
71648 2
71648 8
72170 2
72170 8
75563 2
75563 8
76085 2
76085 8
78956 2
78956 8
83915 2
83915 8
87308 2
87308 8
89657 2
89657 8
116183 2
116183 8
124733 2
124733 8
138755 2
138755 8
174285 2
174285 8
174566 2
174566 8
177376 2
177376 8
181029 2
181029 8
181872 2
181872 8
182434 2
182434 8
183277 2
183277 8
183839 2
183839 8
184120 2
184120 8
184963 2
184963 8
8 102
606 8
1212 8
1717 8
2424 8
4949 8
5555 8
6666 8
7575 8
7878 8
8484 8
8989 8
12524 8
12625 8
12827 8
13231 8
14241 8
14544 8
16059 8
16261 8
16867 8
16968 8
17271 8
20301 8
21008 8
21715 8
21917 8
22321 8
23230 8
23634 8
27775 8
29088 8
29795 8
30906 8
31108 8
31209 8
31310 8
31613 8
31916 8
32118 8
32825 8
54497 8
56469 8
56962 8
57455 8
59427 8
59920 8
60898 8
63343 8
64321 8
64810 8
82268 8
83310 8
83831 8
84352 8
85843 8
109168 8
109681 8
125541 8
127886 8
133065 8
143823 8
149739 8
153274 8
157258 8
157735 8
159166 8
159643 8
161074 8
166481 8
168008 8
176690 8
180450 8
185917 8
186414 8
187408 8
192338 8
192831 8
207258 8
212613 8
213126 8
229761 8
230234 8
231180 8
232599 8
233072 8
233545 8
236383 8
238748 8
249082 8
251214 8
257610 8
259209 8
260808 8
261341 8
262940 8
274873 8
275358 8
276328 8
276813 8
277298 8
277783 8
278268 8
12 1196
0 1
0 1
0 1
0 1
0 1
0 1
0 1
0 1
0 1
0 1
0 1
0 1
0 1
0 1
0 1
0 1
0 1
0 1
0 1
0 1
0 1
0 1
0 1
0 1
0 1
0 1
0 1
0 1
0 1
0 1
0 1
0 1
0 1
0 1
0 1
0 1
0 1
0 1
0 1
0 1
0 1
0 1
0 1
0 1
0 1
0 1
0 1
0 1
0 1
0 1
0 1
0 1
0 1
0 1
0 1
0 1
0 1
0 1
0 1
0 1
0 1
0 1
0 1
0 1
0 1
0 1
0 1
0 1
0 1
0 1
0 1
0 1
0 1
0 1
0 1
0 1
0 1
0 1
0 1
0 1
0 1
0 1
0 1
0 1
0 1
0 1
0 1
0 1
0 1
0 1
0 1
0 1
0 1
0 1
0 1
0 1
0 1
0 1
0 1
0 1
0 1
0 1
0 1
0 1
0 1
0 1
0 1
0 1
0 1
0 1
0 1
0 1
0 1
0 1
0 1
0 1
0 1
0 1
0 1
0 1
0 1
0 1
0 1
0 1
0 1
0 1
0 1
0 1
0 1
0 1
0 1
0 1
0 1
0 1
0 1
0 1
0 1
0 1
0 1
0 1
0 1
0 1
0 1
0 1
0 1
0 1
0 1
0 1
0 1
0 1
0 1
0 1
0 1
0 1
0 1
0 1
0 1
0 1
0 1
0 1
0 1
0 1
0 1
0 1
0 1
0 1
0 1
0 1
0 1
0 1
0 1
0 1
0 1
0 1
0 1
0 1
0 1
0 1
0 1
0 1
0 1
0 1
0 1
0 1
0 1
0 1
0 1
0 1
0 1
0 1
0 1
0 1
0 1
0 1
0 1
0 1
0 1
0 1
0 1
0 1
0 1
0 1
0 1
0 1
0 1
0 1
0 1
0 1
0 1
0 1
0 1
0 1
0 1
0 1
0 1
0 1
0 1
0 1
0 1
0 1
0 1
0 1
0 1
0 1
0 1
0 1
0 1
0 1
0 1
0 1
0 1
0 1
0 1
0 1
0 1
0 1
0 1
0 1
0 1
0 1
0 1
0 1
0 1
0 1
0 1
0 1
0 1
0 1
0 1
0 1
0 1
0 1
0 1
0 1
0 1
0 1
0 1
0 1
0 1
0 1
0 1
0 1
0 1
0 1
0 1
0 1
0 1
0 1
0 1
0 1
0 1
0 1
0 1
0 1
0 1
0 1
0 1
0 1
0 1
0 1
0 1
0 1
0 1
0 1
0 1
0 1
0 1
0 1
0 1
0 1
0 1
0 1
0 1
0 1
0 1
0 1
0 1
0 1
0 1
0 1
0 1
0 1
0 1
0 1
0 1
0 1
0 1
0 1
0 1
0 1
0 1
0 1
0 1
0 1
0 1
0 1
0 1
0 1
0 1
0 1
0 1
0 1
0 1
0 1
0 1
0 1
0 1
0 1
0 1
0 1
0 1
0 1
0 1
0 1
0 1
0 1
0 1
0 1
0 1
0 1
0 1
0 1
0 1
0 1
0 1
0 1
0 1
0 1
0 1
0 1
0 1
0 1
0 1
0 1
0 1
0 1
0 1
0 1
0 1
0 1
0 1
0 1
0 1
0 1
0 1
0 1
0 1
0 1
0 1
0 1
0 1
0 1
0 1
0 1
0 1
0 1
0 1
0 1
0 1
0 1
0 1
0 1
0 1
0 1
0 1
0 1
0 1
0 1
0 1
0 1
0 1
0 1
0 1
0 1
0 1
0 1
0 1
0 1
0 1
0 1
0 1
0 1
0 1
0 1
0 1
0 1
0 1
0 1
0 1
0 1
0 1
0 1
0 1
0 1
0 1
0 1
0 1
0 1
0 1
0 1
0 1
0 1
0 1
0 1
0 1
0 1
0 1
0 1
0 1
0 1
0 1
0 1
0 1
0 1
0 1
0 1
0 1
0 1
0 1
0 1
0 1
0 1
0 1
0 1
0 1
0 1
0 1
0 1
0 1
0 1
0 1
0 1
0 1
0 1
0 1
0 1
0 1
0 1
0 1
0 1
0 1
0 1
0 1
0 1
0 1
0 1
0 1
0 1
0 1
0 1
0 1
0 1
0 1
0 1
0 1
0 1
0 1
0 1
0 1
0 1
0 1
0 1
0 1
0 1
0 1
0 1
0 1
0 1
0 1
0 1
0 1
0 1
0 1
0 1
0 1
0 1
0 1
0 1
0 1
0 1
0 1
0 1
0 1
0 1
0 1
0 1
0 1
0 1
0 1
0 1
0 1
0 1
0 1
0 1
0 1
0 1
0 1
0 1
0 1
0 1
0 1
0 1
0 1
0 1
0 1
0 1
0 1
0 1
0 1
0 1
0 1
0 1
0 1
0 1
0 1
0 1
0 1
0 1
0 1
0 1
0 1
0 1
0 1
0 1
0 1
0 1
0 1
0 1
0 1
0 1
0 1
0 1
0 1
0 1
0 1
0 1
0 1
0 1
0 1
0 1
0 1
0 1
0 1
0 1
0 1
0 1
0 1
0 1
0 1
0 1
0 1
0 1
0 1
0 1
0 1
0 1
0 1
0 1
0 1
0 1
0 1
0 1
0 1
0 1
0 1
0 1
0 1
0 1
0 1
0 1
0 1
0 1
0 1
0 1
0 1
0 1
0 1
0 1
0 7
0 7
0 7
0 7
0 7
0 7
0 7
0 7
0 7
0 7
0 7
0 7
0 7
0 7
0 7
0 7
0 7
0 7
0 7
0 7
0 7
0 7
0 7
0 7
0 7
0 7
0 7
0 7
0 7
0 7
0 7
0 7
0 7
0 7
0 7
0 7
0 7
0 7
0 7
0 7
0 7
0 7
0 7
0 7
0 7
0 7
0 7
0 7
0 7
0 7
0 7
0 7
0 7
0 7
0 7
0 7
0 7
0 7
0 7
0 7
0 7
0 7
0 7
0 7
0 7
0 7
0 7
0 7
0 7
0 7
0 7
0 7
0 7
0 7
0 7
0 7
0 7
0 7
0 7
0 7
0 7
0 7
0 7
0 7
0 7
0 7
0 7
0 7
0 7
0 7
0 7
0 7
0 7
0 7
0 7
0 7
0 7
0 7
0 7
0 7
0 7
0 7
0 7
0 7
0 7
0 7
0 7
0 7
0 7
0 7
0 7
0 7
0 7
0 7
0 7
0 7
0 7
0 7
0 7
0 7
0 7
0 7
0 7
0 7
0 7
0 7
0 7
0 7
0 7
0 7
0 7
0 7
0 7
0 7
0 7
0 7
0 7
0 7
0 7
0 7
0 7
0 7
0 7
0 7
0 7
0 7
0 7
0 7
0 7
0 7
0 7
0 7
0 7
0 7
0 7
0 7
0 7
0 7
0 7
0 7
0 7
0 7
0 7
0 7
0 7
0 7
0 7
0 7
0 7
0 7
0 7
0 7
0 7
0 7
0 7
0 7
0 7
0 7
0 7
0 7
0 7
0 7
0 7
0 7
0 7
0 7
0 7
0 7
0 7
0 7
0 7
0 7
0 7
0 7
0 7
0 7
0 7
0 7
0 7
0 7
0 7
0 7
0 7
0 7
0 7
0 7
0 7
0 7
0 7
0 7
0 7
0 7
0 7
0 7
0 7
0 7
0 7
0 7
0 7
0 7
0 7
0 7
0 7
0 7
0 7
0 7
0 7
0 7
0 7
0 7
0 7
0 7
0 7
0 7
0 7
0 7
0 7
0 7
0 7
0 7
0 7
0 7
0 7
0 7
0 7
0 7
0 7
0 7
0 7
0 7
0 7
0 7
0 7
0 7
0 7
0 7
0 7
0 7
0 7
0 7
0 7
0 7
0 7
0 7
0 7
0 7
0 7
0 7
0 7
0 7
0 7
0 7
0 7
0 7
0 7
0 7
0 7
0 7
0 7
0 7
0 7
0 7
0 7
0 7
0 7
0 7
0 7
0 7
0 7
0 7
0 7
0 7
0 7
0 7
0 7
0 7
0 7
0 7
0 7
0 7
0 7
0 7
0 7
0 7
0 7
0 7
0 7
0 7
0 7
0 7
0 7
0 7
0 7
0 7
0 7
0 7
0 7
0 7
0 7
0 7
0 7
0 7
0 7
0 7
0 7
0 7
0 7
0 7
0 7
0 7
0 7
0 7
0 7
0 7
0 7
0 7
0 7
0 7
0 7
0 7
0 7
0 7
0 7
0 7
0 7
0 7
0 7
0 7
0 7
0 7
0 7
0 7
0 7
0 7
0 7
0 7
0 7
0 7
0 7
0 7
0 7
0 7
0 7
0 7
0 7
0 7
0 7
0 7
0 7
0 7
0 7
0 7
0 7
0 7
0 7
0 7
0 7
0 7
0 7
0 7
0 7
0 7
0 7
0 7
0 7
0 7
0 7
0 7
0 7
0 7
0 7
0 7
0 7
0 7
0 7
0 7
0 7
0 7
0 7
0 7
0 7
0 7
0 7
0 7
0 7
0 7
0 7
0 7
0 7
0 7
0 7
0 7
0 7
0 7
0 7
0 7
0 7
0 7
0 7
0 7
0 7
0 7
0 7
0 7
0 7
0 7
0 7
0 7
0 7
0 7
0 7
0 7
0 7
0 7
0 7
0 7
0 7
0 7
0 7
0 7
0 7
0 7
0 7
0 7
0 7
0 7
0 7
0 7
0 7
0 7
0 7
0 7
0 7
0 7
0 7
0 7
0 7
0 7
0 7
0 7
0 7
0 7
0 7
0 7
0 7
0 7
0 7
0 7
0 7
0 7
0 7
0 7
0 7
0 7
0 7
0 7
0 7
0 7
0 7
0 7
0 7
0 7
0 7
0 7
0 7
0 7
0 7
0 7
0 7
0 7
0 7
0 7
0 7
0 7
0 7
0 7
0 7
0 7
0 7
0 7
0 7
0 7
0 7
0 7
0 7
0 7
0 7
0 7
0 7
0 7
0 7
0 7
0 7
0 7
0 7
0 7
0 7
0 7
0 7
0 7
0 7
0 7
0 7
0 7
0 7
0 7
0 7
0 7
0 7
0 7
0 7
0 7
0 7
0 7
0 7
0 7
0 7
0 7
0 7
0 7
0 7
0 7
0 7
0 7
0 7
0 7
0 7
0 7
0 7
0 7
0 7
0 7
0 7
0 7
0 7
0 7
0 7
0 7
0 7
0 7
0 7
0 7
0 7
0 7
0 7
0 7
0 7
0 7
0 7
0 7
0 7
0 7
0 7
0 7
0 7
0 7
0 7
0 7
0 7
0 7
0 7
0 7
0 7
0 7
0 7
0 7
0 7
0 7
0 7
0 7
0 7
0 7
0 7
0 7
0 7
0 7
0 7
0 7
13 186
1686 2
1686 8
2529 2
2529 8
4215 2
4215 8
4777 2
4777 8
5339 2
5339 8
7306 2
7306 8
7868 2
7868 8
10678 2
10678 8
11521 2
11521 8
12926 2
12926 8
13769 2
13769 8
14331 2
14331 8
15174 2
15174 8
15736 2
15736 8
16017 2
16017 8
17141 2
17141 8
17984 2
17984 8
18265 2
18265 8
21075 2
21075 8
24166 2
24166 8
30492 2
30492 8
30785 2
30785 8
31957 2
31957 8
33422 2
33422 8
36352 2
36352 8
36645 2
36645 8
37231 2
37231 8
37817 2
37817 8
38696 2
38696 8
39868 2
39868 8
44849 2
44849 8
51295 2
51295 8
63308 2
63308 8
83694 2
83694 8
89074 2
89074 8
91226 2
91226 8
94185 2
94185 8
96606 2
96606 8
97413 2
97413 8
97682 2
97682 8
98220 2
98220 8
99296 2
99296 8
99565 2
99565 8
100103 2
100103 8
100641 2
100641 8
100910 2
100910 8
101448 2
101448 8
102255 2
102255 8
102793 2
102793 8
103062 2
103062 8
103331 2
103331 8
103600 2
103600 8
104138 2
104138 8
104407 2
104407 8
104676 2
104676 8
105752 2
105752 8
106021 2
106021 8
106290 2
106290 8
106559 2
106559 8
106828 2
106828 8
108177 2
108177 8
111453 2
111453 8
114729 2
114729 8
118005 2
118005 8
120189 2
120189 8
121281 2
121281 8
122100 2
122100 8
125103 2
125103 8
126195 2
126195 8
128652 2
128652 8
129471 2
129471 8
131928 2
131928 8
141210 2
141210 8
141756 2
141756 8
145032 2
145032 8
180325 2
180325 8
190311 2
190311 8
191214 2
191214 8
199943 2
199943 8
200846 2
200846 8
202050 2
202050 8
202351 2
202351 8
206866 2
206866 8
207769 2
207769 8
210478 2
210478 8
226431 2
226431 8
235096 2
235096 8
267033 2
267033 8
272600 2
272600 8
275498 2
275498 8
286024 2
286024 8
286301 2
286301 8
289902 2
289902 8
