0 8 16 17
8 16
8 17


1 8 16 17
8 16
8 17


2 8 16 17
8 16
8 17


3 8 16 17
8 16
8 17


4 8 16 17
8 16
8 17


5 8 16 17
8 16
8 17


6 8 16 17
8 16
8 17


7 8 16 17
8 16
8 17


8 8 16 17
8 16
8 17


9 8 16 17
8 16
8 17


10 8 16 17
8 16
8 17


11 8 16 17
8 16
8 17


12 8 16 17
8 16
8 17


13 8 16 17
8 16
8 17


14 8 16 17
8 16
8 17


15 8 16 17
8 16
8 17


81 0 84 100
0 84
0 100


82 0 84 100
0 84
0 100


83 0 84 100
0 84
0 100


84 0 84 100
0 84
0 100


85 0 84 100
0 84
0 100


86 0 84 100
0 84
0 100


87 0 84 100
0 84
0 100


88 0 84 100
0 84
0 100


89 0 84 100
0 84
0 100


90 0 84 100
0 84
0 100


91 0 84 100
0 84
0 100


92 0 84 100
0 84
0 100


93 0 84 100
0 84
0 100


94 0 84 100
0 84
0 100


95 0 84 100
0 84
0 100


96 0 84 100
0 84
0 100


162 85 57 41
85 57
85 41


163 85 57 41
85 57
85 41


164 85 57 41
85 57
85 41


165 85 57 41
85 57
85 41


166 85 57 41
85 57
85 41


167 85 57 41
85 57
85 41


168 85 57 41
85 57
85 41


169 85 57 41
85 57
85 41


170 85 57 41
85 57
85 41


171 85 57 41
85 57
85 41


172 85 57 41
85 57
85 41


173 85 57 41
85 57
85 41


174 85 57 41
85 57
85 41


175 85 57 41
85 57
85 41


176 85 57 41
85 57
85 41


177 85 57 41
85 57
85 41


243 56 29 13
56 29
56 13


244 56 29 13
56 29
56 13


245 56 29 13
56 29
56 13


246 56 29 13
56 29
56 13


247 56 29 13
56 29
56 13


248 56 29 13
56 29
56 13


249 56 29 13
56 29
56 13


250 56 29 13
56 29
56 13


251 56 29 13
56 29
56 13


252 56 29 13
56 29
56 13


253 56 29 13
56 29
56 13


254 56 29 13
56 29
56 13


255 56 29 13
56 29
56 13


256 56 29 13
56 29
56 13


257 56 29 13
56 29
56 13


258 56 29 13
56 29
56 13


324 28 15 31
28 15
28 31


325 28 15 31
28 15
28 31


326 28 15 31
28 15
28 31


327 28 15 31
28 15
28 31


328 28 15 31
28 15
28 31


329 28 15 31
28 15
28 31


330 28 15 31
28 15
28 31


331 28 15 31
28 15
28 31


332 28 15 31
28 15
28 31


333 28 15 31
28 15
28 31


334 28 15 31
28 15
28 31


335 28 15 31
28 15
28 31


336 28 15 31
28 15
28 31


337 28 15 31
28 15
28 31


338 28 15 31
28 15
28 31


339 28 15 31
28 15
28 31


340 28 15 31
28 15
28 31


341 28 15 31
28 15
28 31


342 28 15 31
28 15
28 31


343 28 15 31
28 15
28 31


344 28 15 31
28 15
28 31


345 28 15 31
28 15
28 31


346 28 15 31
28 15
28 31


347 28 15 31
28 15
28 31


348 28 15 31
28 15
28 31


349 28 15 31
28 15
28 31


350 28 15 31
28 15
28 31


351 28 15 31
28 15
28 31


352 28 15 31
28 15
28 31


353 28 15 31
28 15
28 31


354 28 15 31
28 15
28 31


355 28 15 31
28 15
28 31


356 28 15 31
28 15
28 31


357 28 15 31
28 15
28 31


358 28 15 31
28 15
28 31


359 28 15 31
28 15
28 31


360 28 15 31
28 15
28 31


361 28 15 31
28 15
28 31


362 28 15 31
28 15
28 31


363 28 15 31
28 15
28 31


364 28 15 31
28 15
28 31


365 28 15 31
28 15
28 31


366 28 15 31
28 15
28 31


367 28 15 31
28 15
28 31


368 28 15 31
28 15
28 31


369 28 15 31
28 15
28 31


370 28 15 31
28 15
28 31


371 28 15 31
28 15
28 31


372 28 15 31
28 15
28 31


373 28 15 31
28 15
28 31


374 28 15 31
28 15
28 31


375 28 15 31
28 15
28 31


376 28 15 31
28 15
28 31


377 28 15 31
28 15
28 31


378 28 15 31
28 15
28 31


379 28 15 31
28 15
28 31


380 28 15 31
28 15
28 31


381 28 15 31
28 15
28 31


382 28 15 31
28 15
28 31


383 28 15 31
28 15
28 31


384 28 15 31
28 15
28 31


385 28 15 31
28 15
28 31


386 28 15 31
28 15
28 31


387 28 15 31
28 15
28 31


645 14 46 47
14 46
14 47


646 14 46 47
14 46
14 47


647 14 46 47
14 46
14 47


648 14 46 47
14 46
14 47


649 14 46 47
14 46
14 47


650 14 46 47
14 46
14 47


651 14 46 47
14 46
14 47


652 14 46 47
14 46
14 47


653 14 46 47
14 46
14 47


654 14 46 47
14 46
14 47


655 14 46 47
14 46
14 47


656 14 46 47
14 46
14 47


657 14 46 47
14 46
14 47


658 14 46 47
14 46
14 47


659 14 46 47
14 46
14 47


660 14 46 47
14 46
14 47


661 14 46 47
14 46
14 47


662 14 46 47
14 46
14 47


663 14 46 47
14 46
14 47


664 14 46 47
14 46
14 47


665 14 46 47
14 46
14 47


666 14 46 47
14 46
14 47


667 14 46 47
14 46
14 47


668 14 46 47
14 46
14 47


669 14 46 47
14 46
14 47


670 14 46 47
14 46
14 47


671 14 46 47
14 46
14 47


672 14 46 47
14 46
14 47


673 14 46 47
14 46
14 47


674 14 46 47
14 46
14 47


675 14 46 47
14 46
14 47


676 14 46 47
14 46
14 47


677 14 46 47
14 46
14 47


678 14 46 47
14 46
14 47


679 14 46 47
14 46
14 47


680 14 46 47
14 46
14 47


681 14 46 47
14 46
14 47


682 14 46 47
14 46
14 47


683 14 46 47
14 46
14 47


684 14 46 47
14 46
14 47


685 14 46 47
14 46
14 47


686 14 46 47
14 46
14 47


687 14 46 47
14 46
14 47


688 14 46 47
14 46
14 47


689 14 46 47
14 46
14 47


690 14 46 47
14 46
14 47


691 14 46 47
14 46
14 47


692 14 46 47
14 46
14 47


693 14 46 47
14 46
14 47


694 14 46 47
14 46
14 47


695 14 46 47
14 46
14 47


696 14 46 47
14 46
14 47


697 14 46 47
14 46
14 47


698 14 46 47
14 46
14 47


699 14 46 47
14 46
14 47


700 14 46 47
14 46
14 47


701 14 46 47
14 46
14 47


702 14 46 47
14 46
14 47


703 14 46 47
14 46
14 47


704 14 46 47
14 46
14 47


705 14 46 47
14 46
14 47


706 14 46 47
14 46
14 47


707 14 46 47
14 46
14 47


708 14 46 47
14 46
14 47


709 14 46 47
14 46
14 47


710 14 46 47
14 46
14 47


711 14 46 47
14 46
14 47


712 14 46 47
14 46
14 47


713 14 46 47
14 46
14 47


714 14 46 47
14 46
14 47


715 14 46 47
14 46
14 47


716 14 46 47
14 46
14 47


717 14 46 47
14 46
14 47


718 14 46 47
14 46
14 47


719 14 46 47
14 46
14 47


720 14 46 47
14 46
14 47


721 14 46 47
14 46
14 47


722 14 46 47
14 46
14 47


723 14 46 47
14 46
14 47


724 14 46 47
14 46
14 47


725 14 46 47
14 46
14 47


726 14 46 47
14 46
14 47


727 14 46 47
14 46
14 47


728 14 46 47
14 46
14 47


729 14 46 47
14 46
14 47


730 14 46 47
14 46
14 47


731 14 46 47
14 46
14 47


732 14 46 47
14 46
14 47


733 14 46 47
14 46
14 47


734 14 46 47
14 46
14 47


735 14 46 47
14 46
14 47


736 14 46 47
14 46
14 47


737 14 46 47
14 46
14 47


738 14 46 47
14 46
14 47


739 14 46 47
14 46
14 47


740 14 46 47
14 46
14 47


741 14 46 47
14 46
14 47


742 14 46 47
14 46
14 47


743 14 46 47
14 46
14 47


744 14 46 47
14 46
14 47


745 14 46 47
14 46
14 47


746 14 46 47
14 46
14 47


747 14 46 47
14 46
14 47


748 14 46 47
14 46
14 47


749 14 46 47
14 46
14 47


750 14 46 47
14 46
14 47


751 14 46 47
14 46
14 47


752 14 46 47
14 46
14 47


753 14 46 47
14 46
14 47


754 14 46 47
14 46
14 47


755 14 46 47
14 46
14 47


756 14 46 47
14 46
14 47


757 14 46 47
14 46
14 47


758 14 46 47
14 46
14 47


759 14 46 47
14 46
14 47


760 14 46 47
14 46
14 47


761 14 46 47
14 46
14 47


762 14 46 47
14 46
14 47


763 14 46 47
14 46
14 47


764 14 46 47
14 46
14 47


765 14 46 47
14 46
14 47


766 14 46 47
14 46
14 47


767 14 46 47
14 46
14 47


768 14 46 47
14 46
14 47


769 14 46 47
14 46
14 47


770 14 46 47
14 46
14 47


771 14 46 47
14 46
14 47


772 14 46 47
14 46
14 47


1034 30 62 61
30 62
30 61


1035 30 62 61
30 62
30 61


1036 30 62 61
30 62
30 61


1037 30 62 61
30 62
30 61


1038 30 62 61
30 62
30 61


1039 30 62 61
30 62
30 61


1040 30 62 61
30 62
30 61


1041 30 62 61
30 62
30 61


1042 30 62 61
30 62
30 61


1043 30 62 61
30 62
30 61


1044 30 62 61
30 62
30 61


1045 30 62 61
30 62
30 61


1046 30 62 61
30 62
30 61


1047 30 62 61
30 62
30 61


1048 30 62 61
30 62
30 61


1049 30 62 61
30 62
30 61


1115 63 44 60
63 44
63 60


1116 63 44 60
63 44
63 60


1117 63 44 60
63 44
63 60


1118 63 44 60
63 44
63 60


1119 63 44 60
63 44
63 60


1120 63 44 60
63 44
63 60


1121 63 44 60
63 44
63 60


1122 63 44 60
63 44
63 60


1123 63 44 60
63 44
63 60


1124 63 44 60
63 44
63 60


1125 63 44 60
63 44
63 60


1126 63 44 60
63 44
63 60


1127 63 44 60
63 44
63 60


1128 63 44 60
63 44
63 60


1129 63 44 60
63 44
63 60


1130 63 44 60
63 44
63 60


1973 19 51 50
19 51
19 50


1974 19 51 50
19 51
19 50


1975 19 51 50
19 51
19 50


1976 19 51 50
19 51
19 50


1977 19 51 50
19 51
19 50


1978 19 51 50
19 51
19 50


1979 19 51 50
19 51
19 50


1980 19 51 50
19 51
19 50


1981 19 51 50
19 51
19 50


1982 19 51 50
19 51
19 50


1983 19 51 50
19 51
19 50


1984 19 51 50
19 51
19 50


1985 19 51 50
19 51
19 50


1986 19 51 50
19 51
19 50


1987 19 51 50
19 51
19 50


1988 19 51 50
19 51
19 50


1989 19 51 50
19 51
19 50


1990 19 51 50
19 51
19 50


1991 19 51 50
19 51
19 50


1992 19 51 50
19 51
19 50


1993 19 51 50
19 51
19 50


1994 19 51 50
19 51
19 50


1995 19 51 50
19 51
19 50


1996 19 51 50
19 51
19 50


1997 19 51 50
19 51
19 50


1998 19 51 50
19 51
19 50


1999 19 51 50
19 51
19 50


2000 19 51 50
19 51
19 50


2001 19 51 50
19 51
19 50


2002 19 51 50
19 51
19 50


2003 19 51 50
19 51
19 50


2004 19 51 50
19 51
19 50


2005 19 51 50
19 51
19 50


2006 19 51 50
19 51
19 50


2007 19 51 50
19 51
19 50


2008 19 51 50
19 51
19 50


2009 19 51 50
19 51
19 50


2010 19 51 50
19 51
19 50


2011 19 51 50
19 51
19 50


2012 19 51 50
19 51
19 50


2013 19 51 50
19 51
19 50


2014 19 51 50
19 51
19 50


2015 19 51 50
19 51
19 50


2016 19 51 50
19 51
19 50


2017 19 51 50
19 51
19 50


2018 19 51 50
19 51
19 50


2019 19 51 50
19 51
19 50


2020 19 51 50
19 51
19 50


2021 19 51 50
19 51
19 50


2022 19 51 50
19 51
19 50


2023 19 51 50
19 51
19 50


2024 19 51 50
19 51
19 50


2025 19 51 50
19 51
19 50


2026 19 51 50
19 51
19 50


2027 19 51 50
19 51
19 50


2028 19 51 50
19 51
19 50


2029 19 51 50
19 51
19 50


2030 19 51 50
19 51
19 50


2031 19 51 50
19 51
19 50


2032 19 51 50
19 51
19 50


2033 19 51 50
19 51
19 50


2034 19 51 50
19 51
19 50


2035 19 51 50
19 51
19 50


2036 19 51 50
19 51
19 50


2037 19 51 50
19 51
19 50


2038 19 51 50
19 51
19 50


2039 19 51 50
19 51
19 50


2040 19 51 50
19 51
19 50


2041 19 51 50
19 51
19 50


2042 19 51 50
19 51
19 50


2043 19 51 50
19 51
19 50


2044 19 51 50
19 51
19 50


2045 19 51 50
19 51
19 50


2046 19 51 50
19 51
19 50


2047 19 51 50
19 51
19 50


2048 19 51 50
19 51
19 50


2049 19 51 50
19 51
19 50


2050 19 51 50
19 51
19 50


2051 19 51 50
19 51
19 50


2052 19 51 50
19 51
19 50


2053 19 51 50
19 51
19 50


2054 19 51 50
19 51
19 50


2055 19 51 50
19 51
19 50


2056 19 51 50
19 51
19 50


2057 19 51 50
19 51
19 50


2058 19 51 50
19 51
19 50


2059 19 51 50
19 51
19 50


2060 19 51 50
19 51
19 50


2061 19 51 50
19 51
19 50


2062 19 51 50
19 51
19 50


2063 19 51 50
19 51
19 50


2064 19 51 50
19 51
19 50


2065 19 51 50
19 51
19 50


2066 19 51 50
19 51
19 50


2067 19 51 50
19 51
19 50


2068 19 51 50
19 51
19 50


2069 19 51 50
19 51
19 50


2070 19 51 50
19 51
19 50


2071 19 51 50
19 51
19 50


2072 19 51 50
19 51
19 50


2073 19 51 50
19 51
19 50


2074 19 51 50
19 51
19 50


2075 19 51 50
19 51
19 50


2076 19 51 50
19 51
19 50


2077 19 51 50
19 51
19 50


2078 19 51 50
19 51
19 50


2079 19 51 50
19 51
19 50


2080 19 51 50
19 51
19 50


2081 19 51 50
19 51
19 50


2082 19 51 50
19 51
19 50


2083 19 51 50
19 51
19 50


2084 19 51 50
19 51
19 50


2085 19 51 50
19 51
19 50


2086 19 51 50
19 51
19 50


2087 19 51 50
19 51
19 50


2088 19 51 50
19 51
19 50


2089 19 51 50
19 51
19 50


2090 19 51 50
19 51
19 50


2091 19 51 50
19 51
19 50


2092 19 51 50
19 51
19 50


2093 19 51 50
19 51
19 50


2094 19 51 50
19 51
19 50


2095 19 51 50
19 51
19 50


2096 19 51 50
19 51
19 50


2097 19 51 50
19 51
19 50


2098 19 51 50
19 51
19 50


2099 19 51 50
19 51
19 50


2100 19 51 50
19 51
19 50


3401 114 82 66
114 82
114 66


3402 114 82 66
114 82
114 66


3403 114 82 66
114 82
114 66


3404 114 82 66
114 82
114 66


3405 114 82 66
114 82
114 66


3406 114 82 66
114 82
114 66


3407 114 82 66
114 82
114 66


3408 114 82 66
114 82
114 66


3409 114 82 66
114 82
114 66


3410 114 82 66
114 82
114 66


3411 114 82 66
114 82
114 66


3412 114 82 66
114 82
114 66


3413 114 82 66
114 82
114 66


3414 114 82 66
114 82
114 66


3415 114 82 66
114 82
114 66


3416 114 82 66
114 82
114 66


3417 114 82 66
114 82
114 66


3418 114 82 66
114 82
114 66


3419 114 82 66
114 82
114 66


3420 114 82 66
114 82
114 66


3421 114 82 66
114 82
114 66


3422 114 82 66
114 82
114 66


3423 114 82 66
114 82
114 66


3424 114 82 66
114 82
114 66


3425 114 82 66
114 82
114 66


3426 114 82 66
114 82
114 66


3427 114 82 66
114 82
114 66


3428 114 82 66
114 82
114 66


3429 114 82 66
114 82
114 66


3430 114 82 66
114 82
114 66


3431 114 82 66
114 82
114 66


3432 114 82 66
114 82
114 66


3433 114 82 66
114 82
114 66


3434 114 82 66
114 82
114 66


3435 114 82 66
114 82
114 66


3436 114 82 66
114 82
114 66


3437 114 82 66
114 82
114 66


3438 114 82 66
114 82
114 66


3439 114 82 66
114 82
114 66


3440 114 82 66
114 82
114 66


3441 114 82 66
114 82
114 66


3442 114 82 66
114 82
114 66


3443 114 82 66
114 82
114 66


3444 114 82 66
114 82
114 66


3445 114 82 66
114 82
114 66


3446 114 82 66
114 82
114 66


3447 114 82 66
114 82
114 66


3448 114 82 66
114 82
114 66


3449 114 82 66
114 82
114 66


3450 114 82 66
114 82
114 66


3451 114 82 66
114 82
114 66


3452 114 82 66
114 82
114 66


3453 114 82 66
114 82
114 66


3454 114 82 66
114 82
114 66


3455 114 82 66
114 82
114 66


3456 114 82 66
114 82
114 66


3457 114 82 66
114 82
114 66


3458 114 82 66
114 82
114 66


3459 114 82 66
114 82
114 66


3460 114 82 66
114 82
114 66


3461 114 82 66
114 82
114 66


3462 114 82 66
114 82
114 66


3463 114 82 66
114 82
114 66


3464 114 82 66
114 82
114 66


3465 114 82 66
114 82
114 66


3466 114 82 66
114 82
114 66


3467 114 82 66
114 82
114 66


3468 114 82 66
114 82
114 66


3469 114 82 66
114 82
114 66


3470 114 82 66
114 82
114 66


3471 114 82 66
114 82
114 66


3472 114 82 66
114 82
114 66


3473 114 82 66
114 82
114 66


3474 114 82 66
114 82
114 66


3475 114 82 66
114 82
114 66


3476 114 82 66
114 82
114 66


3477 114 82 66
114 82
114 66


3478 114 82 66
114 82
114 66


3479 114 82 66
114 82
114 66


3480 114 82 66
114 82
114 66


3481 114 82 66
114 82
114 66


3482 114 82 66
114 82
114 66


3483 114 82 66
114 82
114 66


3484 114 82 66
114 82
114 66


3485 114 82 66
114 82
114 66


3486 114 82 66
114 82
114 66


3487 114 82 66
114 82
114 66


3488 114 82 66
114 82
114 66


3489 114 82 66
114 82
114 66


3490 114 82 66
114 82
114 66


3491 114 82 66
114 82
114 66


3492 114 82 66
114 82
114 66


3493 114 82 66
114 82
114 66


3494 114 82 66
114 82
114 66


3495 114 82 66
114 82
114 66


3496 114 82 66
114 82
114 66


3497 114 82 66
114 82
114 66


3498 114 82 66
114 82
114 66


3499 114 82 66
114 82
114 66


3500 114 82 66
114 82
114 66


3501 114 82 66
114 82
114 66


3502 114 82 66
114 82
114 66


3503 114 82 66
114 82
114 66


3504 114 82 66
114 82
114 66


3505 114 82 66
114 82
114 66


3506 114 82 66
114 82
114 66


3507 114 82 66
114 82
114 66


3508 114 82 66
114 82
114 66


3509 114 82 66
114 82
114 66


3510 114 82 66
114 82
114 66


3511 114 82 66
114 82
114 66


3512 114 82 66
114 82
114 66


3513 114 82 66
114 82
114 66


3514 114 82 66
114 82
114 66


3515 114 82 66
114 82
114 66


3516 114 82 66
114 82
114 66


3517 114 82 66
114 82
114 66


3518 114 82 66
114 82
114 66


3519 114 82 66
114 82
114 66


3520 114 82 66
114 82
114 66


3521 114 82 66
114 82
114 66


3522 114 82 66
114 82
114 66


3523 114 82 66
114 82
114 66


3524 114 82 66
114 82
114 66


3525 114 82 66
114 82
114 66


3526 114 82 66
114 82
114 66


3527 114 82 66
114 82
114 66


3528 114 82 66
114 82
114 66


4829 70 38 54
70 38
70 54


4830 70 38 54
70 38
70 54


4831 70 38 54
70 38
70 54


4832 70 38 54
70 38
70 54


4833 70 38 54
70 38
70 54


4834 70 38 54
70 38
70 54


4835 70 38 54
70 38
70 54


4836 70 38 54
70 38
70 54


4837 70 38 54
70 38
70 54


4838 70 38 54
70 38
70 54


4839 70 38 54
70 38
70 54


4840 70 38 54
70 38
70 54


4841 70 38 54
70 38
70 54


4842 70 38 54
70 38
70 54


4843 70 38 54
70 38
70 54


4844 70 38 54
70 38
70 54


4845 70 38 54
70 38
70 54


4846 70 38 54
70 38
70 54


4847 70 38 54
70 38
70 54


4848 70 38 54
70 38
70 54


4849 70 38 54
70 38
70 54


4850 70 38 54
70 38
70 54


4851 70 38 54
70 38
70 54


4852 70 38 54
70 38
70 54


4853 70 38 54
70 38
70 54


4854 70 38 54
70 38
70 54


4855 70 38 54
70 38
70 54


4856 70 38 54
70 38
70 54


4857 70 38 54
70 38
70 54


4858 70 38 54
70 38
70 54


4859 70 38 54
70 38
70 54


4860 70 38 54
70 38
70 54


4861 70 38 54
70 38
70 54


4862 70 38 54
70 38
70 54


4863 70 38 54
70 38
70 54


4864 70 38 54
70 38
70 54


4865 70 38 54
70 38
70 54


4866 70 38 54
70 38
70 54


4867 70 38 54
70 38
70 54


4868 70 38 54
70 38
70 54


4869 70 38 54
70 38
70 54


4870 70 38 54
70 38
70 54


4871 70 38 54
70 38
70 54


4872 70 38 54
70 38
70 54


4873 70 38 54
70 38
70 54


4874 70 38 54
70 38
70 54


4875 70 38 54
70 38
70 54


4876 70 38 54
70 38
70 54


4877 70 38 54
70 38
70 54


4878 70 38 54
70 38
70 54


4879 70 38 54
70 38
70 54


4880 70 38 54
70 38
70 54


4881 70 38 54
70 38
70 54


4882 70 38 54
70 38
70 54


4883 70 38 54
70 38
70 54


4884 70 38 54
70 38
70 54


4885 70 38 54
70 38
70 54


4886 70 38 54
70 38
70 54


4887 70 38 54
70 38
70 54


4888 70 38 54
70 38
70 54


4889 70 38 54
70 38
70 54


4890 70 38 54
70 38
70 54


4891 70 38 54
70 38
70 54


4892 70 38 54
70 38
70 54


4893 70 38 54
70 38
70 54


4894 70 38 54
70 38
70 54


4895 70 38 54
70 38
70 54


4896 70 38 54
70 38
70 54


4897 70 38 54
70 38
70 54


4898 70 38 54
70 38
70 54


4899 70 38 54
70 38
70 54


4900 70 38 54
70 38
70 54


4901 70 38 54
70 38
70 54


4902 70 38 54
70 38
70 54


4903 70 38 54
70 38
70 54


4904 70 38 54
70 38
70 54


4905 70 38 54
70 38
70 54


4906 70 38 54
70 38
70 54


4907 70 38 54
70 38
70 54


4908 70 38 54
70 38
70 54


4909 70 38 54
70 38
70 54


4910 70 38 54
70 38
70 54


4911 70 38 54
70 38
70 54


4912 70 38 54
70 38
70 54


4913 70 38 54
70 38
70 54


4914 70 38 54
70 38
70 54


4915 70 38 54
70 38
70 54


4916 70 38 54
70 38
70 54


4917 70 38 54
70 38
70 54


4918 70 38 54
70 38
70 54


4919 70 38 54
70 38
70 54


4920 70 38 54
70 38
70 54


4921 70 38 54
70 38
70 54


4922 70 38 54
70 38
70 54


4923 70 38 54
70 38
70 54


4924 70 38 54
70 38
70 54


4925 70 38 54
70 38
70 54


4926 70 38 54
70 38
70 54


4927 70 38 54
70 38
70 54


4928 70 38 54
70 38
70 54


4929 70 38 54
70 38
70 54


4930 70 38 54
70 38
70 54


4931 70 38 54
70 38
70 54


4932 70 38 54
70 38
70 54


4933 70 38 54
70 38
70 54


4934 70 38 54
70 38
70 54


4935 70 38 54
70 38
70 54


4936 70 38 54
70 38
70 54


4937 70 38 54
70 38
70 54


4938 70 38 54
70 38
70 54


4939 70 38 54
70 38
70 54


4940 70 38 54
70 38
70 54


4941 70 38 54
70 38
70 54


4942 70 38 54
70 38
70 54


4943 70 38 54
70 38
70 54


4944 70 38 54
70 38
70 54


4945 70 38 54
70 38
70 54


4946 70 38 54
70 38
70 54


4947 70 38 54
70 38
70 54


4948 70 38 54
70 38
70 54


4949 70 38 54
70 38
70 54


4950 70 38 54
70 38
70 54


4951 70 38 54
70 38
70 54


4952 70 38 54
70 38
70 54


4953 70 38 54
70 38
70 54


4954 70 38 54
70 38
70 54


4955 70 38 54
70 38
70 54


4956 70 38 54
70 38
70 54


6257 25 58 59
25 58
25 59


6258 25 58 59
25 58
25 59


6259 25 58 59
25 58
25 59


6260 25 58 59
25 58
25 59


6261 25 58 59
25 58
25 59


6262 25 58 59
25 58
25 59


6263 25 58 59
25 58
25 59


6264 25 58 59
25 58
25 59


6265 25 58 59
25 58
25 59


6266 25 58 59
25 58
25 59


6267 25 58 59
25 58
25 59


6268 25 58 59
25 58
25 59


6269 25 58 59
25 58
25 59


6270 25 58 59
25 58
25 59


6271 25 58 59
25 58
25 59


6272 25 58 59
25 58
25 59


6273 25 58 59
25 58
25 59


6274 25 58 59
25 58
25 59


6275 25 58 59
25 58
25 59


6276 25 58 59
25 58
25 59


6277 25 58 59
25 58
25 59


6278 25 58 59
25 58
25 59


6279 25 58 59
25 58
25 59


6280 25 58 59
25 58
25 59


6281 25 58 59
25 58
25 59


6282 25 58 59
25 58
25 59


6283 25 58 59
25 58
25 59


6284 25 58 59
25 58
25 59


6285 25 58 59
25 58
25 59


6286 25 58 59
25 58
25 59


6287 25 58 59
25 58
25 59


6288 25 58 59
25 58
25 59


6289 25 58 59
25 58
25 59


6290 25 58 59
25 58
25 59


6291 25 58 59
25 58
25 59


6292 25 58 59
25 58
25 59


6293 25 58 59
25 58
25 59


6294 25 58 59
25 58
25 59


6295 25 58 59
25 58
25 59


6296 25 58 59
25 58
25 59


6297 25 58 59
25 58
25 59


6298 25 58 59
25 58
25 59


6299 25 58 59
25 58
25 59


6300 25 58 59
25 58
25 59


6301 25 58 59
25 58
25 59


6302 25 58 59
25 58
25 59


6303 25 58 59
25 58
25 59


6304 25 58 59
25 58
25 59


6305 25 58 59
25 58
25 59


6306 25 58 59
25 58
25 59


6307 25 58 59
25 58
25 59


6308 25 58 59
25 58
25 59


6309 25 58 59
25 58
25 59


6310 25 58 59
25 58
25 59


6311 25 58 59
25 58
25 59


6312 25 58 59
25 58
25 59


6313 25 58 59
25 58
25 59


6314 25 58 59
25 58
25 59


6315 25 58 59
25 58
25 59


6316 25 58 59
25 58
25 59


6317 25 58 59
25 58
25 59


6318 25 58 59
25 58
25 59


6319 25 58 59
25 58
25 59


6320 25 58 59
25 58
25 59


6321 25 58 59
25 58
25 59


6322 25 58 59
25 58
25 59


6323 25 58 59
25 58
25 59


6324 25 58 59
25 58
25 59


6325 25 58 59
25 58
25 59


6326 25 58 59
25 58
25 59


6327 25 58 59
25 58
25 59


6328 25 58 59
25 58
25 59


6329 25 58 59
25 58
25 59


6330 25 58 59
25 58
25 59


6331 25 58 59
25 58
25 59


6332 25 58 59
25 58
25 59


6333 25 58 59
25 58
25 59


6334 25 58 59
25 58
25 59


6335 25 58 59
25 58
25 59


6336 25 58 59
25 58
25 59


6337 25 58 59
25 58
25 59


6338 25 58 59
25 58
25 59


6339 25 58 59
25 58
25 59


6340 25 58 59
25 58
25 59


6341 25 58 59
25 58
25 59


6342 25 58 59
25 58
25 59


6343 25 58 59
25 58
25 59


6344 25 58 59
25 58
25 59


6345 25 58 59
25 58
25 59


6346 25 58 59
25 58
25 59


6347 25 58 59
25 58
25 59


6348 25 58 59
25 58
25 59


6349 25 58 59
25 58
25 59


6350 25 58 59
25 58
25 59


6351 25 58 59
25 58
25 59


6352 25 58 59
25 58
25 59


6353 25 58 59
25 58
25 59


6354 25 58 59
25 58
25 59


6355 25 58 59
25 58
25 59


6356 25 58 59
25 58
25 59


6357 25 58 59
25 58
25 59


6358 25 58 59
25 58
25 59


6359 25 58 59
25 58
25 59


6360 25 58 59
25 58
25 59


6361 25 58 59
25 58
25 59


6362 25 58 59
25 58
25 59


6363 25 58 59
25 58
25 59


6364 25 58 59
25 58
25 59


6365 25 58 59
25 58
25 59


6366 25 58 59
25 58
25 59


6367 25 58 59
25 58
25 59


6368 25 58 59
25 58
25 59


6369 25 58 59
25 58
25 59


6370 25 58 59
25 58
25 59


6371 25 58 59
25 58
25 59


6372 25 58 59
25 58
25 59


6373 25 58 59
25 58
25 59


6374 25 58 59
25 58
25 59


6375 25 58 59
25 58
25 59


6376 25 58 59
25 58
25 59


6377 25 58 59
25 58
25 59


6378 25 58 59
25 58
25 59


6379 25 58 59
25 58
25 59


6380 25 58 59
25 58
25 59


6381 25 58 59
25 58
25 59


6382 25 58 59
25 58
25 59


6383 25 58 59
25 58
25 59


6384 25 58 59
25 58
25 59


