0 2 5 3
2 5
2 3


1 2 5 3
2 5
2 3


2 2 5 3
2 5
2 3


3 2 5 3
2 5
2 3


4 2 5 3
2 5
2 3


5 2 5 3
2 5
2 3


6 2 5 3
2 5
2 3


7 2 5 3
2 5
2 3


8 2 5 3
2 5
2 3


9 2 5 3
2 5
2 3


10 2 5 3
2 5
2 3


11 2 5 3
2 5
2 3


12 2 5 3
2 5
2 3


13 2 5 3
2 5
2 3


14 2 5 3
2 5
2 3


15 2 5 3
2 5
2 3


81 0 10 15
0 10
0 15


82 0 10 15
0 10
0 15


83 0 10 15
0 10
0 15


84 0 10 15
0 10
0 15


85 0 10 15
0 10
0 15


86 0 10 15
0 10
0 15


87 0 10 15
0 10
0 15


88 0 10 15
0 10
0 15


89 0 10 15
0 10
0 15


90 0 10 15
0 10
0 15


91 0 10 15
0 10
0 15


92 0 10 15
0 10
0 15


93 0 10 15
0 10
0 15


94 0 10 15
0 10
0 15


95 0 10 15
0 10
0 15


96 0 10 15
0 10
0 15


162 6 12 0
6 12
6 0


163 6 12 0
6 12
6 0


164 6 12 0
6 12
6 0


165 6 12 0
6 12
6 0


166 6 12 0
6 12
6 0


167 6 12 0
6 12
6 0


168 6 12 0
6 12
6 0


169 6 12 0
6 12
6 0


170 6 12 0
6 12
6 0


171 6 12 0
6 12
6 0


172 6 12 0
6 12
6 0


173 6 12 0
6 12
6 0


174 6 12 0
6 12
6 0


175 6 12 0
6 12
6 0


176 6 12 0
6 12
6 0


177 6 12 0
6 12
6 0


