0 3 0 1
3 0
3 1


1 3 0 1
3 0
3 1


2 3 0 1
3 0
3 1


3 3 0 1
3 0
3 1


4 3 0 1
3 0
3 1


5 3 0 1
3 0
3 1


6 3 0 1
3 0
3 1


7 3 0 1
3 0
3 1


8 3 0 1
3 0
3 1


9 3 0 1
3 0
3 1


10 3 0 1
3 0
3 1


11 3 0 1
3 0
3 1


12 3 0 1
3 0
3 1


13 3 0 1
3 0
3 1


14 3 0 1
3 0
3 1


15 3 0 1
3 0
3 1


81 7 14 20
7 14
7 20


82 7 14 20
7 14
7 20


83 7 14 20
7 14
7 20


84 7 14 20
7 14
7 20


85 7 14 20
7 14
7 20


86 7 14 20
7 14
7 20


87 7 14 20
7 14
7 20


88 7 14 20
7 14
7 20


89 7 14 20
7 14
7 20


90 7 14 20
7 14
7 20


91 7 14 20
7 14
7 20


92 7 14 20
7 14
7 20


93 7 14 20
7 14
7 20


94 7 14 20
7 14
7 20


95 7 14 20
7 14
7 20


96 7 14 20
7 14
7 20


162 13 9 8
13 9
13 8


163 13 9 8
13 9
13 8


164 13 9 8
13 9
13 8


165 13 9 8
13 9
13 8


166 13 9 8
13 9
13 8


167 13 9 8
13 9
13 8


168 13 9 8
13 9
13 8


169 13 9 8
13 9
13 8


170 13 9 8
13 9
13 8


171 13 9 8
13 9
13 8


172 13 9 8
13 9
13 8


173 13 9 8
13 9
13 8


174 13 9 8
13 9
13 8


175 13 9 8
13 9
13 8


176 13 9 8
13 9
13 8


177 13 9 8
13 9
13 8


243 4 26 31
4 26
4 31


244 4 26 31
4 26
4 31


245 4 26 31
4 26
4 31


246 4 26 31
4 26
4 31


247 4 26 31
4 26
4 31


248 4 26 31
4 26
4 31


249 4 26 31
4 26
4 31


250 4 26 31
4 26
4 31


251 4 26 31
4 26
4 31


252 4 26 31
4 26
4 31


253 4 26 31
4 26
4 31


254 4 26 31
4 26
4 31


255 4 26 31
4 26
4 31


256 4 26 31
4 26
4 31


257 4 26 31
4 26
4 31


258 4 26 31
4 26
4 31


324 27 25 24
27 25
27 24


325 27 25 24
27 25
27 24


326 27 25 24
27 25
27 24


327 27 25 24
27 25
27 24


328 27 25 24
27 25
27 24


329 27 25 24
27 25
27 24


330 27 25 24
27 25
27 24


331 27 25 24
27 25
27 24


332 27 25 24
27 25
27 24


333 27 25 24
27 25
27 24


334 27 25 24
27 25
27 24


335 27 25 24
27 25
27 24


336 27 25 24
27 25
27 24


337 27 25 24
27 25
27 24


338 27 25 24
27 25
27 24


339 27 25 24
27 25
27 24


340 27 25 24
27 25
27 24


341 27 25 24
27 25
27 24


342 27 25 24
27 25
27 24


343 27 25 24
27 25
27 24


344 27 25 24
27 25
27 24


345 27 25 24
27 25
27 24


346 27 25 24
27 25
27 24


347 27 25 24
27 25
27 24


348 27 25 24
27 25
27 24


349 27 25 24
27 25
27 24


350 27 25 24
27 25
27 24


351 27 25 24
27 25
27 24


352 27 25 24
27 25
27 24


353 27 25 24
27 25
27 24


354 27 25 24
27 25
27 24


355 27 25 24
27 25
27 24


356 27 25 24
27 25
27 24


357 27 25 24
27 25
27 24


358 27 25 24
27 25
27 24


359 27 25 24
27 25
27 24


360 27 25 24
27 25
27 24


361 27 25 24
27 25
27 24


362 27 25 24
27 25
27 24


363 27 25 24
27 25
27 24


364 27 25 24
27 25
27 24


365 27 25 24
27 25
27 24


366 27 25 24
27 25
27 24


367 27 25 24
27 25
27 24


368 27 25 24
27 25
27 24


369 27 25 24
27 25
27 24


370 27 25 24
27 25
27 24


371 27 25 24
27 25
27 24


372 27 25 24
27 25
27 24


373 27 25 24
27 25
27 24


374 27 25 24
27 25
27 24


375 27 25 24
27 25
27 24


376 27 25 24
27 25
27 24


377 27 25 24
27 25
27 24


378 27 25 24
27 25
27 24


379 27 25 24
27 25
27 24


380 27 25 24
27 25
27 24


381 27 25 24
27 25
27 24


382 27 25 24
27 25
27 24


383 27 25 24
27 25
27 24


384 27 25 24
27 25
27 24


385 27 25 24
27 25
27 24


386 27 25 24
27 25
27 24


387 27 25 24
27 25
27 24


645 30 1 7
30 1
30 7


646 30 1 7
30 1
30 7


647 30 1 7
30 1
30 7


648 30 1 7
30 1
30 7


649 30 1 7
30 1
30 7


650 30 1 7
30 1
30 7


651 30 1 7
30 1
30 7


652 30 1 7
30 1
30 7


653 30 1 7
30 1
30 7


654 30 1 7
30 1
30 7


655 30 1 7
30 1
30 7


656 30 1 7
30 1
30 7


657 30 1 7
30 1
30 7


658 30 1 7
30 1
30 7


659 30 1 7
30 1
30 7


660 30 1 7
30 1
30 7


661 30 1 7
30 1
30 7


662 30 1 7
30 1
30 7


663 30 1 7
30 1
30 7


664 30 1 7
30 1
30 7


665 30 1 7
30 1
30 7


666 30 1 7
30 1
30 7


667 30 1 7
30 1
30 7


668 30 1 7
30 1
30 7


669 30 1 7
30 1
30 7


670 30 1 7
30 1
30 7


671 30 1 7
30 1
30 7


672 30 1 7
30 1
30 7


673 30 1 7
30 1
30 7


674 30 1 7
30 1
30 7


675 30 1 7
30 1
30 7


676 30 1 7
30 1
30 7


677 30 1 7
30 1
30 7


678 30 1 7
30 1
30 7


679 30 1 7
30 1
30 7


680 30 1 7
30 1
30 7


681 30 1 7
30 1
30 7


682 30 1 7
30 1
30 7


683 30 1 7
30 1
30 7


684 30 1 7
30 1
30 7


685 30 1 7
30 1
30 7


686 30 1 7
30 1
30 7


687 30 1 7
30 1
30 7


688 30 1 7
30 1
30 7


689 30 1 7
30 1
30 7


690 30 1 7
30 1
30 7


691 30 1 7
30 1
30 7


692 30 1 7
30 1
30 7


693 30 1 7
30 1
30 7


694 30 1 7
30 1
30 7


695 30 1 7
30 1
30 7


696 30 1 7
30 1
30 7


697 30 1 7
30 1
30 7


698 30 1 7
30 1
30 7


699 30 1 7
30 1
30 7


700 30 1 7
30 1
30 7


701 30 1 7
30 1
30 7


702 30 1 7
30 1
30 7


703 30 1 7
30 1
30 7


704 30 1 7
30 1
30 7


705 30 1 7
30 1
30 7


706 30 1 7
30 1
30 7


707 30 1 7
30 1
30 7


708 30 1 7
30 1
30 7


709 30 1 7
30 1
30 7


710 30 1 7
30 1
30 7


711 30 1 7
30 1
30 7


712 30 1 7
30 1
30 7


713 30 1 7
30 1
30 7


714 30 1 7
30 1
30 7


715 30 1 7
30 1
30 7


716 30 1 7
30 1
30 7


717 30 1 7
30 1
30 7


718 30 1 7
30 1
30 7


719 30 1 7
30 1
30 7


720 30 1 7
30 1
30 7


721 30 1 7
30 1
30 7


722 30 1 7
30 1
30 7


723 30 1 7
30 1
30 7


724 30 1 7
30 1
30 7


725 30 1 7
30 1
30 7


726 30 1 7
30 1
30 7


727 30 1 7
30 1
30 7


728 30 1 7
30 1
30 7


729 30 1 7
30 1
30 7


730 30 1 7
30 1
30 7


731 30 1 7
30 1
30 7


732 30 1 7
30 1
30 7


733 30 1 7
30 1
30 7


734 30 1 7
30 1
30 7


735 30 1 7
30 1
30 7


736 30 1 7
30 1
30 7


737 30 1 7
30 1
30 7


738 30 1 7
30 1
30 7


739 30 1 7
30 1
30 7


740 30 1 7
30 1
30 7


741 30 1 7
30 1
30 7


742 30 1 7
30 1
30 7


743 30 1 7
30 1
30 7


744 30 1 7
30 1
30 7


745 30 1 7
30 1
30 7


746 30 1 7
30 1
30 7


747 30 1 7
30 1
30 7


748 30 1 7
30 1
30 7


749 30 1 7
30 1
30 7


750 30 1 7
30 1
30 7


751 30 1 7
30 1
30 7


752 30 1 7
30 1
30 7


753 30 1 7
30 1
30 7


754 30 1 7
30 1
30 7


755 30 1 7
30 1
30 7


756 30 1 7
30 1
30 7


757 30 1 7
30 1
30 7


758 30 1 7
30 1
30 7


759 30 1 7
30 1
30 7


760 30 1 7
30 1
30 7


761 30 1 7
30 1
30 7


762 30 1 7
30 1
30 7


763 30 1 7
30 1
30 7


764 30 1 7
30 1
30 7


765 30 1 7
30 1
30 7


766 30 1 7
30 1
30 7


767 30 1 7
30 1
30 7


768 30 1 7
30 1
30 7


769 30 1 7
30 1
30 7


770 30 1 7
30 1
30 7


771 30 1 7
30 1
30 7


772 30 1 7
30 1
30 7


1034 0 19 13
0 19
0 13


1035 0 19 13
0 19
0 13


1036 0 19 13
0 19
0 13


1037 0 19 13
0 19
0 13


1038 0 19 13
0 19
0 13


1039 0 19 13
0 19
0 13


1040 0 19 13
0 19
0 13


1041 0 19 13
0 19
0 13


1042 0 19 13
0 19
0 13


1043 0 19 13
0 19
0 13


1044 0 19 13
0 19
0 13


1045 0 19 13
0 19
0 13


1046 0 19 13
0 19
0 13


1047 0 19 13
0 19
0 13


1048 0 19 13
0 19
0 13


1049 0 19 13
0 19
0 13


1115 6 20 21
6 20
6 21


1116 6 20 21
6 20
6 21


1117 6 20 21
6 20
6 21


1118 6 20 21
6 20
6 21


1119 6 20 21
6 20
6 21


1120 6 20 21
6 20
6 21


1121 6 20 21
6 20
6 21


1122 6 20 21
6 20
6 21


1123 6 20 21
6 20
6 21


1124 6 20 21
6 20
6 21


1125 6 20 21
6 20
6 21


1126 6 20 21
6 20
6 21


1127 6 20 21
6 20
6 21


1128 6 20 21
6 20
6 21


1129 6 20 21
6 20
6 21


1130 6 20 21
6 20
6 21


1973 14 9 8
14 9
14 8


1974 14 9 8
14 9
14 8


1975 14 9 8
14 9
14 8


1976 14 9 8
14 9
14 8


1977 14 9 8
14 9
14 8


1978 14 9 8
14 9
14 8


1979 14 9 8
14 9
14 8


1980 14 9 8
14 9
14 8


1981 14 9 8
14 9
14 8


1982 14 9 8
14 9
14 8


1983 14 9 8
14 9
14 8


1984 14 9 8
14 9
14 8


1985 14 9 8
14 9
14 8


1986 14 9 8
14 9
14 8


1987 14 9 8
14 9
14 8


1988 14 9 8
14 9
14 8


1989 14 9 8
14 9
14 8


1990 14 9 8
14 9
14 8


1991 14 9 8
14 9
14 8


1992 14 9 8
14 9
14 8


1993 14 9 8
14 9
14 8


1994 14 9 8
14 9
14 8


1995 14 9 8
14 9
14 8


1996 14 9 8
14 9
14 8


1997 14 9 8
14 9
14 8


1998 14 9 8
14 9
14 8


1999 14 9 8
14 9
14 8


2000 14 9 8
14 9
14 8


2001 14 9 8
14 9
14 8


2002 14 9 8
14 9
14 8


2003 14 9 8
14 9
14 8


2004 14 9 8
14 9
14 8


2005 14 9 8
14 9
14 8


2006 14 9 8
14 9
14 8


2007 14 9 8
14 9
14 8


2008 14 9 8
14 9
14 8


2009 14 9 8
14 9
14 8


2010 14 9 8
14 9
14 8


2011 14 9 8
14 9
14 8


2012 14 9 8
14 9
14 8


2013 14 9 8
14 9
14 8


2014 14 9 8
14 9
14 8


2015 14 9 8
14 9
14 8


2016 14 9 8
14 9
14 8


2017 14 9 8
14 9
14 8


2018 14 9 8
14 9
14 8


2019 14 9 8
14 9
14 8


2020 14 9 8
14 9
14 8


2021 14 9 8
14 9
14 8


2022 14 9 8
14 9
14 8


2023 14 9 8
14 9
14 8


2024 14 9 8
14 9
14 8


2025 14 9 8
14 9
14 8


2026 14 9 8
14 9
14 8


2027 14 9 8
14 9
14 8


2028 14 9 8
14 9
14 8


2029 14 9 8
14 9
14 8


2030 14 9 8
14 9
14 8


2031 14 9 8
14 9
14 8


2032 14 9 8
14 9
14 8


2033 14 9 8
14 9
14 8


2034 14 9 8
14 9
14 8


2035 14 9 8
14 9
14 8


2036 14 9 8
14 9
14 8


2037 14 9 8
14 9
14 8


2038 14 9 8
14 9
14 8


2039 14 9 8
14 9
14 8


2040 14 9 8
14 9
14 8


2041 14 9 8
14 9
14 8


2042 14 9 8
14 9
14 8


2043 14 9 8
14 9
14 8


2044 14 9 8
14 9
14 8


2045 14 9 8
14 9
14 8


2046 14 9 8
14 9
14 8


2047 14 9 8
14 9
14 8


2048 14 9 8
14 9
14 8


2049 14 9 8
14 9
14 8


2050 14 9 8
14 9
14 8


2051 14 9 8
14 9
14 8


2052 14 9 8
14 9
14 8


2053 14 9 8
14 9
14 8


2054 14 9 8
14 9
14 8


2055 14 9 8
14 9
14 8


2056 14 9 8
14 9
14 8


2057 14 9 8
14 9
14 8


2058 14 9 8
14 9
14 8


2059 14 9 8
14 9
14 8


2060 14 9 8
14 9
14 8


2061 14 9 8
14 9
14 8


2062 14 9 8
14 9
14 8


2063 14 9 8
14 9
14 8


2064 14 9 8
14 9
14 8


2065 14 9 8
14 9
14 8


2066 14 9 8
14 9
14 8


2067 14 9 8
14 9
14 8


2068 14 9 8
14 9
14 8


2069 14 9 8
14 9
14 8


2070 14 9 8
14 9
14 8


2071 14 9 8
14 9
14 8


2072 14 9 8
14 9
14 8


2073 14 9 8
14 9
14 8


2074 14 9 8
14 9
14 8


2075 14 9 8
14 9
14 8


2076 14 9 8
14 9
14 8


2077 14 9 8
14 9
14 8


2078 14 9 8
14 9
14 8


2079 14 9 8
14 9
14 8


2080 14 9 8
14 9
14 8


2081 14 9 8
14 9
14 8


2082 14 9 8
14 9
14 8


2083 14 9 8
14 9
14 8


2084 14 9 8
14 9
14 8


2085 14 9 8
14 9
14 8


2086 14 9 8
14 9
14 8


2087 14 9 8
14 9
14 8


2088 14 9 8
14 9
14 8


2089 14 9 8
14 9
14 8


2090 14 9 8
14 9
14 8


2091 14 9 8
14 9
14 8


2092 14 9 8
14 9
14 8


2093 14 9 8
14 9
14 8


2094 14 9 8
14 9
14 8


2095 14 9 8
14 9
14 8


2096 14 9 8
14 9
14 8


2097 14 9 8
14 9
14 8


2098 14 9 8
14 9
14 8


2099 14 9 8
14 9
14 8


2100 14 9 8
14 9
14 8


3401 31 0 1
31 0
31 1


3402 31 0 1
31 0
31 1


3403 31 0 1
31 0
31 1


3404 31 0 1
31 0
31 1


3405 31 0 1
31 0
31 1


3406 31 0 1
31 0
31 1


3407 31 0 1
31 0
31 1


3408 31 0 1
31 0
31 1


3409 31 0 1
31 0
31 1


3410 31 0 1
31 0
31 1


3411 31 0 1
31 0
31 1


3412 31 0 1
31 0
31 1


3413 31 0 1
31 0
31 1


3414 31 0 1
31 0
31 1


3415 31 0 1
31 0
31 1


3416 31 0 1
31 0
31 1


3417 31 0 1
31 0
31 1


3418 31 0 1
31 0
31 1


3419 31 0 1
31 0
31 1


3420 31 0 1
31 0
31 1


3421 31 0 1
31 0
31 1


3422 31 0 1
31 0
31 1


3423 31 0 1
31 0
31 1


3424 31 0 1
31 0
31 1


3425 31 0 1
31 0
31 1


3426 31 0 1
31 0
31 1


3427 31 0 1
31 0
31 1


3428 31 0 1
31 0
31 1


3429 31 0 1
31 0
31 1


3430 31 0 1
31 0
31 1


3431 31 0 1
31 0
31 1


3432 31 0 1
31 0
31 1


3433 31 0 1
31 0
31 1


3434 31 0 1
31 0
31 1


3435 31 0 1
31 0
31 1


3436 31 0 1
31 0
31 1


3437 31 0 1
31 0
31 1


3438 31 0 1
31 0
31 1


3439 31 0 1
31 0
31 1


3440 31 0 1
31 0
31 1


3441 31 0 1
31 0
31 1


3442 31 0 1
31 0
31 1


3443 31 0 1
31 0
31 1


3444 31 0 1
31 0
31 1


3445 31 0 1
31 0
31 1


3446 31 0 1
31 0
31 1


3447 31 0 1
31 0
31 1


3448 31 0 1
31 0
31 1


3449 31 0 1
31 0
31 1


3450 31 0 1
31 0
31 1


3451 31 0 1
31 0
31 1


3452 31 0 1
31 0
31 1


3453 31 0 1
31 0
31 1


3454 31 0 1
31 0
31 1


3455 31 0 1
31 0
31 1


3456 31 0 1
31 0
31 1


3457 31 0 1
31 0
31 1


3458 31 0 1
31 0
31 1


3459 31 0 1
31 0
31 1


3460 31 0 1
31 0
31 1


3461 31 0 1
31 0
31 1


3462 31 0 1
31 0
31 1


3463 31 0 1
31 0
31 1


3464 31 0 1
31 0
31 1


3465 31 0 1
31 0
31 1


3466 31 0 1
31 0
31 1


3467 31 0 1
31 0
31 1


3468 31 0 1
31 0
31 1


3469 31 0 1
31 0
31 1


3470 31 0 1
31 0
31 1


3471 31 0 1
31 0
31 1


3472 31 0 1
31 0
31 1


3473 31 0 1
31 0
31 1


3474 31 0 1
31 0
31 1


3475 31 0 1
31 0
31 1


3476 31 0 1
31 0
31 1


3477 31 0 1
31 0
31 1


3478 31 0 1
31 0
31 1


3479 31 0 1
31 0
31 1


3480 31 0 1
31 0
31 1


3481 31 0 1
31 0
31 1


3482 31 0 1
31 0
31 1


3483 31 0 1
31 0
31 1


3484 31 0 1
31 0
31 1


3485 31 0 1
31 0
31 1


3486 31 0 1
31 0
31 1


3487 31 0 1
31 0
31 1


3488 31 0 1
31 0
31 1


3489 31 0 1
31 0
31 1


3490 31 0 1
31 0
31 1


3491 31 0 1
31 0
31 1


3492 31 0 1
31 0
31 1


3493 31 0 1
31 0
31 1


3494 31 0 1
31 0
31 1


3495 31 0 1
31 0
31 1


3496 31 0 1
31 0
31 1


3497 31 0 1
31 0
31 1


3498 31 0 1
31 0
31 1


3499 31 0 1
31 0
31 1


3500 31 0 1
31 0
31 1


3501 31 0 1
31 0
31 1


3502 31 0 1
31 0
31 1


3503 31 0 1
31 0
31 1


3504 31 0 1
31 0
31 1


3505 31 0 1
31 0
31 1


3506 31 0 1
31 0
31 1


3507 31 0 1
31 0
31 1


3508 31 0 1
31 0
31 1


3509 31 0 1
31 0
31 1


3510 31 0 1
31 0
31 1


3511 31 0 1
31 0
31 1


3512 31 0 1
31 0
31 1


3513 31 0 1
31 0
31 1


3514 31 0 1
31 0
31 1


3515 31 0 1
31 0
31 1


3516 31 0 1
31 0
31 1


3517 31 0 1
31 0
31 1


3518 31 0 1
31 0
31 1


3519 31 0 1
31 0
31 1


3520 31 0 1
31 0
31 1


3521 31 0 1
31 0
31 1


3522 31 0 1
31 0
31 1


3523 31 0 1
31 0
31 1


3524 31 0 1
31 0
31 1


3525 31 0 1
31 0
31 1


3526 31 0 1
31 0
31 1


3527 31 0 1
31 0
31 1


3528 31 0 1
31 0
31 1


4829 22 35 29
22 35
22 29


4830 22 35 29
22 35
22 29


4831 22 35 29
22 35
22 29


4832 22 35 29
22 35
22 29


4833 22 35 29
22 35
22 29


4834 22 35 29
22 35
22 29


4835 22 35 29
22 35
22 29


4836 22 35 29
22 35
22 29


4837 22 35 29
22 35
22 29


4838 22 35 29
22 35
22 29


4839 22 35 29
22 35
22 29


4840 22 35 29
22 35
22 29


4841 22 35 29
22 35
22 29


4842 22 35 29
22 35
22 29


4843 22 35 29
22 35
22 29


4844 22 35 29
22 35
22 29


4845 22 35 29
22 35
22 29


4846 22 35 29
22 35
22 29


4847 22 35 29
22 35
22 29


4848 22 35 29
22 35
22 29


4849 22 35 29
22 35
22 29


4850 22 35 29
22 35
22 29


4851 22 35 29
22 35
22 29


4852 22 35 29
22 35
22 29


4853 22 35 29
22 35
22 29


4854 22 35 29
22 35
22 29


4855 22 35 29
22 35
22 29


4856 22 35 29
22 35
22 29


4857 22 35 29
22 35
22 29


4858 22 35 29
22 35
22 29


4859 22 35 29
22 35
22 29


4860 22 35 29
22 35
22 29


4861 22 35 29
22 35
22 29


4862 22 35 29
22 35
22 29


4863 22 35 29
22 35
22 29


4864 22 35 29
22 35
22 29


4865 22 35 29
22 35
22 29


4866 22 35 29
22 35
22 29


4867 22 35 29
22 35
22 29


4868 22 35 29
22 35
22 29


4869 22 35 29
22 35
22 29


4870 22 35 29
22 35
22 29


4871 22 35 29
22 35
22 29


4872 22 35 29
22 35
22 29


4873 22 35 29
22 35
22 29


4874 22 35 29
22 35
22 29


4875 22 35 29
22 35
22 29


4876 22 35 29
22 35
22 29


4877 22 35 29
22 35
22 29


4878 22 35 29
22 35
22 29


4879 22 35 29
22 35
22 29


4880 22 35 29
22 35
22 29


4881 22 35 29
22 35
22 29


4882 22 35 29
22 35
22 29


4883 22 35 29
22 35
22 29


4884 22 35 29
22 35
22 29


4885 22 35 29
22 35
22 29


4886 22 35 29
22 35
22 29


4887 22 35 29
22 35
22 29


4888 22 35 29
22 35
22 29


4889 22 35 29
22 35
22 29


4890 22 35 29
22 35
22 29


4891 22 35 29
22 35
22 29


4892 22 35 29
22 35
22 29


4893 22 35 29
22 35
22 29


4894 22 35 29
22 35
22 29


4895 22 35 29
22 35
22 29


4896 22 35 29
22 35
22 29


4897 22 35 29
22 35
22 29


4898 22 35 29
22 35
22 29


4899 22 35 29
22 35
22 29


4900 22 35 29
22 35
22 29


4901 22 35 29
22 35
22 29


4902 22 35 29
22 35
22 29


4903 22 35 29
22 35
22 29


4904 22 35 29
22 35
22 29


4905 22 35 29
22 35
22 29


4906 22 35 29
22 35
22 29


4907 22 35 29
22 35
22 29


4908 22 35 29
22 35
22 29


4909 22 35 29
22 35
22 29


4910 22 35 29
22 35
22 29


4911 22 35 29
22 35
22 29


4912 22 35 29
22 35
22 29


4913 22 35 29
22 35
22 29


4914 22 35 29
22 35
22 29


4915 22 35 29
22 35
22 29


4916 22 35 29
22 35
22 29


4917 22 35 29
22 35
22 29


4918 22 35 29
22 35
22 29


4919 22 35 29
22 35
22 29


4920 22 35 29
22 35
22 29


4921 22 35 29
22 35
22 29


4922 22 35 29
22 35
22 29


4923 22 35 29
22 35
22 29


4924 22 35 29
22 35
22 29


4925 22 35 29
22 35
22 29


4926 22 35 29
22 35
22 29


4927 22 35 29
22 35
22 29


4928 22 35 29
22 35
22 29


4929 22 35 29
22 35
22 29


4930 22 35 29
22 35
22 29


4931 22 35 29
22 35
22 29


4932 22 35 29
22 35
22 29


4933 22 35 29
22 35
22 29


4934 22 35 29
22 35
22 29


4935 22 35 29
22 35
22 29


4936 22 35 29
22 35
22 29


4937 22 35 29
22 35
22 29


4938 22 35 29
22 35
22 29


4939 22 35 29
22 35
22 29


4940 22 35 29
22 35
22 29


4941 22 35 29
22 35
22 29


4942 22 35 29
22 35
22 29


4943 22 35 29
22 35
22 29


4944 22 35 29
22 35
22 29


4945 22 35 29
22 35
22 29


4946 22 35 29
22 35
22 29


4947 22 35 29
22 35
22 29


4948 22 35 29
22 35
22 29


4949 22 35 29
22 35
22 29


4950 22 35 29
22 35
22 29


4951 22 35 29
22 35
22 29


4952 22 35 29
22 35
22 29


4953 22 35 29
22 35
22 29


4954 22 35 29
22 35
22 29


4955 22 35 29
22 35
22 29


4956 22 35 29
22 35
22 29


6257 20 11 5
20 11
20 5


6258 20 11 5
20 11
20 5


6259 20 11 5
20 11
20 5


6260 20 11 5
20 11
20 5


6261 20 11 5
20 11
20 5


6262 20 11 5
20 11
20 5


6263 20 11 5
20 11
20 5


6264 20 11 5
20 11
20 5


6265 20 11 5
20 11
20 5


6266 20 11 5
20 11
20 5


6267 20 11 5
20 11
20 5


6268 20 11 5
20 11
20 5


6269 20 11 5
20 11
20 5


6270 20 11 5
20 11
20 5


6271 20 11 5
20 11
20 5


6272 20 11 5
20 11
20 5


6273 20 11 5
20 11
20 5


6274 20 11 5
20 11
20 5


6275 20 11 5
20 11
20 5


6276 20 11 5
20 11
20 5


6277 20 11 5
20 11
20 5


6278 20 11 5
20 11
20 5


6279 20 11 5
20 11
20 5


6280 20 11 5
20 11
20 5


6281 20 11 5
20 11
20 5


6282 20 11 5
20 11
20 5


6283 20 11 5
20 11
20 5


6284 20 11 5
20 11
20 5


6285 20 11 5
20 11
20 5


6286 20 11 5
20 11
20 5


6287 20 11 5
20 11
20 5


6288 20 11 5
20 11
20 5


6289 20 11 5
20 11
20 5


6290 20 11 5
20 11
20 5


6291 20 11 5
20 11
20 5


6292 20 11 5
20 11
20 5


6293 20 11 5
20 11
20 5


6294 20 11 5
20 11
20 5


6295 20 11 5
20 11
20 5


6296 20 11 5
20 11
20 5


6297 20 11 5
20 11
20 5


6298 20 11 5
20 11
20 5


6299 20 11 5
20 11
20 5


6300 20 11 5
20 11
20 5


6301 20 11 5
20 11
20 5


6302 20 11 5
20 11
20 5


6303 20 11 5
20 11
20 5


6304 20 11 5
20 11
20 5


6305 20 11 5
20 11
20 5


6306 20 11 5
20 11
20 5


6307 20 11 5
20 11
20 5


6308 20 11 5
20 11
20 5


6309 20 11 5
20 11
20 5


6310 20 11 5
20 11
20 5


6311 20 11 5
20 11
20 5


6312 20 11 5
20 11
20 5


6313 20 11 5
20 11
20 5


6314 20 11 5
20 11
20 5


6315 20 11 5
20 11
20 5


6316 20 11 5
20 11
20 5


6317 20 11 5
20 11
20 5


6318 20 11 5
20 11
20 5


6319 20 11 5
20 11
20 5


6320 20 11 5
20 11
20 5


6321 20 11 5
20 11
20 5


6322 20 11 5
20 11
20 5


6323 20 11 5
20 11
20 5


6324 20 11 5
20 11
20 5


6325 20 11 5
20 11
20 5


6326 20 11 5
20 11
20 5


6327 20 11 5
20 11
20 5


6328 20 11 5
20 11
20 5


6329 20 11 5
20 11
20 5


6330 20 11 5
20 11
20 5


6331 20 11 5
20 11
20 5


6332 20 11 5
20 11
20 5


6333 20 11 5
20 11
20 5


6334 20 11 5
20 11
20 5


6335 20 11 5
20 11
20 5


6336 20 11 5
20 11
20 5


6337 20 11 5
20 11
20 5


6338 20 11 5
20 11
20 5


6339 20 11 5
20 11
20 5


6340 20 11 5
20 11
20 5


6341 20 11 5
20 11
20 5


6342 20 11 5
20 11
20 5


6343 20 11 5
20 11
20 5


6344 20 11 5
20 11
20 5


6345 20 11 5
20 11
20 5


6346 20 11 5
20 11
20 5


6347 20 11 5
20 11
20 5


6348 20 11 5
20 11
20 5


6349 20 11 5
20 11
20 5


6350 20 11 5
20 11
20 5


6351 20 11 5
20 11
20 5


6352 20 11 5
20 11
20 5


6353 20 11 5
20 11
20 5


6354 20 11 5
20 11
20 5


6355 20 11 5
20 11
20 5


6356 20 11 5
20 11
20 5


6357 20 11 5
20 11
20 5


6358 20 11 5
20 11
20 5


6359 20 11 5
20 11
20 5


6360 20 11 5
20 11
20 5


6361 20 11 5
20 11
20 5


6362 20 11 5
20 11
20 5


6363 20 11 5
20 11
20 5


6364 20 11 5
20 11
20 5


6365 20 11 5
20 11
20 5


6366 20 11 5
20 11
20 5


6367 20 11 5
20 11
20 5


6368 20 11 5
20 11
20 5


6369 20 11 5
20 11
20 5


6370 20 11 5
20 11
20 5


6371 20 11 5
20 11
20 5


6372 20 11 5
20 11
20 5


6373 20 11 5
20 11
20 5


6374 20 11 5
20 11
20 5


6375 20 11 5
20 11
20 5


6376 20 11 5
20 11
20 5


6377 20 11 5
20 11
20 5


6378 20 11 5
20 11
20 5


6379 20 11 5
20 11
20 5


6380 20 11 5
20 11
20 5


6381 20 11 5
20 11
20 5


6382 20 11 5
20 11
20 5


6383 20 11 5
20 11
20 5


6384 20 11 5
20 11
20 5


