0 3 1 6
3 1
3 6


1 3 1 6
3 1
3 6


2 3 1 6
3 1
3 6


3 3 1 6
3 1
3 6


4 3 1 6
3 1
3 6


5 3 1 6
3 1
3 6


6 3 1 6
3 1
3 6


7 3 1 6
3 1
3 6


8 3 1 6
3 1
3 6


9 3 1 6
3 1
3 6


10 3 1 6
3 1
3 6


11 3 1 6
3 1
3 6


12 3 1 6
3 1
3 6


13 3 1 6
3 1
3 6


14 3 1 6
3 1
3 6


15 3 1 6
3 1
3 6


243 21 7 4
21 7
21 4


244 21 7 4
21 7
21 4


245 21 7 4
21 7
21 4


246 21 7 4
21 7
21 4


247 21 7 4
21 7
21 4


248 21 7 4
21 7
21 4


249 21 7 4
21 7
21 4


250 21 7 4
21 7
21 4


251 21 7 4
21 7
21 4


252 21 7 4
21 7
21 4


253 21 7 4
21 7
21 4


254 21 7 4
21 7
21 4


255 21 7 4
21 7
21 4


256 21 7 4
21 7
21 4


257 21 7 4
21 7
21 4


258 21 7 4
21 7
21 4


324 8 24 21
8 24
8 21


325 8 24 21
8 24
8 21


326 8 24 21
8 24
8 21


327 8 24 21
8 24
8 21


328 8 24 21
8 24
8 21


329 8 24 21
8 24
8 21


330 8 24 21
8 24
8 21


331 8 24 21
8 24
8 21


332 8 24 21
8 24
8 21


333 8 24 21
8 24
8 21


334 8 24 21
8 24
8 21


335 8 24 21
8 24
8 21


336 8 24 21
8 24
8 21


337 8 24 21
8 24
8 21


338 8 24 21
8 24
8 21


339 8 24 21
8 24
8 21


340 8 24 21
8 24
8 21


341 8 24 21
8 24
8 21


342 8 24 21
8 24
8 21


343 8 24 21
8 24
8 21


344 8 24 21
8 24
8 21


345 8 24 21
8 24
8 21


346 8 24 21
8 24
8 21


347 8 24 21
8 24
8 21


348 8 24 21
8 24
8 21


349 8 24 21
8 24
8 21


350 8 24 21
8 24
8 21


351 8 24 21
8 24
8 21


352 8 24 21
8 24
8 21


353 8 24 21
8 24
8 21


354 8 24 21
8 24
8 21


355 8 24 21
8 24
8 21


356 8 24 21
8 24
8 21


357 8 24 21
8 24
8 21


358 8 24 21
8 24
8 21


359 8 24 21
8 24
8 21


360 8 24 21
8 24
8 21


361 8 24 21
8 24
8 21


362 8 24 21
8 24
8 21


363 8 24 21
8 24
8 21


364 8 24 21
8 24
8 21


365 8 24 21
8 24
8 21


366 8 24 21
8 24
8 21


367 8 24 21
8 24
8 21


368 8 24 21
8 24
8 21


369 8 24 21
8 24
8 21


370 8 24 21
8 24
8 21


371 8 24 21
8 24
8 21


372 8 24 21
8 24
8 21


373 8 24 21
8 24
8 21


374 8 24 21
8 24
8 21


375 8 24 21
8 24
8 21


376 8 24 21
8 24
8 21


377 8 24 21
8 24
8 21


378 8 24 21
8 24
8 21


379 8 24 21
8 24
8 21


380 8 24 21
8 24
8 21


381 8 24 21
8 24
8 21


382 8 24 21
8 24
8 21


383 8 24 21
8 24
8 21


384 8 24 21
8 24
8 21


385 8 24 21
8 24
8 21


386 8 24 21
8 24
8 21


387 8 24 21
8 24
8 21


645 9 0 1
9 0
9 1


646 9 0 1
9 0
9 1


647 9 0 1
9 0
9 1


648 9 0 1
9 0
9 1


649 9 0 1
9 0
9 1


650 9 0 1
9 0
9 1


651 9 0 1
9 0
9 1


652 9 0 1
9 0
9 1


653 9 0 1
9 0
9 1


654 9 0 1
9 0
9 1


655 9 0 1
9 0
9 1


656 9 0 1
9 0
9 1


657 9 0 1
9 0
9 1


658 9 0 1
9 0
9 1


659 9 0 1
9 0
9 1


660 9 0 1
9 0
9 1


661 9 0 1
9 0
9 1


662 9 0 1
9 0
9 1


663 9 0 1
9 0
9 1


664 9 0 1
9 0
9 1


665 9 0 1
9 0
9 1


666 9 0 1
9 0
9 1


667 9 0 1
9 0
9 1


668 9 0 1
9 0
9 1


669 9 0 1
9 0
9 1


670 9 0 1
9 0
9 1


671 9 0 1
9 0
9 1


672 9 0 1
9 0
9 1


673 9 0 1
9 0
9 1


674 9 0 1
9 0
9 1


675 9 0 1
9 0
9 1


676 9 0 1
9 0
9 1


677 9 0 1
9 0
9 1


678 9 0 1
9 0
9 1


679 9 0 1
9 0
9 1


680 9 0 1
9 0
9 1


681 9 0 1
9 0
9 1


682 9 0 1
9 0
9 1


683 9 0 1
9 0
9 1


684 9 0 1
9 0
9 1


685 9 0 1
9 0
9 1


686 9 0 1
9 0
9 1


687 9 0 1
9 0
9 1


688 9 0 1
9 0
9 1


689 9 0 1
9 0
9 1


690 9 0 1
9 0
9 1


691 9 0 1
9 0
9 1


692 9 0 1
9 0
9 1


693 9 0 1
9 0
9 1


694 9 0 1
9 0
9 1


695 9 0 1
9 0
9 1


696 9 0 1
9 0
9 1


697 9 0 1
9 0
9 1


698 9 0 1
9 0
9 1


699 9 0 1
9 0
9 1


700 9 0 1
9 0
9 1


701 9 0 1
9 0
9 1


702 9 0 1
9 0
9 1


703 9 0 1
9 0
9 1


704 9 0 1
9 0
9 1


705 9 0 1
9 0
9 1


706 9 0 1
9 0
9 1


707 9 0 1
9 0
9 1


708 9 0 1
9 0
9 1


709 9 0 1
9 0
9 1


710 9 0 1
9 0
9 1


711 9 0 1
9 0
9 1


712 9 0 1
9 0
9 1


713 9 0 1
9 0
9 1


714 9 0 1
9 0
9 1


715 9 0 1
9 0
9 1


716 9 0 1
9 0
9 1


717 9 0 1
9 0
9 1


718 9 0 1
9 0
9 1


719 9 0 1
9 0
9 1


720 9 0 1
9 0
9 1


721 9 0 1
9 0
9 1


722 9 0 1
9 0
9 1


723 9 0 1
9 0
9 1


724 9 0 1
9 0
9 1


725 9 0 1
9 0
9 1


726 9 0 1
9 0
9 1


727 9 0 1
9 0
9 1


728 9 0 1
9 0
9 1


729 9 0 1
9 0
9 1


730 9 0 1
9 0
9 1


731 9 0 1
9 0
9 1


732 9 0 1
9 0
9 1


733 9 0 1
9 0
9 1


734 9 0 1
9 0
9 1


735 9 0 1
9 0
9 1


736 9 0 1
9 0
9 1


737 9 0 1
9 0
9 1


738 9 0 1
9 0
9 1


739 9 0 1
9 0
9 1


740 9 0 1
9 0
9 1


741 9 0 1
9 0
9 1


742 9 0 1
9 0
9 1


743 9 0 1
9 0
9 1


744 9 0 1
9 0
9 1


745 9 0 1
9 0
9 1


746 9 0 1
9 0
9 1


747 9 0 1
9 0
9 1


748 9 0 1
9 0
9 1


749 9 0 1
9 0
9 1


750 9 0 1
9 0
9 1


751 9 0 1
9 0
9 1


752 9 0 1
9 0
9 1


753 9 0 1
9 0
9 1


754 9 0 1
9 0
9 1


755 9 0 1
9 0
9 1


756 9 0 1
9 0
9 1


757 9 0 1
9 0
9 1


758 9 0 1
9 0
9 1


759 9 0 1
9 0
9 1


760 9 0 1
9 0
9 1


761 9 0 1
9 0
9 1


762 9 0 1
9 0
9 1


763 9 0 1
9 0
9 1


764 9 0 1
9 0
9 1


765 9 0 1
9 0
9 1


766 9 0 1
9 0
9 1


767 9 0 1
9 0
9 1


768 9 0 1
9 0
9 1


769 9 0 1
9 0
9 1


770 9 0 1
9 0
9 1


771 9 0 1
9 0
9 1


772 9 0 1
9 0
9 1


1034 20 5 16
20 5
20 16


1035 20 5 16
20 5
20 16


1036 20 5 16
20 5
20 16


1037 20 5 16
20 5
20 16


1038 20 5 16
20 5
20 16


1039 20 5 16
20 5
20 16


1040 20 5 16
20 5
20 16


1041 20 5 16
20 5
20 16


1042 20 5 16
20 5
20 16


1043 20 5 16
20 5
20 16


1044 20 5 16
20 5
20 16


1045 20 5 16
20 5
20 16


1046 20 5 16
20 5
20 16


1047 20 5 16
20 5
20 16


1048 20 5 16
20 5
20 16


1049 20 5 16
20 5
20 16


1115 6 12 17
6 12
6 17


1116 6 12 17
6 12
6 17


1117 6 12 17
6 12
6 17


1118 6 12 17
6 12
6 17


1119 6 12 17
6 12
6 17


1120 6 12 17
6 12
6 17


1121 6 12 17
6 12
6 17


1122 6 12 17
6 12
6 17


1123 6 12 17
6 12
6 17


1124 6 12 17
6 12
6 17


1125 6 12 17
6 12
6 17


1126 6 12 17
6 12
6 17


1127 6 12 17
6 12
6 17


1128 6 12 17
6 12
6 17


1129 6 12 17
6 12
6 17


1130 6 12 17
6 12
6 17


1973 12 8 7
12 8
12 7


1974 12 8 7
12 8
12 7


1975 12 8 7
12 8
12 7


1976 12 8 7
12 8
12 7


1977 12 8 7
12 8
12 7


1978 12 8 7
12 8
12 7


1979 12 8 7
12 8
12 7


1980 12 8 7
12 8
12 7


1981 12 8 7
12 8
12 7


1982 12 8 7
12 8
12 7


1983 12 8 7
12 8
12 7


1984 12 8 7
12 8
12 7


1985 12 8 7
12 8
12 7


1986 12 8 7
12 8
12 7


1987 12 8 7
12 8
12 7


1988 12 8 7
12 8
12 7


1989 12 8 7
12 8
12 7


1990 12 8 7
12 8
12 7


1991 12 8 7
12 8
12 7


1992 12 8 7
12 8
12 7


1993 12 8 7
12 8
12 7


1994 12 8 7
12 8
12 7


1995 12 8 7
12 8
12 7


1996 12 8 7
12 8
12 7


1997 12 8 7
12 8
12 7


1998 12 8 7
12 8
12 7


1999 12 8 7
12 8
12 7


2000 12 8 7
12 8
12 7


2001 12 8 7
12 8
12 7


2002 12 8 7
12 8
12 7


2003 12 8 7
12 8
12 7


2004 12 8 7
12 8
12 7


2005 12 8 7
12 8
12 7


2006 12 8 7
12 8
12 7


2007 12 8 7
12 8
12 7


2008 12 8 7
12 8
12 7


2009 12 8 7
12 8
12 7


2010 12 8 7
12 8
12 7


2011 12 8 7
12 8
12 7


2012 12 8 7
12 8
12 7


2013 12 8 7
12 8
12 7


2014 12 8 7
12 8
12 7


2015 12 8 7
12 8
12 7


2016 12 8 7
12 8
12 7


2017 12 8 7
12 8
12 7


2018 12 8 7
12 8
12 7


2019 12 8 7
12 8
12 7


2020 12 8 7
12 8
12 7


2021 12 8 7
12 8
12 7


2022 12 8 7
12 8
12 7


2023 12 8 7
12 8
12 7


2024 12 8 7
12 8
12 7


2025 12 8 7
12 8
12 7


2026 12 8 7
12 8
12 7


2027 12 8 7
12 8
12 7


2028 12 8 7
12 8
12 7


2029 12 8 7
12 8
12 7


2030 12 8 7
12 8
12 7


2031 12 8 7
12 8
12 7


2032 12 8 7
12 8
12 7


2033 12 8 7
12 8
12 7


2034 12 8 7
12 8
12 7


2035 12 8 7
12 8
12 7


2036 12 8 7
12 8
12 7


2037 12 8 7
12 8
12 7


2038 12 8 7
12 8
12 7


2039 12 8 7
12 8
12 7


2040 12 8 7
12 8
12 7


2041 12 8 7
12 8
12 7


2042 12 8 7
12 8
12 7


2043 12 8 7
12 8
12 7


2044 12 8 7
12 8
12 7


2045 12 8 7
12 8
12 7


2046 12 8 7
12 8
12 7


2047 12 8 7
12 8
12 7


2048 12 8 7
12 8
12 7


2049 12 8 7
12 8
12 7


2050 12 8 7
12 8
12 7


2051 12 8 7
12 8
12 7


2052 12 8 7
12 8
12 7


2053 12 8 7
12 8
12 7


2054 12 8 7
12 8
12 7


2055 12 8 7
12 8
12 7


2056 12 8 7
12 8
12 7


2057 12 8 7
12 8
12 7


2058 12 8 7
12 8
12 7


2059 12 8 7
12 8
12 7


2060 12 8 7
12 8
12 7


2061 12 8 7
12 8
12 7


2062 12 8 7
12 8
12 7


2063 12 8 7
12 8
12 7


2064 12 8 7
12 8
12 7


2065 12 8 7
12 8
12 7


2066 12 8 7
12 8
12 7


2067 12 8 7
12 8
12 7


2068 12 8 7
12 8
12 7


2069 12 8 7
12 8
12 7


2070 12 8 7
12 8
12 7


2071 12 8 7
12 8
12 7


2072 12 8 7
12 8
12 7


2073 12 8 7
12 8
12 7


2074 12 8 7
12 8
12 7


2075 12 8 7
12 8
12 7


2076 12 8 7
12 8
12 7


2077 12 8 7
12 8
12 7


2078 12 8 7
12 8
12 7


2079 12 8 7
12 8
12 7


2080 12 8 7
12 8
12 7


2081 12 8 7
12 8
12 7


2082 12 8 7
12 8
12 7


2083 12 8 7
12 8
12 7


2084 12 8 7
12 8
12 7


2085 12 8 7
12 8
12 7


2086 12 8 7
12 8
12 7


2087 12 8 7
12 8
12 7


2088 12 8 7
12 8
12 7


2089 12 8 7
12 8
12 7


2090 12 8 7
12 8
12 7


2091 12 8 7
12 8
12 7


2092 12 8 7
12 8
12 7


2093 12 8 7
12 8
12 7


2094 12 8 7
12 8
12 7


2095 12 8 7
12 8
12 7


2096 12 8 7
12 8
12 7


2097 12 8 7
12 8
12 7


2098 12 8 7
12 8
12 7


2099 12 8 7
12 8
12 7


2100 12 8 7
12 8
12 7


3401 17 7 4
17 7
17 4


3402 17 7 4
17 7
17 4


3403 17 7 4
17 7
17 4


3404 17 7 4
17 7
17 4


3405 17 7 4
17 7
17 4


3406 17 7 4
17 7
17 4


3407 17 7 4
17 7
17 4


3408 17 7 4
17 7
17 4


3409 17 7 4
17 7
17 4


3410 17 7 4
17 7
17 4


3411 17 7 4
17 7
17 4


3412 17 7 4
17 7
17 4


3413 17 7 4
17 7
17 4


3414 17 7 4
17 7
17 4


3415 17 7 4
17 7
17 4


3416 17 7 4
17 7
17 4


3417 17 7 4
17 7
17 4


3418 17 7 4
17 7
17 4


3419 17 7 4
17 7
17 4


3420 17 7 4
17 7
17 4


3421 17 7 4
17 7
17 4


3422 17 7 4
17 7
17 4


3423 17 7 4
17 7
17 4


3424 17 7 4
17 7
17 4


3425 17 7 4
17 7
17 4


3426 17 7 4
17 7
17 4


3427 17 7 4
17 7
17 4


3428 17 7 4
17 7
17 4


3429 17 7 4
17 7
17 4


3430 17 7 4
17 7
17 4


3431 17 7 4
17 7
17 4


3432 17 7 4
17 7
17 4


3433 17 7 4
17 7
17 4


3434 17 7 4
17 7
17 4


3435 17 7 4
17 7
17 4


3436 17 7 4
17 7
17 4


3437 17 7 4
17 7
17 4


3438 17 7 4
17 7
17 4


3439 17 7 4
17 7
17 4


3440 17 7 4
17 7
17 4


3441 17 7 4
17 7
17 4


3442 17 7 4
17 7
17 4


3443 17 7 4
17 7
17 4


3444 17 7 4
17 7
17 4


3445 17 7 4
17 7
17 4


3446 17 7 4
17 7
17 4


3447 17 7 4
17 7
17 4


3448 17 7 4
17 7
17 4


3449 17 7 4
17 7
17 4


3450 17 7 4
17 7
17 4


3451 17 7 4
17 7
17 4


3452 17 7 4
17 7
17 4


3453 17 7 4
17 7
17 4


3454 17 7 4
17 7
17 4


3455 17 7 4
17 7
17 4


3456 17 7 4
17 7
17 4


3457 17 7 4
17 7
17 4


3458 17 7 4
17 7
17 4


3459 17 7 4
17 7
17 4


3460 17 7 4
17 7
17 4


3461 17 7 4
17 7
17 4


3462 17 7 4
17 7
17 4


3463 17 7 4
17 7
17 4


3464 17 7 4
17 7
17 4


3465 17 7 4
17 7
17 4


3466 17 7 4
17 7
17 4


3467 17 7 4
17 7
17 4


3468 17 7 4
17 7
17 4


3469 17 7 4
17 7
17 4


3470 17 7 4
17 7
17 4


3471 17 7 4
17 7
17 4


3472 17 7 4
17 7
17 4


3473 17 7 4
17 7
17 4


3474 17 7 4
17 7
17 4


3475 17 7 4
17 7
17 4


3476 17 7 4
17 7
17 4


3477 17 7 4
17 7
17 4


3478 17 7 4
17 7
17 4


3479 17 7 4
17 7
17 4


3480 17 7 4
17 7
17 4


3481 17 7 4
17 7
17 4


3482 17 7 4
17 7
17 4


3483 17 7 4
17 7
17 4


3484 17 7 4
17 7
17 4


3485 17 7 4
17 7
17 4


3486 17 7 4
17 7
17 4


3487 17 7 4
17 7
17 4


3488 17 7 4
17 7
17 4


3489 17 7 4
17 7
17 4


3490 17 7 4
17 7
17 4


3491 17 7 4
17 7
17 4


3492 17 7 4
17 7
17 4


3493 17 7 4
17 7
17 4


3494 17 7 4
17 7
17 4


3495 17 7 4
17 7
17 4


3496 17 7 4
17 7
17 4


3497 17 7 4
17 7
17 4


3498 17 7 4
17 7
17 4


3499 17 7 4
17 7
17 4


3500 17 7 4
17 7
17 4


3501 17 7 4
17 7
17 4


3502 17 7 4
17 7
17 4


3503 17 7 4
17 7
17 4


3504 17 7 4
17 7
17 4


3505 17 7 4
17 7
17 4


3506 17 7 4
17 7
17 4


3507 17 7 4
17 7
17 4


3508 17 7 4
17 7
17 4


3509 17 7 4
17 7
17 4


3510 17 7 4
17 7
17 4


3511 17 7 4
17 7
17 4


3512 17 7 4
17 7
17 4


3513 17 7 4
17 7
17 4


3514 17 7 4
17 7
17 4


3515 17 7 4
17 7
17 4


3516 17 7 4
17 7
17 4


3517 17 7 4
17 7
17 4


3518 17 7 4
17 7
17 4


3519 17 7 4
17 7
17 4


3520 17 7 4
17 7
17 4


3521 17 7 4
17 7
17 4


3522 17 7 4
17 7
17 4


3523 17 7 4
17 7
17 4


3524 17 7 4
17 7
17 4


3525 17 7 4
17 7
17 4


3526 17 7 4
17 7
17 4


3527 17 7 4
17 7
17 4


3528 17 7 4
17 7
17 4


4829 7 21 20
7 21
7 20


4830 7 21 20
7 21
7 20


4831 7 21 20
7 21
7 20


4832 7 21 20
7 21
7 20


4833 7 21 20
7 21
7 20


4834 7 21 20
7 21
7 20


4835 7 21 20
7 21
7 20


4836 7 21 20
7 21
7 20


4837 7 21 20
7 21
7 20


4838 7 21 20
7 21
7 20


4839 7 21 20
7 21
7 20


4840 7 21 20
7 21
7 20


4841 7 21 20
7 21
7 20


4842 7 21 20
7 21
7 20


4843 7 21 20
7 21
7 20


4844 7 21 20
7 21
7 20


4845 7 21 20
7 21
7 20


4846 7 21 20
7 21
7 20


4847 7 21 20
7 21
7 20


4848 7 21 20
7 21
7 20


4849 7 21 20
7 21
7 20


4850 7 21 20
7 21
7 20


4851 7 21 20
7 21
7 20


4852 7 21 20
7 21
7 20


4853 7 21 20
7 21
7 20


4854 7 21 20
7 21
7 20


4855 7 21 20
7 21
7 20


4856 7 21 20
7 21
7 20


4857 7 21 20
7 21
7 20


4858 7 21 20
7 21
7 20


4859 7 21 20
7 21
7 20


4860 7 21 20
7 21
7 20


4861 7 21 20
7 21
7 20


4862 7 21 20
7 21
7 20


4863 7 21 20
7 21
7 20


4864 7 21 20
7 21
7 20


4865 7 21 20
7 21
7 20


4866 7 21 20
7 21
7 20


4867 7 21 20
7 21
7 20


4868 7 21 20
7 21
7 20


4869 7 21 20
7 21
7 20


4870 7 21 20
7 21
7 20


4871 7 21 20
7 21
7 20


4872 7 21 20
7 21
7 20


4873 7 21 20
7 21
7 20


4874 7 21 20
7 21
7 20


4875 7 21 20
7 21
7 20


4876 7 21 20
7 21
7 20


4877 7 21 20
7 21
7 20


4878 7 21 20
7 21
7 20


4879 7 21 20
7 21
7 20


4880 7 21 20
7 21
7 20


4881 7 21 20
7 21
7 20


4882 7 21 20
7 21
7 20


4883 7 21 20
7 21
7 20


4884 7 21 20
7 21
7 20


4885 7 21 20
7 21
7 20


4886 7 21 20
7 21
7 20


4887 7 21 20
7 21
7 20


4888 7 21 20
7 21
7 20


4889 7 21 20
7 21
7 20


4890 7 21 20
7 21
7 20


4891 7 21 20
7 21
7 20


4892 7 21 20
7 21
7 20


4893 7 21 20
7 21
7 20


4894 7 21 20
7 21
7 20


4895 7 21 20
7 21
7 20


4896 7 21 20
7 21
7 20


4897 7 21 20
7 21
7 20


4898 7 21 20
7 21
7 20


4899 7 21 20
7 21
7 20


4900 7 21 20
7 21
7 20


4901 7 21 20
7 21
7 20


4902 7 21 20
7 21
7 20


4903 7 21 20
7 21
7 20


4904 7 21 20
7 21
7 20


4905 7 21 20
7 21
7 20


4906 7 21 20
7 21
7 20


4907 7 21 20
7 21
7 20


4908 7 21 20
7 21
7 20


4909 7 21 20
7 21
7 20


4910 7 21 20
7 21
7 20


4911 7 21 20
7 21
7 20


4912 7 21 20
7 21
7 20


4913 7 21 20
7 21
7 20


4914 7 21 20
7 21
7 20


4915 7 21 20
7 21
7 20


4916 7 21 20
7 21
7 20


4917 7 21 20
7 21
7 20


4918 7 21 20
7 21
7 20


4919 7 21 20
7 21
7 20


4920 7 21 20
7 21
7 20


4921 7 21 20
7 21
7 20


4922 7 21 20
7 21
7 20


4923 7 21 20
7 21
7 20


4924 7 21 20
7 21
7 20


4925 7 21 20
7 21
7 20


4926 7 21 20
7 21
7 20


4927 7 21 20
7 21
7 20


4928 7 21 20
7 21
7 20


4929 7 21 20
7 21
7 20


4930 7 21 20
7 21
7 20


4931 7 21 20
7 21
7 20


4932 7 21 20
7 21
7 20


4933 7 21 20
7 21
7 20


4934 7 21 20
7 21
7 20


4935 7 21 20
7 21
7 20


4936 7 21 20
7 21
7 20


4937 7 21 20
7 21
7 20


4938 7 21 20
7 21
7 20


4939 7 21 20
7 21
7 20


4940 7 21 20
7 21
7 20


4941 7 21 20
7 21
7 20


4942 7 21 20
7 21
7 20


4943 7 21 20
7 21
7 20


4944 7 21 20
7 21
7 20


4945 7 21 20
7 21
7 20


4946 7 21 20
7 21
7 20


4947 7 21 20
7 21
7 20


4948 7 21 20
7 21
7 20


4949 7 21 20
7 21
7 20


4950 7 21 20
7 21
7 20


4951 7 21 20
7 21
7 20


4952 7 21 20
7 21
7 20


4953 7 21 20
7 21
7 20


4954 7 21 20
7 21
7 20


4955 7 21 20
7 21
7 20


4956 7 21 20
7 21
7 20


6257 4 6 5
4 6
4 5


6258 4 6 5
4 6
4 5


6259 4 6 5
4 6
4 5


6260 4 6 5
4 6
4 5


6261 4 6 5
4 6
4 5


6262 4 6 5
4 6
4 5


6263 4 6 5
4 6
4 5


6264 4 6 5
4 6
4 5


6265 4 6 5
4 6
4 5


6266 4 6 5
4 6
4 5


6267 4 6 5
4 6
4 5


6268 4 6 5
4 6
4 5


6269 4 6 5
4 6
4 5


6270 4 6 5
4 6
4 5


6271 4 6 5
4 6
4 5


6272 4 6 5
4 6
4 5


6273 4 6 5
4 6
4 5


6274 4 6 5
4 6
4 5


6275 4 6 5
4 6
4 5


6276 4 6 5
4 6
4 5


6277 4 6 5
4 6
4 5


6278 4 6 5
4 6
4 5


6279 4 6 5
4 6
4 5


6280 4 6 5
4 6
4 5


6281 4 6 5
4 6
4 5


6282 4 6 5
4 6
4 5


6283 4 6 5
4 6
4 5


6284 4 6 5
4 6
4 5


6285 4 6 5
4 6
4 5


6286 4 6 5
4 6
4 5


6287 4 6 5
4 6
4 5


6288 4 6 5
4 6
4 5


6289 4 6 5
4 6
4 5


6290 4 6 5
4 6
4 5


6291 4 6 5
4 6
4 5


6292 4 6 5
4 6
4 5


6293 4 6 5
4 6
4 5


6294 4 6 5
4 6
4 5


6295 4 6 5
4 6
4 5


6296 4 6 5
4 6
4 5


6297 4 6 5
4 6
4 5


6298 4 6 5
4 6
4 5


6299 4 6 5
4 6
4 5


6300 4 6 5
4 6
4 5


6301 4 6 5
4 6
4 5


6302 4 6 5
4 6
4 5


6303 4 6 5
4 6
4 5


6304 4 6 5
4 6
4 5


6305 4 6 5
4 6
4 5


6306 4 6 5
4 6
4 5


6307 4 6 5
4 6
4 5


6308 4 6 5
4 6
4 5


6309 4 6 5
4 6
4 5


6310 4 6 5
4 6
4 5


6311 4 6 5
4 6
4 5


6312 4 6 5
4 6
4 5


6313 4 6 5
4 6
4 5


6314 4 6 5
4 6
4 5


6315 4 6 5
4 6
4 5


6316 4 6 5
4 6
4 5


6317 4 6 5
4 6
4 5


6318 4 6 5
4 6
4 5


6319 4 6 5
4 6
4 5


6320 4 6 5
4 6
4 5


6321 4 6 5
4 6
4 5


6322 4 6 5
4 6
4 5


6323 4 6 5
4 6
4 5


6324 4 6 5
4 6
4 5


6325 4 6 5
4 6
4 5


6326 4 6 5
4 6
4 5


6327 4 6 5
4 6
4 5


6328 4 6 5
4 6
4 5


6329 4 6 5
4 6
4 5


6330 4 6 5
4 6
4 5


6331 4 6 5
4 6
4 5


6332 4 6 5
4 6
4 5


6333 4 6 5
4 6
4 5


6334 4 6 5
4 6
4 5


6335 4 6 5
4 6
4 5


6336 4 6 5
4 6
4 5


6337 4 6 5
4 6
4 5


6338 4 6 5
4 6
4 5


6339 4 6 5
4 6
4 5


6340 4 6 5
4 6
4 5


6341 4 6 5
4 6
4 5


6342 4 6 5
4 6
4 5


6343 4 6 5
4 6
4 5


6344 4 6 5
4 6
4 5


6345 4 6 5
4 6
4 5


6346 4 6 5
4 6
4 5


6347 4 6 5
4 6
4 5


6348 4 6 5
4 6
4 5


6349 4 6 5
4 6
4 5


6350 4 6 5
4 6
4 5


6351 4 6 5
4 6
4 5


6352 4 6 5
4 6
4 5


6353 4 6 5
4 6
4 5


6354 4 6 5
4 6
4 5


6355 4 6 5
4 6
4 5


6356 4 6 5
4 6
4 5


6357 4 6 5
4 6
4 5


6358 4 6 5
4 6
4 5


6359 4 6 5
4 6
4 5


6360 4 6 5
4 6
4 5


6361 4 6 5
4 6
4 5


6362 4 6 5
4 6
4 5


6363 4 6 5
4 6
4 5


6364 4 6 5
4 6
4 5


6365 4 6 5
4 6
4 5


6366 4 6 5
4 6
4 5


6367 4 6 5
4 6
4 5


6368 4 6 5
4 6
4 5


6369 4 6 5
4 6
4 5


6370 4 6 5
4 6
4 5


6371 4 6 5
4 6
4 5


6372 4 6 5
4 6
4 5


6373 4 6 5
4 6
4 5


6374 4 6 5
4 6
4 5


6375 4 6 5
4 6
4 5


6376 4 6 5
4 6
4 5


6377 4 6 5
4 6
4 5


6378 4 6 5
4 6
4 5


6379 4 6 5
4 6
4 5


6380 4 6 5
4 6
4 5


6381 4 6 5
4 6
4 5


6382 4 6 5
4 6
4 5


6383 4 6 5
4 6
4 5


6384 4 6 5
4 6
4 5


