0 2 0 5
2 0
2 5


1 2 0 5
2 0
2 5


2 2 0 5
2 0
2 5


3 2 0 5
2 0
2 5


4 2 0 5
2 0
2 5


5 2 0 5
2 0
2 5


6 2 0 5
2 0
2 5


7 2 0 5
2 0
2 5


8 2 0 5
2 0
2 5


9 2 0 5
2 0
2 5


10 2 0 5
2 0
2 5


11 2 0 5
2 0
2 5


12 2 0 5
2 0
2 5


13 2 0 5
2 0
2 5


14 2 0 5
2 0
2 5


15 2 0 5
2 0
2 5


243 3 9 12
3 9
3 12


244 3 9 12
3 9
3 12


245 3 9 12
3 9
3 12


246 3 9 12
3 9
3 12


247 3 9 12
3 9
3 12


248 3 9 12
3 9
3 12


249 3 9 12
3 9
3 12


250 3 9 12
3 9
3 12


251 3 9 12
3 9
3 12


252 3 9 12
3 9
3 12


253 3 9 12
3 9
3 12


254 3 9 12
3 9
3 12


255 3 9 12
3 9
3 12


256 3 9 12
3 9
3 12


257 3 9 12
3 9
3 12


258 3 9 12
3 9
3 12


324 0 5 3
0 5
0 3


325 0 5 3
0 5
0 3


326 0 5 3
0 5
0 3


327 0 5 3
0 5
0 3


328 0 5 3
0 5
0 3


329 0 5 3
0 5
0 3


330 0 5 3
0 5
0 3


331 0 5 3
0 5
0 3


332 0 5 3
0 5
0 3


333 0 5 3
0 5
0 3


334 0 5 3
0 5
0 3


335 0 5 3
0 5
0 3


336 0 5 3
0 5
0 3


337 0 5 3
0 5
0 3


338 0 5 3
0 5
0 3


339 0 5 3
0 5
0 3


340 0 5 3
0 5
0 3


341 0 5 3
0 5
0 3


342 0 5 3
0 5
0 3


343 0 5 3
0 5
0 3


344 0 5 3
0 5
0 3


345 0 5 3
0 5
0 3


346 0 5 3
0 5
0 3


347 0 5 3
0 5
0 3


348 0 5 3
0 5
0 3


349 0 5 3
0 5
0 3


350 0 5 3
0 5
0 3


351 0 5 3
0 5
0 3


352 0 5 3
0 5
0 3


353 0 5 3
0 5
0 3


354 0 5 3
0 5
0 3


355 0 5 3
0 5
0 3


356 0 5 3
0 5
0 3


357 0 5 3
0 5
0 3


358 0 5 3
0 5
0 3


359 0 5 3
0 5
0 3


360 0 5 3
0 5
0 3


361 0 5 3
0 5
0 3


362 0 5 3
0 5
0 3


363 0 5 3
0 5
0 3


364 0 5 3
0 5
0 3


365 0 5 3
0 5
0 3


366 0 5 3
0 5
0 3


367 0 5 3
0 5
0 3


368 0 5 3
0 5
0 3


369 0 5 3
0 5
0 3


370 0 5 3
0 5
0 3


371 0 5 3
0 5
0 3


372 0 5 3
0 5
0 3


373 0 5 3
0 5
0 3


374 0 5 3
0 5
0 3


375 0 5 3
0 5
0 3


376 0 5 3
0 5
0 3


377 0 5 3
0 5
0 3


378 0 5 3
0 5
0 3


379 0 5 3
0 5
0 3


380 0 5 3
0 5
0 3


381 0 5 3
0 5
0 3


382 0 5 3
0 5
0 3


383 0 5 3
0 5
0 3


384 0 5 3
0 5
0 3


385 0 5 3
0 5
0 3


386 0 5 3
0 5
0 3


387 0 5 3
0 5
0 3


645 6 10 15
6 10
6 15


646 6 10 15
6 10
6 15


647 6 10 15
6 10
6 15


648 6 10 15
6 10
6 15


649 6 10 15
6 10
6 15


650 6 10 15
6 10
6 15


651 6 10 15
6 10
6 15


652 6 10 15
6 10
6 15


653 6 10 15
6 10
6 15


654 6 10 15
6 10
6 15


655 6 10 15
6 10
6 15


656 6 10 15
6 10
6 15


657 6 10 15
6 10
6 15


658 6 10 15
6 10
6 15


659 6 10 15
6 10
6 15


660 6 10 15
6 10
6 15


661 6 10 15
6 10
6 15


662 6 10 15
6 10
6 15


663 6 10 15
6 10
6 15


664 6 10 15
6 10
6 15


665 6 10 15
6 10
6 15


666 6 10 15
6 10
6 15


667 6 10 15
6 10
6 15


668 6 10 15
6 10
6 15


669 6 10 15
6 10
6 15


670 6 10 15
6 10
6 15


671 6 10 15
6 10
6 15


672 6 10 15
6 10
6 15


673 6 10 15
6 10
6 15


674 6 10 15
6 10
6 15


675 6 10 15
6 10
6 15


676 6 10 15
6 10
6 15


677 6 10 15
6 10
6 15


678 6 10 15
6 10
6 15


679 6 10 15
6 10
6 15


680 6 10 15
6 10
6 15


681 6 10 15
6 10
6 15


682 6 10 15
6 10
6 15


683 6 10 15
6 10
6 15


684 6 10 15
6 10
6 15


685 6 10 15
6 10
6 15


686 6 10 15
6 10
6 15


687 6 10 15
6 10
6 15


688 6 10 15
6 10
6 15


689 6 10 15
6 10
6 15


690 6 10 15
6 10
6 15


691 6 10 15
6 10
6 15


692 6 10 15
6 10
6 15


693 6 10 15
6 10
6 15


694 6 10 15
6 10
6 15


695 6 10 15
6 10
6 15


696 6 10 15
6 10
6 15


697 6 10 15
6 10
6 15


698 6 10 15
6 10
6 15


699 6 10 15
6 10
6 15


700 6 10 15
6 10
6 15


701 6 10 15
6 10
6 15


702 6 10 15
6 10
6 15


703 6 10 15
6 10
6 15


704 6 10 15
6 10
6 15


705 6 10 15
6 10
6 15


706 6 10 15
6 10
6 15


707 6 10 15
6 10
6 15


708 6 10 15
6 10
6 15


709 6 10 15
6 10
6 15


710 6 10 15
6 10
6 15


711 6 10 15
6 10
6 15


712 6 10 15
6 10
6 15


713 6 10 15
6 10
6 15


714 6 10 15
6 10
6 15


715 6 10 15
6 10
6 15


716 6 10 15
6 10
6 15


717 6 10 15
6 10
6 15


718 6 10 15
6 10
6 15


719 6 10 15
6 10
6 15


720 6 10 15
6 10
6 15


721 6 10 15
6 10
6 15


722 6 10 15
6 10
6 15


723 6 10 15
6 10
6 15


724 6 10 15
6 10
6 15


725 6 10 15
6 10
6 15


726 6 10 15
6 10
6 15


727 6 10 15
6 10
6 15


728 6 10 15
6 10
6 15


729 6 10 15
6 10
6 15


730 6 10 15
6 10
6 15


731 6 10 15
6 10
6 15


732 6 10 15
6 10
6 15


733 6 10 15
6 10
6 15


734 6 10 15
6 10
6 15


735 6 10 15
6 10
6 15


736 6 10 15
6 10
6 15


737 6 10 15
6 10
6 15


738 6 10 15
6 10
6 15


739 6 10 15
6 10
6 15


740 6 10 15
6 10
6 15


741 6 10 15
6 10
6 15


742 6 10 15
6 10
6 15


743 6 10 15
6 10
6 15


744 6 10 15
6 10
6 15


745 6 10 15
6 10
6 15


746 6 10 15
6 10
6 15


747 6 10 15
6 10
6 15


748 6 10 15
6 10
6 15


749 6 10 15
6 10
6 15


750 6 10 15
6 10
6 15


751 6 10 15
6 10
6 15


752 6 10 15
6 10
6 15


753 6 10 15
6 10
6 15


754 6 10 15
6 10
6 15


755 6 10 15
6 10
6 15


756 6 10 15
6 10
6 15


757 6 10 15
6 10
6 15


758 6 10 15
6 10
6 15


759 6 10 15
6 10
6 15


760 6 10 15
6 10
6 15


761 6 10 15
6 10
6 15


762 6 10 15
6 10
6 15


763 6 10 15
6 10
6 15


764 6 10 15
6 10
6 15


765 6 10 15
6 10
6 15


766 6 10 15
6 10
6 15


767 6 10 15
6 10
6 15


768 6 10 15
6 10
6 15


769 6 10 15
6 10
6 15


770 6 10 15
6 10
6 15


771 6 10 15
6 10
6 15


772 6 10 15
6 10
6 15


1034 9 0 5
9 0
9 5


1035 9 0 5
9 0
9 5


1036 9 0 5
9 0
9 5


1037 9 0 5
9 0
9 5


1038 9 0 5
9 0
9 5


1039 9 0 5
9 0
9 5


1040 9 0 5
9 0
9 5


1041 9 0 5
9 0
9 5


1042 9 0 5
9 0
9 5


1043 9 0 5
9 0
9 5


1044 9 0 5
9 0
9 5


1045 9 0 5
9 0
9 5


1046 9 0 5
9 0
9 5


1047 9 0 5
9 0
9 5


1048 9 0 5
9 0
9 5


1049 9 0 5
9 0
9 5


1115 12 3 6
12 3
12 6


1116 12 3 6
12 3
12 6


1117 12 3 6
12 3
12 6


1118 12 3 6
12 3
12 6


1119 12 3 6
12 3
12 6


1120 12 3 6
12 3
12 6


1121 12 3 6
12 3
12 6


1122 12 3 6
12 3
12 6


1123 12 3 6
12 3
12 6


1124 12 3 6
12 3
12 6


1125 12 3 6
12 3
12 6


1126 12 3 6
12 3
12 6


1127 12 3 6
12 3
12 6


1128 12 3 6
12 3
12 6


1129 12 3 6
12 3
12 6


1130 12 3 6
12 3
12 6


1972 9 5 3
9 5
9 3


1973 9 5 3
9 5
9 3


1974 9 5 3
9 5
9 3


1975 9 5 3
9 5
9 3


1976 9 5 3
9 5
9 3


1977 9 5 3
9 5
9 3


1978 9 5 3
9 5
9 3


1979 9 5 3
9 5
9 3


1980 9 5 3
9 5
9 3


1981 9 5 3
9 5
9 3


1982 9 5 3
9 5
9 3


1983 9 5 3
9 5
9 3


1984 9 5 3
9 5
9 3


1985 9 5 3
9 5
9 3


1986 9 5 3
9 5
9 3


1987 9 5 3
9 5
9 3


1988 9 5 3
9 5
9 3


1989 9 5 3
9 5
9 3


1990 9 5 3
9 5
9 3


1991 9 5 3
9 5
9 3


1992 9 5 3
9 5
9 3


1993 9 5 3
9 5
9 3


1994 9 5 3
9 5
9 3


1995 9 5 3
9 5
9 3


1996 9 5 3
9 5
9 3


1997 9 5 3
9 5
9 3


1998 9 5 3
9 5
9 3


1999 9 5 3
9 5
9 3


2000 9 5 3
9 5
9 3


2001 9 5 3
9 5
9 3


2002 9 5 3
9 5
9 3


2003 9 5 3
9 5
9 3


2004 9 5 3
9 5
9 3


2005 9 5 3
9 5
9 3


2006 9 5 3
9 5
9 3


2007 9 5 3
9 5
9 3


2008 9 5 3
9 5
9 3


2009 9 5 3
9 5
9 3


2010 9 5 3
9 5
9 3


2011 9 5 3
9 5
9 3


2012 9 5 3
9 5
9 3


2013 9 5 3
9 5
9 3


2014 9 5 3
9 5
9 3


2015 9 5 3
9 5
9 3


2016 9 5 3
9 5
9 3


2017 9 5 3
9 5
9 3


2018 9 5 3
9 5
9 3


2019 9 5 3
9 5
9 3


2020 9 5 3
9 5
9 3


2021 9 5 3
9 5
9 3


2022 9 5 3
9 5
9 3


2023 9 5 3
9 5
9 3


2024 9 5 3
9 5
9 3


2025 9 5 3
9 5
9 3


2026 9 5 3
9 5
9 3


2027 9 5 3
9 5
9 3


2028 9 5 3
9 5
9 3


2029 9 5 3
9 5
9 3


2030 9 5 3
9 5
9 3


2031 9 5 3
9 5
9 3


2032 9 5 3
9 5
9 3


2033 9 5 3
9 5
9 3


2034 9 5 3
9 5
9 3


2035 9 5 3
9 5
9 3


2036 9 5 3
9 5
9 3


2037 9 5 3
9 5
9 3


2038 9 5 3
9 5
9 3


2039 9 5 3
9 5
9 3


2040 9 5 3
9 5
9 3


2041 9 5 3
9 5
9 3


2042 9 5 3
9 5
9 3


2043 9 5 3
9 5
9 3


2044 9 5 3
9 5
9 3


2045 9 5 3
9 5
9 3


2046 9 5 3
9 5
9 3


2047 9 5 3
9 5
9 3


2048 9 5 3
9 5
9 3


2049 9 5 3
9 5
9 3


2050 9 5 3
9 5
9 3


2051 9 5 3
9 5
9 3


2052 9 5 3
9 5
9 3


2053 9 5 3
9 5
9 3


2054 9 5 3
9 5
9 3


2055 9 5 3
9 5
9 3


2056 9 5 3
9 5
9 3


2057 9 5 3
9 5
9 3


2058 9 5 3
9 5
9 3


2059 9 5 3
9 5
9 3


2060 9 5 3
9 5
9 3


2061 9 5 3
9 5
9 3


2062 9 5 3
9 5
9 3


2063 9 5 3
9 5
9 3


2064 9 5 3
9 5
9 3


2065 9 5 3
9 5
9 3


2066 9 5 3
9 5
9 3


2067 9 5 3
9 5
9 3


2068 9 5 3
9 5
9 3


2069 9 5 3
9 5
9 3


2070 9 5 3
9 5
9 3


2071 9 5 3
9 5
9 3


2072 9 5 3
9 5
9 3


2073 9 5 3
9 5
9 3


2074 9 5 3
9 5
9 3


2075 9 5 3
9 5
9 3


2076 9 5 3
9 5
9 3


2077 9 5 3
9 5
9 3


2078 9 5 3
9 5
9 3


2079 9 5 3
9 5
9 3


2080 9 5 3
9 5
9 3


2081 9 5 3
9 5
9 3


2082 9 5 3
9 5
9 3


2083 9 5 3
9 5
9 3


2084 9 5 3
9 5
9 3


2085 9 5 3
9 5
9 3


2086 9 5 3
9 5
9 3


2087 9 5 3
9 5
9 3


2088 9 5 3
9 5
9 3


2089 9 5 3
9 5
9 3


2090 9 5 3
9 5
9 3


2091 9 5 3
9 5
9 3


2092 9 5 3
9 5
9 3


2093 9 5 3
9 5
9 3


2094 9 5 3
9 5
9 3


2095 9 5 3
9 5
9 3


2096 9 5 3
9 5
9 3


2097 9 5 3
9 5
9 3


2098 9 5 3
9 5
9 3


2099 9 5 3
9 5
9 3


3400 3 10 15
3 10
3 15


3401 3 10 15
3 10
3 15


3402 3 10 15
3 10
3 15


3403 3 10 15
3 10
3 15


3404 3 10 15
3 10
3 15


3405 3 10 15
3 10
3 15


3406 3 10 15
3 10
3 15


3407 3 10 15
3 10
3 15


3408 3 10 15
3 10
3 15


3409 3 10 15
3 10
3 15


3410 3 10 15
3 10
3 15


3411 3 10 15
3 10
3 15


3412 3 10 15
3 10
3 15


3413 3 10 15
3 10
3 15


3414 3 10 15
3 10
3 15


3415 3 10 15
3 10
3 15


3416 3 10 15
3 10
3 15


3417 3 10 15
3 10
3 15


3418 3 10 15
3 10
3 15


3419 3 10 15
3 10
3 15


3420 3 10 15
3 10
3 15


3421 3 10 15
3 10
3 15


3422 3 10 15
3 10
3 15


3423 3 10 15
3 10
3 15


3424 3 10 15
3 10
3 15


3425 3 10 15
3 10
3 15


3426 3 10 15
3 10
3 15


3427 3 10 15
3 10
3 15


3428 3 10 15
3 10
3 15


3429 3 10 15
3 10
3 15


3430 3 10 15
3 10
3 15


3431 3 10 15
3 10
3 15


3432 3 10 15
3 10
3 15


3433 3 10 15
3 10
3 15


3434 3 10 15
3 10
3 15


3435 3 10 15
3 10
3 15


3436 3 10 15
3 10
3 15


3437 3 10 15
3 10
3 15


3438 3 10 15
3 10
3 15


3439 3 10 15
3 10
3 15


3440 3 10 15
3 10
3 15


3441 3 10 15
3 10
3 15


3442 3 10 15
3 10
3 15


3443 3 10 15
3 10
3 15


3444 3 10 15
3 10
3 15


3445 3 10 15
3 10
3 15


3446 3 10 15
3 10
3 15


3447 3 10 15
3 10
3 15


3448 3 10 15
3 10
3 15


3449 3 10 15
3 10
3 15


3450 3 10 15
3 10
3 15


3451 3 10 15
3 10
3 15


3452 3 10 15
3 10
3 15


3453 3 10 15
3 10
3 15


3454 3 10 15
3 10
3 15


3455 3 10 15
3 10
3 15


3456 3 10 15
3 10
3 15


3457 3 10 15
3 10
3 15


3458 3 10 15
3 10
3 15


3459 3 10 15
3 10
3 15


3460 3 10 15
3 10
3 15


3461 3 10 15
3 10
3 15


3462 3 10 15
3 10
3 15


3463 3 10 15
3 10
3 15


3464 3 10 15
3 10
3 15


3465 3 10 15
3 10
3 15


3466 3 10 15
3 10
3 15


3467 3 10 15
3 10
3 15


3468 3 10 15
3 10
3 15


3469 3 10 15
3 10
3 15


3470 3 10 15
3 10
3 15


3471 3 10 15
3 10
3 15


3472 3 10 15
3 10
3 15


3473 3 10 15
3 10
3 15


3474 3 10 15
3 10
3 15


3475 3 10 15
3 10
3 15


3476 3 10 15
3 10
3 15


3477 3 10 15
3 10
3 15


3478 3 10 15
3 10
3 15


3479 3 10 15
3 10
3 15


3480 3 10 15
3 10
3 15


3481 3 10 15
3 10
3 15


3482 3 10 15
3 10
3 15


3483 3 10 15
3 10
3 15


3484 3 10 15
3 10
3 15


3485 3 10 15
3 10
3 15


3486 3 10 15
3 10
3 15


3487 3 10 15
3 10
3 15


3488 3 10 15
3 10
3 15


3489 3 10 15
3 10
3 15


3490 3 10 15
3 10
3 15


3491 3 10 15
3 10
3 15


3492 3 10 15
3 10
3 15


3493 3 10 15
3 10
3 15


3494 3 10 15
3 10
3 15


3495 3 10 15
3 10
3 15


3496 3 10 15
3 10
3 15


3497 3 10 15
3 10
3 15


3498 3 10 15
3 10
3 15


3499 3 10 15
3 10
3 15


3500 3 10 15
3 10
3 15


3501 3 10 15
3 10
3 15


3502 3 10 15
3 10
3 15


3503 3 10 15
3 10
3 15


3504 3 10 15
3 10
3 15


3505 3 10 15
3 10
3 15


3506 3 10 15
3 10
3 15


3507 3 10 15
3 10
3 15


3508 3 10 15
3 10
3 15


3509 3 10 15
3 10
3 15


3510 3 10 15
3 10
3 15


3511 3 10 15
3 10
3 15


3512 3 10 15
3 10
3 15


3513 3 10 15
3 10
3 15


3514 3 10 15
3 10
3 15


3515 3 10 15
3 10
3 15


3516 3 10 15
3 10
3 15


3517 3 10 15
3 10
3 15


3518 3 10 15
3 10
3 15


3519 3 10 15
3 10
3 15


3520 3 10 15
3 10
3 15


3521 3 10 15
3 10
3 15


3522 3 10 15
3 10
3 15


3523 3 10 15
3 10
3 15


3524 3 10 15
3 10
3 15


3525 3 10 15
3 10
3 15


3526 3 10 15
3 10
3 15


3527 3 10 15
3 10
3 15


4828 15 0 5
15 0
15 5


4829 15 0 5
15 0
15 5


4830 15 0 5
15 0
15 5


4831 15 0 5
15 0
15 5


4832 15 0 5
15 0
15 5


4833 15 0 5
15 0
15 5


4834 15 0 5
15 0
15 5


4835 15 0 5
15 0
15 5


4836 15 0 5
15 0
15 5


4837 15 0 5
15 0
15 5


4838 15 0 5
15 0
15 5


4839 15 0 5
15 0
15 5


4840 15 0 5
15 0
15 5


4841 15 0 5
15 0
15 5


4842 15 0 5
15 0
15 5


4843 15 0 5
15 0
15 5


4844 15 0 5
15 0
15 5


4845 15 0 5
15 0
15 5


4846 15 0 5
15 0
15 5


4847 15 0 5
15 0
15 5


4848 15 0 5
15 0
15 5


4849 15 0 5
15 0
15 5


4850 15 0 5
15 0
15 5


4851 15 0 5
15 0
15 5


4852 15 0 5
15 0
15 5


4853 15 0 5
15 0
15 5


4854 15 0 5
15 0
15 5


4855 15 0 5
15 0
15 5


4856 15 0 5
15 0
15 5


4857 15 0 5
15 0
15 5


4858 15 0 5
15 0
15 5


4859 15 0 5
15 0
15 5


4860 15 0 5
15 0
15 5


4861 15 0 5
15 0
15 5


4862 15 0 5
15 0
15 5


4863 15 0 5
15 0
15 5


4864 15 0 5
15 0
15 5


4865 15 0 5
15 0
15 5


4866 15 0 5
15 0
15 5


4867 15 0 5
15 0
15 5


4868 15 0 5
15 0
15 5


4869 15 0 5
15 0
15 5


4870 15 0 5
15 0
15 5


4871 15 0 5
15 0
15 5


4872 15 0 5
15 0
15 5


4873 15 0 5
15 0
15 5


4874 15 0 5
15 0
15 5


4875 15 0 5
15 0
15 5


4876 15 0 5
15 0
15 5


4877 15 0 5
15 0
15 5


4878 15 0 5
15 0
15 5


4879 15 0 5
15 0
15 5


4880 15 0 5
15 0
15 5


4881 15 0 5
15 0
15 5


4882 15 0 5
15 0
15 5


4883 15 0 5
15 0
15 5


4884 15 0 5
15 0
15 5


4885 15 0 5
15 0
15 5


4886 15 0 5
15 0
15 5


4887 15 0 5
15 0
15 5


4888 15 0 5
15 0
15 5


4889 15 0 5
15 0
15 5


4890 15 0 5
15 0
15 5


4891 15 0 5
15 0
15 5


4892 15 0 5
15 0
15 5


4893 15 0 5
15 0
15 5


4894 15 0 5
15 0
15 5


4895 15 0 5
15 0
15 5


4896 15 0 5
15 0
15 5


4897 15 0 5
15 0
15 5


4898 15 0 5
15 0
15 5


4899 15 0 5
15 0
15 5


4900 15 0 5
15 0
15 5


4901 15 0 5
15 0
15 5


4902 15 0 5
15 0
15 5


4903 15 0 5
15 0
15 5


4904 15 0 5
15 0
15 5


4905 15 0 5
15 0
15 5


4906 15 0 5
15 0
15 5


4907 15 0 5
15 0
15 5


4908 15 0 5
15 0
15 5


4909 15 0 5
15 0
15 5


4910 15 0 5
15 0
15 5


4911 15 0 5
15 0
15 5


4912 15 0 5
15 0
15 5


4913 15 0 5
15 0
15 5


4914 15 0 5
15 0
15 5


4915 15 0 5
15 0
15 5


4916 15 0 5
15 0
15 5


4917 15 0 5
15 0
15 5


4918 15 0 5
15 0
15 5


4919 15 0 5
15 0
15 5


4920 15 0 5
15 0
15 5


4921 15 0 5
15 0
15 5


4922 15 0 5
15 0
15 5


4923 15 0 5
15 0
15 5


4924 15 0 5
15 0
15 5


4925 15 0 5
15 0
15 5


4926 15 0 5
15 0
15 5


4927 15 0 5
15 0
15 5


4928 15 0 5
15 0
15 5


4929 15 0 5
15 0
15 5


4930 15 0 5
15 0
15 5


4931 15 0 5
15 0
15 5


4932 15 0 5
15 0
15 5


4933 15 0 5
15 0
15 5


4934 15 0 5
15 0
15 5


4935 15 0 5
15 0
15 5


4936 15 0 5
15 0
15 5


4937 15 0 5
15 0
15 5


4938 15 0 5
15 0
15 5


4939 15 0 5
15 0
15 5


4940 15 0 5
15 0
15 5


4941 15 0 5
15 0
15 5


4942 15 0 5
15 0
15 5


4943 15 0 5
15 0
15 5


4944 15 0 5
15 0
15 5


4945 15 0 5
15 0
15 5


4946 15 0 5
15 0
15 5


4947 15 0 5
15 0
15 5


4948 15 0 5
15 0
15 5


4949 15 0 5
15 0
15 5


4950 15 0 5
15 0
15 5


4951 15 0 5
15 0
15 5


4952 15 0 5
15 0
15 5


4953 15 0 5
15 0
15 5


4954 15 0 5
15 0
15 5


4955 15 0 5
15 0
15 5


6256 5 9 12
5 9
5 12


6257 5 9 12
5 9
5 12


6258 5 9 12
5 9
5 12


6259 5 9 12
5 9
5 12


6260 5 9 12
5 9
5 12


6261 5 9 12
5 9
5 12


6262 5 9 12
5 9
5 12


6263 5 9 12
5 9
5 12


6264 5 9 12
5 9
5 12


6265 5 9 12
5 9
5 12


6266 5 9 12
5 9
5 12


6267 5 9 12
5 9
5 12


6268 5 9 12
5 9
5 12


6269 5 9 12
5 9
5 12


6270 5 9 12
5 9
5 12


6271 5 9 12
5 9
5 12


6272 5 9 12
5 9
5 12


6273 5 9 12
5 9
5 12


6274 5 9 12
5 9
5 12


6275 5 9 12
5 9
5 12


6276 5 9 12
5 9
5 12


6277 5 9 12
5 9
5 12


6278 5 9 12
5 9
5 12


6279 5 9 12
5 9
5 12


6280 5 9 12
5 9
5 12


6281 5 9 12
5 9
5 12


6282 5 9 12
5 9
5 12


6283 5 9 12
5 9
5 12


6284 5 9 12
5 9
5 12


6285 5 9 12
5 9
5 12


6286 5 9 12
5 9
5 12


6287 5 9 12
5 9
5 12


6288 5 9 12
5 9
5 12


6289 5 9 12
5 9
5 12


6290 5 9 12
5 9
5 12


6291 5 9 12
5 9
5 12


6292 5 9 12
5 9
5 12


6293 5 9 12
5 9
5 12


6294 5 9 12
5 9
5 12


6295 5 9 12
5 9
5 12


6296 5 9 12
5 9
5 12


6297 5 9 12
5 9
5 12


6298 5 9 12
5 9
5 12


6299 5 9 12
5 9
5 12


6300 5 9 12
5 9
5 12


6301 5 9 12
5 9
5 12


6302 5 9 12
5 9
5 12


6303 5 9 12
5 9
5 12


6304 5 9 12
5 9
5 12


6305 5 9 12
5 9
5 12


6306 5 9 12
5 9
5 12


6307 5 9 12
5 9
5 12


6308 5 9 12
5 9
5 12


6309 5 9 12
5 9
5 12


6310 5 9 12
5 9
5 12


6311 5 9 12
5 9
5 12


6312 5 9 12
5 9
5 12


6313 5 9 12
5 9
5 12


6314 5 9 12
5 9
5 12


6315 5 9 12
5 9
5 12


6316 5 9 12
5 9
5 12


6317 5 9 12
5 9
5 12


6318 5 9 12
5 9
5 12


6319 5 9 12
5 9
5 12


6320 5 9 12
5 9
5 12


6321 5 9 12
5 9
5 12


6322 5 9 12
5 9
5 12


6323 5 9 12
5 9
5 12


6324 5 9 12
5 9
5 12


6325 5 9 12
5 9
5 12


6326 5 9 12
5 9
5 12


6327 5 9 12
5 9
5 12


6328 5 9 12
5 9
5 12


6329 5 9 12
5 9
5 12


6330 5 9 12
5 9
5 12


6331 5 9 12
5 9
5 12


6332 5 9 12
5 9
5 12


6333 5 9 12
5 9
5 12


6334 5 9 12
5 9
5 12


6335 5 9 12
5 9
5 12


6336 5 9 12
5 9
5 12


6337 5 9 12
5 9
5 12


6338 5 9 12
5 9
5 12


6339 5 9 12
5 9
5 12


6340 5 9 12
5 9
5 12


6341 5 9 12
5 9
5 12


6342 5 9 12
5 9
5 12


6343 5 9 12
5 9
5 12


6344 5 9 12
5 9
5 12


6345 5 9 12
5 9
5 12


6346 5 9 12
5 9
5 12


6347 5 9 12
5 9
5 12


6348 5 9 12
5 9
5 12


6349 5 9 12
5 9
5 12


6350 5 9 12
5 9
5 12


6351 5 9 12
5 9
5 12


6352 5 9 12
5 9
5 12


6353 5 9 12
5 9
5 12


6354 5 9 12
5 9
5 12


6355 5 9 12
5 9
5 12


6356 5 9 12
5 9
5 12


6357 5 9 12
5 9
5 12


6358 5 9 12
5 9
5 12


6359 5 9 12
5 9
5 12


6360 5 9 12
5 9
5 12


6361 5 9 12
5 9
5 12


6362 5 9 12
5 9
5 12


6363 5 9 12
5 9
5 12


6364 5 9 12
5 9
5 12


6365 5 9 12
5 9
5 12


6366 5 9 12
5 9
5 12


6367 5 9 12
5 9
5 12


6368 5 9 12
5 9
5 12


6369 5 9 12
5 9
5 12


6370 5 9 12
5 9
5 12


6371 5 9 12
5 9
5 12


6372 5 9 12
5 9
5 12


6373 5 9 12
5 9
5 12


6374 5 9 12
5 9
5 12


6375 5 9 12
5 9
5 12


6376 5 9 12
5 9
5 12


6377 5 9 12
5 9
5 12


6378 5 9 12
5 9
5 12


6379 5 9 12
5 9
5 12


6380 5 9 12
5 9
5 12


6381 5 9 12
5 9
5 12


6382 5 9 12
5 9
5 12


6383 5 9 12
5 9
5 12


