0 4 1 9
4 1
4 9


1 4 1 9
4 1
4 9


2 4 1 9
4 1
4 9


3 4 1 9
4 1
4 9


4 4 1 9
4 1
4 9


5 4 1 9
4 1
4 9


6 4 1 9
4 1
4 9


7 4 1 9
4 1
4 9


8 4 1 9
4 1
4 9


9 4 1 9
4 1
4 9


10 4 1 9
4 1
4 9


11 4 1 9
4 1
4 9


12 4 1 9
4 1
4 9


13 4 1 9
4 1
4 9


14 4 1 9
4 1
4 9


15 4 1 9
4 1
4 9


81 0 47 46
0 47
0 46


82 0 47 46
0 47
0 46


83 0 47 46
0 47
0 46


84 0 47 46
0 47
0 46


85 0 47 46
0 47
0 46


86 0 47 46
0 47
0 46


87 0 47 46
0 47
0 46


88 0 47 46
0 47
0 46


89 0 47 46
0 47
0 46


90 0 47 46
0 47
0 46


91 0 47 46
0 47
0 46


92 0 47 46
0 47
0 46


93 0 47 46
0 47
0 46


94 0 47 46
0 47
0 46


95 0 47 46
0 47
0 46


96 0 47 46
0 47
0 46


162 54 19 11
54 19
54 11


163 54 19 11
54 19
54 11


164 54 19 11
54 19
54 11


165 54 19 11
54 19
54 11


166 54 19 11
54 19
54 11


167 54 19 11
54 19
54 11


168 54 19 11
54 19
54 11


169 54 19 11
54 19
54 11


170 54 19 11
54 19
54 11


171 54 19 11
54 19
54 11


172 54 19 11
54 19
54 11


173 54 19 11
54 19
54 11


174 54 19 11
54 19
54 11


175 54 19 11
54 19
54 11


176 54 19 11
54 19
54 11


177 54 19 11
54 19
54 11


243 10 30 29
10 30
10 29


244 10 30 29
10 30
10 29


245 10 30 29
10 30
10 29


246 10 30 29
10 30
10 29


247 10 30 29
10 30
10 29


248 10 30 29
10 30
10 29


249 10 30 29
10 30
10 29


250 10 30 29
10 30
10 29


251 10 30 29
10 30
10 29


252 10 30 29
10 30
10 29


253 10 30 29
10 30
10 29


254 10 30 29
10 30
10 29


255 10 30 29
10 30
10 29


256 10 30 29
10 30
10 29


257 10 30 29
10 30
10 29


258 10 30 29
10 30
10 29


324 23 21 20
23 21
23 20


325 23 21 20
23 21
23 20


326 23 21 20
23 21
23 20


327 23 21 20
23 21
23 20


328 23 21 20
23 21
23 20


329 23 21 20
23 21
23 20


330 23 21 20
23 21
23 20


331 23 21 20
23 21
23 20


332 23 21 20
23 21
23 20


333 23 21 20
23 21
23 20


334 23 21 20
23 21
23 20


335 23 21 20
23 21
23 20


336 23 21 20
23 21
23 20


337 23 21 20
23 21
23 20


338 23 21 20
23 21
23 20


339 23 21 20
23 21
23 20


340 23 21 20
23 21
23 20


341 23 21 20
23 21
23 20


342 23 21 20
23 21
23 20


343 23 21 20
23 21
23 20


344 23 21 20
23 21
23 20


345 23 21 20
23 21
23 20


346 23 21 20
23 21
23 20


347 23 21 20
23 21
23 20


348 23 21 20
23 21
23 20


349 23 21 20
23 21
23 20


350 23 21 20
23 21
23 20


351 23 21 20
23 21
23 20


352 23 21 20
23 21
23 20


353 23 21 20
23 21
23 20


354 23 21 20
23 21
23 20


355 23 21 20
23 21
23 20


356 23 21 20
23 21
23 20


357 23 21 20
23 21
23 20


358 23 21 20
23 21
23 20


359 23 21 20
23 21
23 20


360 23 21 20
23 21
23 20


361 23 21 20
23 21
23 20


362 23 21 20
23 21
23 20


363 23 21 20
23 21
23 20


364 23 21 20
23 21
23 20


365 23 21 20
23 21
23 20


366 23 21 20
23 21
23 20


367 23 21 20
23 21
23 20


368 23 21 20
23 21
23 20


369 23 21 20
23 21
23 20


370 23 21 20
23 21
23 20


371 23 21 20
23 21
23 20


372 23 21 20
23 21
23 20


373 23 21 20
23 21
23 20


374 23 21 20
23 21
23 20


375 23 21 20
23 21
23 20


376 23 21 20
23 21
23 20


377 23 21 20
23 21
23 20


378 23 21 20
23 21
23 20


379 23 21 20
23 21
23 20


380 23 21 20
23 21
23 20


381 23 21 20
23 21
23 20


382 23 21 20
23 21
23 20


383 23 21 20
23 21
23 20


384 23 21 20
23 21
23 20


385 23 21 20
23 21
23 20


386 23 21 20
23 21
23 20


387 23 21 20
23 21
23 20


645 28 36 44
28 36
28 44


646 28 36 44
28 36
28 44


647 28 36 44
28 36
28 44


648 28 36 44
28 36
28 44


649 28 36 44
28 36
28 44


650 28 36 44
28 36
28 44


651 28 36 44
28 36
28 44


652 28 36 44
28 36
28 44


653 28 36 44
28 36
28 44


654 28 36 44
28 36
28 44


655 28 36 44
28 36
28 44


656 28 36 44
28 36
28 44


657 28 36 44
28 36
28 44


658 28 36 44
28 36
28 44


659 28 36 44
28 36
28 44


660 28 36 44
28 36
28 44


661 28 36 44
28 36
28 44


662 28 36 44
28 36
28 44


663 28 36 44
28 36
28 44


664 28 36 44
28 36
28 44


665 28 36 44
28 36
28 44


666 28 36 44
28 36
28 44


667 28 36 44
28 36
28 44


668 28 36 44
28 36
28 44


669 28 36 44
28 36
28 44


670 28 36 44
28 36
28 44


671 28 36 44
28 36
28 44


672 28 36 44
28 36
28 44


673 28 36 44
28 36
28 44


674 28 36 44
28 36
28 44


675 28 36 44
28 36
28 44


676 28 36 44
28 36
28 44


677 28 36 44
28 36
28 44


678 28 36 44
28 36
28 44


679 28 36 44
28 36
28 44


680 28 36 44
28 36
28 44


681 28 36 44
28 36
28 44


682 28 36 44
28 36
28 44


683 28 36 44
28 36
28 44


684 28 36 44
28 36
28 44


685 28 36 44
28 36
28 44


686 28 36 44
28 36
28 44


687 28 36 44
28 36
28 44


688 28 36 44
28 36
28 44


689 28 36 44
28 36
28 44


690 28 36 44
28 36
28 44


691 28 36 44
28 36
28 44


692 28 36 44
28 36
28 44


693 28 36 44
28 36
28 44


694 28 36 44
28 36
28 44


695 28 36 44
28 36
28 44


696 28 36 44
28 36
28 44


697 28 36 44
28 36
28 44


698 28 36 44
28 36
28 44


699 28 36 44
28 36
28 44


700 28 36 44
28 36
28 44


701 28 36 44
28 36
28 44


702 28 36 44
28 36
28 44


703 28 36 44
28 36
28 44


704 28 36 44
28 36
28 44


705 28 36 44
28 36
28 44


706 28 36 44
28 36
28 44


707 28 36 44
28 36
28 44


708 28 36 44
28 36
28 44


709 28 36 44
28 36
28 44


710 28 36 44
28 36
28 44


711 28 36 44
28 36
28 44


712 28 36 44
28 36
28 44


713 28 36 44
28 36
28 44


714 28 36 44
28 36
28 44


715 28 36 44
28 36
28 44


716 28 36 44
28 36
28 44


717 28 36 44
28 36
28 44


718 28 36 44
28 36
28 44


719 28 36 44
28 36
28 44


720 28 36 44
28 36
28 44


721 28 36 44
28 36
28 44


722 28 36 44
28 36
28 44


723 28 36 44
28 36
28 44


724 28 36 44
28 36
28 44


725 28 36 44
28 36
28 44


726 28 36 44
28 36
28 44


727 28 36 44
28 36
28 44


728 28 36 44
28 36
28 44


729 28 36 44
28 36
28 44


730 28 36 44
28 36
28 44


731 28 36 44
28 36
28 44


732 28 36 44
28 36
28 44


733 28 36 44
28 36
28 44


734 28 36 44
28 36
28 44


735 28 36 44
28 36
28 44


736 28 36 44
28 36
28 44


737 28 36 44
28 36
28 44


738 28 36 44
28 36
28 44


739 28 36 44
28 36
28 44


740 28 36 44
28 36
28 44


741 28 36 44
28 36
28 44


742 28 36 44
28 36
28 44


743 28 36 44
28 36
28 44


744 28 36 44
28 36
28 44


745 28 36 44
28 36
28 44


746 28 36 44
28 36
28 44


747 28 36 44
28 36
28 44


748 28 36 44
28 36
28 44


749 28 36 44
28 36
28 44


750 28 36 44
28 36
28 44


751 28 36 44
28 36
28 44


752 28 36 44
28 36
28 44


753 28 36 44
28 36
28 44


754 28 36 44
28 36
28 44


755 28 36 44
28 36
28 44


756 28 36 44
28 36
28 44


757 28 36 44
28 36
28 44


758 28 36 44
28 36
28 44


759 28 36 44
28 36
28 44


760 28 36 44
28 36
28 44


761 28 36 44
28 36
28 44


762 28 36 44
28 36
28 44


763 28 36 44
28 36
28 44


764 28 36 44
28 36
28 44


765 28 36 44
28 36
28 44


766 28 36 44
28 36
28 44


767 28 36 44
28 36
28 44


768 28 36 44
28 36
28 44


769 28 36 44
28 36
28 44


770 28 36 44
28 36
28 44


771 28 36 44
28 36
28 44


772 28 36 44
28 36
28 44


1034 45 37 38
45 37
45 38


1035 45 37 38
45 37
45 38


1036 45 37 38
45 37
45 38


1037 45 37 38
45 37
45 38


1038 45 37 38
45 37
45 38


1039 45 37 38
45 37
45 38


1040 45 37 38
45 37
45 38


1041 45 37 38
45 37
45 38


1042 45 37 38
45 37
45 38


1043 45 37 38
45 37
45 38


1044 45 37 38
45 37
45 38


1045 45 37 38
45 37
45 38


1046 45 37 38
45 37
45 38


1047 45 37 38
45 37
45 38


1048 45 37 38
45 37
45 38


1049 45 37 38
45 37
45 38


1115 47 46 54
47 46
47 54


1116 47 46 54
47 46
47 54


1117 47 46 54
47 46
47 54


1118 47 46 54
47 46
47 54


1119 47 46 54
47 46
47 54


1120 47 46 54
47 46
47 54


1121 47 46 54
47 46
47 54


1122 47 46 54
47 46
47 54


1123 47 46 54
47 46
47 54


1124 47 46 54
47 46
47 54


1125 47 46 54
47 46
47 54


1126 47 46 54
47 46
47 54


1127 47 46 54
47 46
47 54


1128 47 46 54
47 46
47 54


1129 47 46 54
47 46
47 54


1130 47 46 54
47 46
47 54


1973 26 27 19
26 27
26 19


1974 26 27 19
26 27
26 19


1975 26 27 19
26 27
26 19


1976 26 27 19
26 27
26 19


1977 26 27 19
26 27
26 19


1978 26 27 19
26 27
26 19


1979 26 27 19
26 27
26 19


1980 26 27 19
26 27
26 19


1981 26 27 19
26 27
26 19


1982 26 27 19
26 27
26 19


1983 26 27 19
26 27
26 19


1984 26 27 19
26 27
26 19


1985 26 27 19
26 27
26 19


1986 26 27 19
26 27
26 19


1987 26 27 19
26 27
26 19


1988 26 27 19
26 27
26 19


1989 26 27 19
26 27
26 19


1990 26 27 19
26 27
26 19


1991 26 27 19
26 27
26 19


1992 26 27 19
26 27
26 19


1993 26 27 19
26 27
26 19


1994 26 27 19
26 27
26 19


1995 26 27 19
26 27
26 19


1996 26 27 19
26 27
26 19


1997 26 27 19
26 27
26 19


1998 26 27 19
26 27
26 19


1999 26 27 19
26 27
26 19


2000 26 27 19
26 27
26 19


2001 26 27 19
26 27
26 19


2002 26 27 19
26 27
26 19


2003 26 27 19
26 27
26 19


2004 26 27 19
26 27
26 19


2005 26 27 19
26 27
26 19


2006 26 27 19
26 27
26 19


2007 26 27 19
26 27
26 19


2008 26 27 19
26 27
26 19


2009 26 27 19
26 27
26 19


2010 26 27 19
26 27
26 19


2011 26 27 19
26 27
26 19


2012 26 27 19
26 27
26 19


2013 26 27 19
26 27
26 19


2014 26 27 19
26 27
26 19


2015 26 27 19
26 27
26 19


2016 26 27 19
26 27
26 19


2017 26 27 19
26 27
26 19


2018 26 27 19
26 27
26 19


2019 26 27 19
26 27
26 19


2020 26 27 19
26 27
26 19


2021 26 27 19
26 27
26 19


2022 26 27 19
26 27
26 19


2023 26 27 19
26 27
26 19


2024 26 27 19
26 27
26 19


2025 26 27 19
26 27
26 19


2026 26 27 19
26 27
26 19


2027 26 27 19
26 27
26 19


2028 26 27 19
26 27
26 19


2029 26 27 19
26 27
26 19


2030 26 27 19
26 27
26 19


2031 26 27 19
26 27
26 19


2032 26 27 19
26 27
26 19


2033 26 27 19
26 27
26 19


2034 26 27 19
26 27
26 19


2035 26 27 19
26 27
26 19


2036 26 27 19
26 27
26 19


2037 26 27 19
26 27
26 19


2038 26 27 19
26 27
26 19


2039 26 27 19
26 27
26 19


2040 26 27 19
26 27
26 19


2041 26 27 19
26 27
26 19


2042 26 27 19
26 27
26 19


2043 26 27 19
26 27
26 19


2044 26 27 19
26 27
26 19


2045 26 27 19
26 27
26 19


2046 26 27 19
26 27
26 19


2047 26 27 19
26 27
26 19


2048 26 27 19
26 27
26 19


2049 26 27 19
26 27
26 19


2050 26 27 19
26 27
26 19


2051 26 27 19
26 27
26 19


2052 26 27 19
26 27
26 19


2053 26 27 19
26 27
26 19


2054 26 27 19
26 27
26 19


2055 26 27 19
26 27
26 19


2056 26 27 19
26 27
26 19


2057 26 27 19
26 27
26 19


2058 26 27 19
26 27
26 19


2059 26 27 19
26 27
26 19


2060 26 27 19
26 27
26 19


2061 26 27 19
26 27
26 19


2062 26 27 19
26 27
26 19


2063 26 27 19
26 27
26 19


2064 26 27 19
26 27
26 19


2065 26 27 19
26 27
26 19


2066 26 27 19
26 27
26 19


2067 26 27 19
26 27
26 19


2068 26 27 19
26 27
26 19


2069 26 27 19
26 27
26 19


2070 26 27 19
26 27
26 19


2071 26 27 19
26 27
26 19


2072 26 27 19
26 27
26 19


2073 26 27 19
26 27
26 19


2074 26 27 19
26 27
26 19


2075 26 27 19
26 27
26 19


2076 26 27 19
26 27
26 19


2077 26 27 19
26 27
26 19


2078 26 27 19
26 27
26 19


2079 26 27 19
26 27
26 19


2080 26 27 19
26 27
26 19


2081 26 27 19
26 27
26 19


2082 26 27 19
26 27
26 19


2083 26 27 19
26 27
26 19


2084 26 27 19
26 27
26 19


2085 26 27 19
26 27
26 19


2086 26 27 19
26 27
26 19


2087 26 27 19
26 27
26 19


2088 26 27 19
26 27
26 19


2089 26 27 19
26 27
26 19


2090 26 27 19
26 27
26 19


2091 26 27 19
26 27
26 19


2092 26 27 19
26 27
26 19


2093 26 27 19
26 27
26 19


2094 26 27 19
26 27
26 19


2095 26 27 19
26 27
26 19


2096 26 27 19
26 27
26 19


2097 26 27 19
26 27
26 19


2098 26 27 19
26 27
26 19


2099 26 27 19
26 27
26 19


2100 26 27 19
26 27
26 19


3401 20 28 36
20 28
20 36


3402 20 28 36
20 28
20 36


3403 20 28 36
20 28
20 36


3404 20 28 36
20 28
20 36


3405 20 28 36
20 28
20 36


3406 20 28 36
20 28
20 36


3407 20 28 36
20 28
20 36


3408 20 28 36
20 28
20 36


3409 20 28 36
20 28
20 36


3410 20 28 36
20 28
20 36


3411 20 28 36
20 28
20 36


3412 20 28 36
20 28
20 36


3413 20 28 36
20 28
20 36


3414 20 28 36
20 28
20 36


3415 20 28 36
20 28
20 36


3416 20 28 36
20 28
20 36


3417 20 28 36
20 28
20 36


3418 20 28 36
20 28
20 36


3419 20 28 36
20 28
20 36


3420 20 28 36
20 28
20 36


3421 20 28 36
20 28
20 36


3422 20 28 36
20 28
20 36


3423 20 28 36
20 28
20 36


3424 20 28 36
20 28
20 36


3425 20 28 36
20 28
20 36


3426 20 28 36
20 28
20 36


3427 20 28 36
20 28
20 36


3428 20 28 36
20 28
20 36


3429 20 28 36
20 28
20 36


3430 20 28 36
20 28
20 36


3431 20 28 36
20 28
20 36


3432 20 28 36
20 28
20 36


3433 20 28 36
20 28
20 36


3434 20 28 36
20 28
20 36


3435 20 28 36
20 28
20 36


3436 20 28 36
20 28
20 36


3437 20 28 36
20 28
20 36


3438 20 28 36
20 28
20 36


3439 20 28 36
20 28
20 36


3440 20 28 36
20 28
20 36


3441 20 28 36
20 28
20 36


3442 20 28 36
20 28
20 36


3443 20 28 36
20 28
20 36


3444 20 28 36
20 28
20 36


3445 20 28 36
20 28
20 36


3446 20 28 36
20 28
20 36


3447 20 28 36
20 28
20 36


3448 20 28 36
20 28
20 36


3449 20 28 36
20 28
20 36


3450 20 28 36
20 28
20 36


3451 20 28 36
20 28
20 36


3452 20 28 36
20 28
20 36


3453 20 28 36
20 28
20 36


3454 20 28 36
20 28
20 36


3455 20 28 36
20 28
20 36


3456 20 28 36
20 28
20 36


3457 20 28 36
20 28
20 36


3458 20 28 36
20 28
20 36


3459 20 28 36
20 28
20 36


3460 20 28 36
20 28
20 36


3461 20 28 36
20 28
20 36


3462 20 28 36
20 28
20 36


3463 20 28 36
20 28
20 36


3464 20 28 36
20 28
20 36


3465 20 28 36
20 28
20 36


3466 20 28 36
20 28
20 36


3467 20 28 36
20 28
20 36


3468 20 28 36
20 28
20 36


3469 20 28 36
20 28
20 36


3470 20 28 36
20 28
20 36


3471 20 28 36
20 28
20 36


3472 20 28 36
20 28
20 36


3473 20 28 36
20 28
20 36


3474 20 28 36
20 28
20 36


3475 20 28 36
20 28
20 36


3476 20 28 36
20 28
20 36


3477 20 28 36
20 28
20 36


3478 20 28 36
20 28
20 36


3479 20 28 36
20 28
20 36


3480 20 28 36
20 28
20 36


3481 20 28 36
20 28
20 36


3482 20 28 36
20 28
20 36


3483 20 28 36
20 28
20 36


3484 20 28 36
20 28
20 36


3485 20 28 36
20 28
20 36


3486 20 28 36
20 28
20 36


3487 20 28 36
20 28
20 36


3488 20 28 36
20 28
20 36


3489 20 28 36
20 28
20 36


3490 20 28 36
20 28
20 36


3491 20 28 36
20 28
20 36


3492 20 28 36
20 28
20 36


3493 20 28 36
20 28
20 36


3494 20 28 36
20 28
20 36


3495 20 28 36
20 28
20 36


3496 20 28 36
20 28
20 36


3497 20 28 36
20 28
20 36


3498 20 28 36
20 28
20 36


3499 20 28 36
20 28
20 36


3500 20 28 36
20 28
20 36


3501 20 28 36
20 28
20 36


3502 20 28 36
20 28
20 36


3503 20 28 36
20 28
20 36


3504 20 28 36
20 28
20 36


3505 20 28 36
20 28
20 36


3506 20 28 36
20 28
20 36


3507 20 28 36
20 28
20 36


3508 20 28 36
20 28
20 36


3509 20 28 36
20 28
20 36


3510 20 28 36
20 28
20 36


3511 20 28 36
20 28
20 36


3512 20 28 36
20 28
20 36


3513 20 28 36
20 28
20 36


3514 20 28 36
20 28
20 36


3515 20 28 36
20 28
20 36


3516 20 28 36
20 28
20 36


3517 20 28 36
20 28
20 36


3518 20 28 36
20 28
20 36


3519 20 28 36
20 28
20 36


3520 20 28 36
20 28
20 36


3521 20 28 36
20 28
20 36


3522 20 28 36
20 28
20 36


3523 20 28 36
20 28
20 36


3524 20 28 36
20 28
20 36


3525 20 28 36
20 28
20 36


3526 20 28 36
20 28
20 36


3527 20 28 36
20 28
20 36


3528 20 28 36
20 28
20 36


4829 34 42 41
34 42
34 41


4830 34 42 41
34 42
34 41


4831 34 42 41
34 42
34 41


4832 34 42 41
34 42
34 41


4833 34 42 41
34 42
34 41


4834 34 42 41
34 42
34 41


4835 34 42 41
34 42
34 41


4836 34 42 41
34 42
34 41


4837 34 42 41
34 42
34 41


4838 34 42 41
34 42
34 41


4839 34 42 41
34 42
34 41


4840 34 42 41
34 42
34 41


4841 34 42 41
34 42
34 41


4842 34 42 41
34 42
34 41


4843 34 42 41
34 42
34 41


4844 34 42 41
34 42
34 41


4845 34 42 41
34 42
34 41


4846 34 42 41
34 42
34 41


4847 34 42 41
34 42
34 41


4848 34 42 41
34 42
34 41


4849 34 42 41
34 42
34 41


4850 34 42 41
34 42
34 41


4851 34 42 41
34 42
34 41


4852 34 42 41
34 42
34 41


4853 34 42 41
34 42
34 41


4854 34 42 41
34 42
34 41


4855 34 42 41
34 42
34 41


4856 34 42 41
34 42
34 41


4857 34 42 41
34 42
34 41


4858 34 42 41
34 42
34 41


4859 34 42 41
34 42
34 41


4860 34 42 41
34 42
34 41


4861 34 42 41
34 42
34 41


4862 34 42 41
34 42
34 41


4863 34 42 41
34 42
34 41


4864 34 42 41
34 42
34 41


4865 34 42 41
34 42
34 41


4866 34 42 41
34 42
34 41


4867 34 42 41
34 42
34 41


4868 34 42 41
34 42
34 41


4869 34 42 41
34 42
34 41


4870 34 42 41
34 42
34 41


4871 34 42 41
34 42
34 41


4872 34 42 41
34 42
34 41


4873 34 42 41
34 42
34 41


4874 34 42 41
34 42
34 41


4875 34 42 41
34 42
34 41


4876 34 42 41
34 42
34 41


4877 34 42 41
34 42
34 41


4878 34 42 41
34 42
34 41


4879 34 42 41
34 42
34 41


4880 34 42 41
34 42
34 41


4881 34 42 41
34 42
34 41


4882 34 42 41
34 42
34 41


4883 34 42 41
34 42
34 41


4884 34 42 41
34 42
34 41


4885 34 42 41
34 42
34 41


4886 34 42 41
34 42
34 41


4887 34 42 41
34 42
34 41


4888 34 42 41
34 42
34 41


4889 34 42 41
34 42
34 41


4890 34 42 41
34 42
34 41


4891 34 42 41
34 42
34 41


4892 34 42 41
34 42
34 41


4893 34 42 41
34 42
34 41


4894 34 42 41
34 42
34 41


4895 34 42 41
34 42
34 41


4896 34 42 41
34 42
34 41


4897 34 42 41
34 42
34 41


4898 34 42 41
34 42
34 41


4899 34 42 41
34 42
34 41


4900 34 42 41
34 42
34 41


4901 34 42 41
34 42
34 41


4902 34 42 41
34 42
34 41


4903 34 42 41
34 42
34 41


4904 34 42 41
34 42
34 41


4905 34 42 41
34 42
34 41


4906 34 42 41
34 42
34 41


4907 34 42 41
34 42
34 41


4908 34 42 41
34 42
34 41


4909 34 42 41
34 42
34 41


4910 34 42 41
34 42
34 41


4911 34 42 41
34 42
34 41


4912 34 42 41
34 42
34 41


4913 34 42 41
34 42
34 41


4914 34 42 41
34 42
34 41


4915 34 42 41
34 42
34 41


4916 34 42 41
34 42
34 41


4917 34 42 41
34 42
34 41


4918 34 42 41
34 42
34 41


4919 34 42 41
34 42
34 41


4920 34 42 41
34 42
34 41


4921 34 42 41
34 42
34 41


4922 34 42 41
34 42
34 41


4923 34 42 41
34 42
34 41


4924 34 42 41
34 42
34 41


4925 34 42 41
34 42
34 41


4926 34 42 41
34 42
34 41


4927 34 42 41
34 42
34 41


4928 34 42 41
34 42
34 41


4929 34 42 41
34 42
34 41


4930 34 42 41
34 42
34 41


4931 34 42 41
34 42
34 41


4932 34 42 41
34 42
34 41


4933 34 42 41
34 42
34 41


4934 34 42 41
34 42
34 41


4935 34 42 41
34 42
34 41


4936 34 42 41
34 42
34 41


4937 34 42 41
34 42
34 41


4938 34 42 41
34 42
34 41


4939 34 42 41
34 42
34 41


4940 34 42 41
34 42
34 41


4941 34 42 41
34 42
34 41


4942 34 42 41
34 42
34 41


4943 34 42 41
34 42
34 41


4944 34 42 41
34 42
34 41


4945 34 42 41
34 42
34 41


4946 34 42 41
34 42
34 41


4947 34 42 41
34 42
34 41


4948 34 42 41
34 42
34 41


4949 34 42 41
34 42
34 41


4950 34 42 41
34 42
34 41


4951 34 42 41
34 42
34 41


4952 34 42 41
34 42
34 41


4953 34 42 41
34 42
34 41


4954 34 42 41
34 42
34 41


4955 34 42 41
34 42
34 41


4956 34 42 41
34 42
34 41


6257 18 2 12
18 2
18 12


6258 18 2 12
18 2
18 12


6259 18 2 12
18 2
18 12


6260 18 2 12
18 2
18 12


6261 18 2 12
18 2
18 12


6262 18 2 12
18 2
18 12


6263 18 2 12
18 2
18 12


6264 18 2 12
18 2
18 12


6265 18 2 12
18 2
18 12


6266 18 2 12
18 2
18 12


6267 18 2 12
18 2
18 12


6268 18 2 12
18 2
18 12


6269 18 2 12
18 2
18 12


6270 18 2 12
18 2
18 12


6271 18 2 12
18 2
18 12


6272 18 2 12
18 2
18 12


6273 18 2 12
18 2
18 12


6274 18 2 12
18 2
18 12


6275 18 2 12
18 2
18 12


6276 18 2 12
18 2
18 12


6277 18 2 12
18 2
18 12


6278 18 2 12
18 2
18 12


6279 18 2 12
18 2
18 12


6280 18 2 12
18 2
18 12


6281 18 2 12
18 2
18 12


6282 18 2 12
18 2
18 12


6283 18 2 12
18 2
18 12


6284 18 2 12
18 2
18 12


6285 18 2 12
18 2
18 12


6286 18 2 12
18 2
18 12


6287 18 2 12
18 2
18 12


6288 18 2 12
18 2
18 12


6289 18 2 12
18 2
18 12


6290 18 2 12
18 2
18 12


6291 18 2 12
18 2
18 12


6292 18 2 12
18 2
18 12


6293 18 2 12
18 2
18 12


6294 18 2 12
18 2
18 12


6295 18 2 12
18 2
18 12


6296 18 2 12
18 2
18 12


6297 18 2 12
18 2
18 12


6298 18 2 12
18 2
18 12


6299 18 2 12
18 2
18 12


6300 18 2 12
18 2
18 12


6301 18 2 12
18 2
18 12


6302 18 2 12
18 2
18 12


6303 18 2 12
18 2
18 12


6304 18 2 12
18 2
18 12


6305 18 2 12
18 2
18 12


6306 18 2 12
18 2
18 12


6307 18 2 12
18 2
18 12


6308 18 2 12
18 2
18 12


6309 18 2 12
18 2
18 12


6310 18 2 12
18 2
18 12


6311 18 2 12
18 2
18 12


6312 18 2 12
18 2
18 12


6313 18 2 12
18 2
18 12


6314 18 2 12
18 2
18 12


6315 18 2 12
18 2
18 12


6316 18 2 12
18 2
18 12


6317 18 2 12
18 2
18 12


6318 18 2 12
18 2
18 12


6319 18 2 12
18 2
18 12


6320 18 2 12
18 2
18 12


6321 18 2 12
18 2
18 12


6322 18 2 12
18 2
18 12


6323 18 2 12
18 2
18 12


6324 18 2 12
18 2
18 12


6325 18 2 12
18 2
18 12


6326 18 2 12
18 2
18 12


6327 18 2 12
18 2
18 12


6328 18 2 12
18 2
18 12


6329 18 2 12
18 2
18 12


6330 18 2 12
18 2
18 12


6331 18 2 12
18 2
18 12


6332 18 2 12
18 2
18 12


6333 18 2 12
18 2
18 12


6334 18 2 12
18 2
18 12


6335 18 2 12
18 2
18 12


6336 18 2 12
18 2
18 12


6337 18 2 12
18 2
18 12


6338 18 2 12
18 2
18 12


6339 18 2 12
18 2
18 12


6340 18 2 12
18 2
18 12


6341 18 2 12
18 2
18 12


6342 18 2 12
18 2
18 12


6343 18 2 12
18 2
18 12


6344 18 2 12
18 2
18 12


6345 18 2 12
18 2
18 12


6346 18 2 12
18 2
18 12


6347 18 2 12
18 2
18 12


6348 18 2 12
18 2
18 12


6349 18 2 12
18 2
18 12


6350 18 2 12
18 2
18 12


6351 18 2 12
18 2
18 12


6352 18 2 12
18 2
18 12


6353 18 2 12
18 2
18 12


6354 18 2 12
18 2
18 12


6355 18 2 12
18 2
18 12


6356 18 2 12
18 2
18 12


6357 18 2 12
18 2
18 12


6358 18 2 12
18 2
18 12


6359 18 2 12
18 2
18 12


6360 18 2 12
18 2
18 12


6361 18 2 12
18 2
18 12


6362 18 2 12
18 2
18 12


6363 18 2 12
18 2
18 12


6364 18 2 12
18 2
18 12


6365 18 2 12
18 2
18 12


6366 18 2 12
18 2
18 12


6367 18 2 12
18 2
18 12


6368 18 2 12
18 2
18 12


6369 18 2 12
18 2
18 12


6370 18 2 12
18 2
18 12


6371 18 2 12
18 2
18 12


6372 18 2 12
18 2
18 12


6373 18 2 12
18 2
18 12


6374 18 2 12
18 2
18 12


6375 18 2 12
18 2
18 12


6376 18 2 12
18 2
18 12


6377 18 2 12
18 2
18 12


6378 18 2 12
18 2
18 12


6379 18 2 12
18 2
18 12


6380 18 2 12
18 2
18 12


6381 18 2 12
18 2
18 12


6382 18 2 12
18 2
18 12


6383 18 2 12
18 2
18 12


6384 18 2 12
18 2
18 12


