0 4 1 9
4 1
4 9


1 4 1 9
4 1
4 9


2 4 1 9
4 1
4 9


3 4 1 9
4 1
4 9


4 4 1 9
4 1
4 9


5 4 1 9
4 1
4 9


6 4 1 9
4 1
4 9


7 4 1 9
4 1
4 9


8 4 1 9
4 1
4 9


9 4 1 9
4 1
4 9


10 4 1 9
4 1
4 9


11 4 1 9
4 1
4 9


12 4 1 9
4 1
4 9


13 4 1 9
4 1
4 9


14 4 1 9
4 1
4 9


15 4 1 9
4 1
4 9


81 0 46 54
0 46
0 54


82 0 46 54
0 46
0 54


83 0 46 54
0 46
0 54


84 0 46 54
0 46
0 54


85 0 46 54
0 46
0 54


86 0 46 54
0 46
0 54


87 0 46 54
0 46
0 54


88 0 46 54
0 46
0 54


89 0 46 54
0 46
0 54


90 0 46 54
0 46
0 54


91 0 46 54
0 46
0 54


92 0 46 54
0 46
0 54


93 0 46 54
0 46
0 54


94 0 46 54
0 46
0 54


95 0 46 54
0 46
0 54


96 0 46 54
0 46
0 54


162 47 11 10
47 11
47 10


163 47 11 10
47 11
47 10


164 47 11 10
47 11
47 10


165 47 11 10
47 11
47 10


166 47 11 10
47 11
47 10


167 47 11 10
47 11
47 10


168 47 11 10
47 11
47 10


169 47 11 10
47 11
47 10


170 47 11 10
47 11
47 10


171 47 11 10
47 11
47 10


172 47 11 10
47 11
47 10


173 47 11 10
47 11
47 10


174 47 11 10
47 11
47 10


175 47 11 10
47 11
47 10


176 47 11 10
47 11
47 10


177 47 11 10
47 11
47 10


243 19 30 29
19 30
19 29


244 19 30 29
19 30
19 29


245 19 30 29
19 30
19 29


246 19 30 29
19 30
19 29


247 19 30 29
19 30
19 29


248 19 30 29
19 30
19 29


249 19 30 29
19 30
19 29


250 19 30 29
19 30
19 29


251 19 30 29
19 30
19 29


252 19 30 29
19 30
19 29


253 19 30 29
19 30
19 29


254 19 30 29
19 30
19 29


255 19 30 29
19 30
19 29


256 19 30 29
19 30
19 29


257 19 30 29
19 30
19 29


258 19 30 29
19 30
19 29


324 23 20 28
23 20
23 28


325 23 20 28
23 20
23 28


326 23 20 28
23 20
23 28


327 23 20 28
23 20
23 28


328 23 20 28
23 20
23 28


329 23 20 28
23 20
23 28


330 23 20 28
23 20
23 28


331 23 20 28
23 20
23 28


332 23 20 28
23 20
23 28


333 23 20 28
23 20
23 28


334 23 20 28
23 20
23 28


335 23 20 28
23 20
23 28


336 23 20 28
23 20
23 28


337 23 20 28
23 20
23 28


338 23 20 28
23 20
23 28


339 23 20 28
23 20
23 28


340 23 20 28
23 20
23 28


341 23 20 28
23 20
23 28


342 23 20 28
23 20
23 28


343 23 20 28
23 20
23 28


344 23 20 28
23 20
23 28


345 23 20 28
23 20
23 28


346 23 20 28
23 20
23 28


347 23 20 28
23 20
23 28


348 23 20 28
23 20
23 28


349 23 20 28
23 20
23 28


350 23 20 28
23 20
23 28


351 23 20 28
23 20
23 28


352 23 20 28
23 20
23 28


353 23 20 28
23 20
23 28


354 23 20 28
23 20
23 28


355 23 20 28
23 20
23 28


356 23 20 28
23 20
23 28


357 23 20 28
23 20
23 28


358 23 20 28
23 20
23 28


359 23 20 28
23 20
23 28


360 23 20 28
23 20
23 28


361 23 20 28
23 20
23 28


362 23 20 28
23 20
23 28


363 23 20 28
23 20
23 28


364 23 20 28
23 20
23 28


365 23 20 28
23 20
23 28


366 23 20 28
23 20
23 28


367 23 20 28
23 20
23 28


368 23 20 28
23 20
23 28


369 23 20 28
23 20
23 28


370 23 20 28
23 20
23 28


371 23 20 28
23 20
23 28


372 23 20 28
23 20
23 28


373 23 20 28
23 20
23 28


374 23 20 28
23 20
23 28


375 23 20 28
23 20
23 28


376 23 20 28
23 20
23 28


377 23 20 28
23 20
23 28


378 23 20 28
23 20
23 28


379 23 20 28
23 20
23 28


380 23 20 28
23 20
23 28


381 23 20 28
23 20
23 28


382 23 20 28
23 20
23 28


383 23 20 28
23 20
23 28


384 23 20 28
23 20
23 28


385 23 20 28
23 20
23 28


386 23 20 28
23 20
23 28


387 23 20 28
23 20
23 28


645 21 44 45
21 44
21 45


646 21 44 45
21 44
21 45


647 21 44 45
21 44
21 45


648 21 44 45
21 44
21 45


649 21 44 45
21 44
21 45


650 21 44 45
21 44
21 45


651 21 44 45
21 44
21 45


652 21 44 45
21 44
21 45


653 21 44 45
21 44
21 45


654 21 44 45
21 44
21 45


655 21 44 45
21 44
21 45


656 21 44 45
21 44
21 45


657 21 44 45
21 44
21 45


658 21 44 45
21 44
21 45


659 21 44 45
21 44
21 45


660 21 44 45
21 44
21 45


661 21 44 45
21 44
21 45


662 21 44 45
21 44
21 45


663 21 44 45
21 44
21 45


664 21 44 45
21 44
21 45


665 21 44 45
21 44
21 45


666 21 44 45
21 44
21 45


667 21 44 45
21 44
21 45


668 21 44 45
21 44
21 45


669 21 44 45
21 44
21 45


670 21 44 45
21 44
21 45


671 21 44 45
21 44
21 45


672 21 44 45
21 44
21 45


673 21 44 45
21 44
21 45


674 21 44 45
21 44
21 45


675 21 44 45
21 44
21 45


676 21 44 45
21 44
21 45


677 21 44 45
21 44
21 45


678 21 44 45
21 44
21 45


679 21 44 45
21 44
21 45


680 21 44 45
21 44
21 45


681 21 44 45
21 44
21 45


682 21 44 45
21 44
21 45


683 21 44 45
21 44
21 45


684 21 44 45
21 44
21 45


685 21 44 45
21 44
21 45


686 21 44 45
21 44
21 45


687 21 44 45
21 44
21 45


688 21 44 45
21 44
21 45


689 21 44 45
21 44
21 45


690 21 44 45
21 44
21 45


691 21 44 45
21 44
21 45


692 21 44 45
21 44
21 45


693 21 44 45
21 44
21 45


694 21 44 45
21 44
21 45


695 21 44 45
21 44
21 45


696 21 44 45
21 44
21 45


697 21 44 45
21 44
21 45


698 21 44 45
21 44
21 45


699 21 44 45
21 44
21 45


700 21 44 45
21 44
21 45


701 21 44 45
21 44
21 45


702 21 44 45
21 44
21 45


703 21 44 45
21 44
21 45


704 21 44 45
21 44
21 45


705 21 44 45
21 44
21 45


706 21 44 45
21 44
21 45


707 21 44 45
21 44
21 45


708 21 44 45
21 44
21 45


709 21 44 45
21 44
21 45


710 21 44 45
21 44
21 45


711 21 44 45
21 44
21 45


712 21 44 45
21 44
21 45


713 21 44 45
21 44
21 45


714 21 44 45
21 44
21 45


715 21 44 45
21 44
21 45


716 21 44 45
21 44
21 45


717 21 44 45
21 44
21 45


718 21 44 45
21 44
21 45


719 21 44 45
21 44
21 45


720 21 44 45
21 44
21 45


721 21 44 45
21 44
21 45


722 21 44 45
21 44
21 45


723 21 44 45
21 44
21 45


724 21 44 45
21 44
21 45


725 21 44 45
21 44
21 45


726 21 44 45
21 44
21 45


727 21 44 45
21 44
21 45


728 21 44 45
21 44
21 45


729 21 44 45
21 44
21 45


730 21 44 45
21 44
21 45


731 21 44 45
21 44
21 45


732 21 44 45
21 44
21 45


733 21 44 45
21 44
21 45


734 21 44 45
21 44
21 45


735 21 44 45
21 44
21 45


736 21 44 45
21 44
21 45


737 21 44 45
21 44
21 45


738 21 44 45
21 44
21 45


739 21 44 45
21 44
21 45


740 21 44 45
21 44
21 45


741 21 44 45
21 44
21 45


742 21 44 45
21 44
21 45


743 21 44 45
21 44
21 45


744 21 44 45
21 44
21 45


745 21 44 45
21 44
21 45


746 21 44 45
21 44
21 45


747 21 44 45
21 44
21 45


748 21 44 45
21 44
21 45


749 21 44 45
21 44
21 45


750 21 44 45
21 44
21 45


751 21 44 45
21 44
21 45


752 21 44 45
21 44
21 45


753 21 44 45
21 44
21 45


754 21 44 45
21 44
21 45


755 21 44 45
21 44
21 45


756 21 44 45
21 44
21 45


757 21 44 45
21 44
21 45


758 21 44 45
21 44
21 45


759 21 44 45
21 44
21 45


760 21 44 45
21 44
21 45


761 21 44 45
21 44
21 45


762 21 44 45
21 44
21 45


763 21 44 45
21 44
21 45


764 21 44 45
21 44
21 45


765 21 44 45
21 44
21 45


766 21 44 45
21 44
21 45


767 21 44 45
21 44
21 45


768 21 44 45
21 44
21 45


769 21 44 45
21 44
21 45


770 21 44 45
21 44
21 45


771 21 44 45
21 44
21 45


772 21 44 45
21 44
21 45


1034 36 38 47
36 38
36 47


1035 36 38 47
36 38
36 47


1036 36 38 47
36 38
36 47


1037 36 38 47
36 38
36 47


1038 36 38 47
36 38
36 47


1039 36 38 47
36 38
36 47


1040 36 38 47
36 38
36 47


1041 36 38 47
36 38
36 47


1042 36 38 47
36 38
36 47


1043 36 38 47
36 38
36 47


1044 36 38 47
36 38
36 47


1045 36 38 47
36 38
36 47


1046 36 38 47
36 38
36 47


1047 36 38 47
36 38
36 47


1048 36 38 47
36 38
36 47


1049 36 38 47
36 38
36 47


1115 37 54 55
37 54
37 55


1116 37 54 55
37 54
37 55


1117 37 54 55
37 54
37 55


1118 37 54 55
37 54
37 55


1119 37 54 55
37 54
37 55


1120 37 54 55
37 54
37 55


1121 37 54 55
37 54
37 55


1122 37 54 55
37 54
37 55


1123 37 54 55
37 54
37 55


1124 37 54 55
37 54
37 55


1125 37 54 55
37 54
37 55


1126 37 54 55
37 54
37 55


1127 37 54 55
37 54
37 55


1128 37 54 55
37 54
37 55


1129 37 54 55
37 54
37 55


1130 37 54 55
37 54
37 55


1973 17 19 11
17 19
17 11


1974 17 19 11
17 19
17 11


1975 17 19 11
17 19
17 11


1976 17 19 11
17 19
17 11


1977 17 19 11
17 19
17 11


1978 17 19 11
17 19
17 11


1979 17 19 11
17 19
17 11


1980 17 19 11
17 19
17 11


1981 17 19 11
17 19
17 11


1982 17 19 11
17 19
17 11


1983 17 19 11
17 19
17 11


1984 17 19 11
17 19
17 11


1985 17 19 11
17 19
17 11


1986 17 19 11
17 19
17 11


1987 17 19 11
17 19
17 11


1988 17 19 11
17 19
17 11


1989 17 19 11
17 19
17 11


1990 17 19 11
17 19
17 11


1991 17 19 11
17 19
17 11


1992 17 19 11
17 19
17 11


1993 17 19 11
17 19
17 11


1994 17 19 11
17 19
17 11


1995 17 19 11
17 19
17 11


1996 17 19 11
17 19
17 11


1997 17 19 11
17 19
17 11


1998 17 19 11
17 19
17 11


1999 17 19 11
17 19
17 11


2000 17 19 11
17 19
17 11


2001 17 19 11
17 19
17 11


2002 17 19 11
17 19
17 11


2003 17 19 11
17 19
17 11


2004 17 19 11
17 19
17 11


2005 17 19 11
17 19
17 11


2006 17 19 11
17 19
17 11


2007 17 19 11
17 19
17 11


2008 17 19 11
17 19
17 11


2009 17 19 11
17 19
17 11


2010 17 19 11
17 19
17 11


2011 17 19 11
17 19
17 11


2012 17 19 11
17 19
17 11


2013 17 19 11
17 19
17 11


2014 17 19 11
17 19
17 11


2015 17 19 11
17 19
17 11


2016 17 19 11
17 19
17 11


2017 17 19 11
17 19
17 11


2018 17 19 11
17 19
17 11


2019 17 19 11
17 19
17 11


2020 17 19 11
17 19
17 11


2021 17 19 11
17 19
17 11


2022 17 19 11
17 19
17 11


2023 17 19 11
17 19
17 11


2024 17 19 11
17 19
17 11


2025 17 19 11
17 19
17 11


2026 17 19 11
17 19
17 11


2027 17 19 11
17 19
17 11


2028 17 19 11
17 19
17 11


2029 17 19 11
17 19
17 11


2030 17 19 11
17 19
17 11


2031 17 19 11
17 19
17 11


2032 17 19 11
17 19
17 11


2033 17 19 11
17 19
17 11


2034 17 19 11
17 19
17 11


2035 17 19 11
17 19
17 11


2036 17 19 11
17 19
17 11


2037 17 19 11
17 19
17 11


2038 17 19 11
17 19
17 11


2039 17 19 11
17 19
17 11


2040 17 19 11
17 19
17 11


2041 17 19 11
17 19
17 11


2042 17 19 11
17 19
17 11


2043 17 19 11
17 19
17 11


2044 17 19 11
17 19
17 11


2045 17 19 11
17 19
17 11


2046 17 19 11
17 19
17 11


2047 17 19 11
17 19
17 11


2048 17 19 11
17 19
17 11


2049 17 19 11
17 19
17 11


2050 17 19 11
17 19
17 11


2051 17 19 11
17 19
17 11


2052 17 19 11
17 19
17 11


2053 17 19 11
17 19
17 11


2054 17 19 11
17 19
17 11


2055 17 19 11
17 19
17 11


2056 17 19 11
17 19
17 11


2057 17 19 11
17 19
17 11


2058 17 19 11
17 19
17 11


2059 17 19 11
17 19
17 11


2060 17 19 11
17 19
17 11


2061 17 19 11
17 19
17 11


2062 17 19 11
17 19
17 11


2063 17 19 11
17 19
17 11


2064 17 19 11
17 19
17 11


2065 17 19 11
17 19
17 11


2066 17 19 11
17 19
17 11


2067 17 19 11
17 19
17 11


2068 17 19 11
17 19
17 11


2069 17 19 11
17 19
17 11


2070 17 19 11
17 19
17 11


2071 17 19 11
17 19
17 11


2072 17 19 11
17 19
17 11


2073 17 19 11
17 19
17 11


2074 17 19 11
17 19
17 11


2075 17 19 11
17 19
17 11


2076 17 19 11
17 19
17 11


2077 17 19 11
17 19
17 11


2078 17 19 11
17 19
17 11


2079 17 19 11
17 19
17 11


2080 17 19 11
17 19
17 11


2081 17 19 11
17 19
17 11


2082 17 19 11
17 19
17 11


2083 17 19 11
17 19
17 11


2084 17 19 11
17 19
17 11


2085 17 19 11
17 19
17 11


2086 17 19 11
17 19
17 11


2087 17 19 11
17 19
17 11


2088 17 19 11
17 19
17 11


2089 17 19 11
17 19
17 11


2090 17 19 11
17 19
17 11


2091 17 19 11
17 19
17 11


2092 17 19 11
17 19
17 11


2093 17 19 11
17 19
17 11


2094 17 19 11
17 19
17 11


2095 17 19 11
17 19
17 11


2096 17 19 11
17 19
17 11


2097 17 19 11
17 19
17 11


2098 17 19 11
17 19
17 11


2099 17 19 11
17 19
17 11


2100 17 19 11
17 19
17 11


3401 29 36 44
29 36
29 44


3402 29 36 44
29 36
29 44


3403 29 36 44
29 36
29 44


3404 29 36 44
29 36
29 44


3405 29 36 44
29 36
29 44


3406 29 36 44
29 36
29 44


3407 29 36 44
29 36
29 44


3408 29 36 44
29 36
29 44


3409 29 36 44
29 36
29 44


3410 29 36 44
29 36
29 44


3411 29 36 44
29 36
29 44


3412 29 36 44
29 36
29 44


3413 29 36 44
29 36
29 44


3414 29 36 44
29 36
29 44


3415 29 36 44
29 36
29 44


3416 29 36 44
29 36
29 44


3417 29 36 44
29 36
29 44


3418 29 36 44
29 36
29 44


3419 29 36 44
29 36
29 44


3420 29 36 44
29 36
29 44


3421 29 36 44
29 36
29 44


3422 29 36 44
29 36
29 44


3423 29 36 44
29 36
29 44


3424 29 36 44
29 36
29 44


3425 29 36 44
29 36
29 44


3426 29 36 44
29 36
29 44


3427 29 36 44
29 36
29 44


3428 29 36 44
29 36
29 44


3429 29 36 44
29 36
29 44


3430 29 36 44
29 36
29 44


3431 29 36 44
29 36
29 44


3432 29 36 44
29 36
29 44


3433 29 36 44
29 36
29 44


3434 29 36 44
29 36
29 44


3435 29 36 44
29 36
29 44


3436 29 36 44
29 36
29 44


3437 29 36 44
29 36
29 44


3438 29 36 44
29 36
29 44


3439 29 36 44
29 36
29 44


3440 29 36 44
29 36
29 44


3441 29 36 44
29 36
29 44


3442 29 36 44
29 36
29 44


3443 29 36 44
29 36
29 44


3444 29 36 44
29 36
29 44


3445 29 36 44
29 36
29 44


3446 29 36 44
29 36
29 44


3447 29 36 44
29 36
29 44


3448 29 36 44
29 36
29 44


3449 29 36 44
29 36
29 44


3450 29 36 44
29 36
29 44


3451 29 36 44
29 36
29 44


3452 29 36 44
29 36
29 44


3453 29 36 44
29 36
29 44


3454 29 36 44
29 36
29 44


3455 29 36 44
29 36
29 44


3456 29 36 44
29 36
29 44


3457 29 36 44
29 36
29 44


3458 29 36 44
29 36
29 44


3459 29 36 44
29 36
29 44


3460 29 36 44
29 36
29 44


3461 29 36 44
29 36
29 44


3462 29 36 44
29 36
29 44


3463 29 36 44
29 36
29 44


3464 29 36 44
29 36
29 44


3465 29 36 44
29 36
29 44


3466 29 36 44
29 36
29 44


3467 29 36 44
29 36
29 44


3468 29 36 44
29 36
29 44


3469 29 36 44
29 36
29 44


3470 29 36 44
29 36
29 44


3471 29 36 44
29 36
29 44


3472 29 36 44
29 36
29 44


3473 29 36 44
29 36
29 44


3474 29 36 44
29 36
29 44


3475 29 36 44
29 36
29 44


3476 29 36 44
29 36
29 44


3477 29 36 44
29 36
29 44


3478 29 36 44
29 36
29 44


3479 29 36 44
29 36
29 44


3480 29 36 44
29 36
29 44


3481 29 36 44
29 36
29 44


3482 29 36 44
29 36
29 44


3483 29 36 44
29 36
29 44


3484 29 36 44
29 36
29 44


3485 29 36 44
29 36
29 44


3486 29 36 44
29 36
29 44


3487 29 36 44
29 36
29 44


3488 29 36 44
29 36
29 44


3489 29 36 44
29 36
29 44


3490 29 36 44
29 36
29 44


3491 29 36 44
29 36
29 44


3492 29 36 44
29 36
29 44


3493 29 36 44
29 36
29 44


3494 29 36 44
29 36
29 44


3495 29 36 44
29 36
29 44


3496 29 36 44
29 36
29 44


3497 29 36 44
29 36
29 44


3498 29 36 44
29 36
29 44


3499 29 36 44
29 36
29 44


3500 29 36 44
29 36
29 44


3501 29 36 44
29 36
29 44


3502 29 36 44
29 36
29 44


3503 29 36 44
29 36
29 44


3504 29 36 44
29 36
29 44


3505 29 36 44
29 36
29 44


3506 29 36 44
29 36
29 44


3507 29 36 44
29 36
29 44


3508 29 36 44
29 36
29 44


3509 29 36 44
29 36
29 44


3510 29 36 44
29 36
29 44


3511 29 36 44
29 36
29 44


3512 29 36 44
29 36
29 44


3513 29 36 44
29 36
29 44


3514 29 36 44
29 36
29 44


3515 29 36 44
29 36
29 44


3516 29 36 44
29 36
29 44


3517 29 36 44
29 36
29 44


3518 29 36 44
29 36
29 44


3519 29 36 44
29 36
29 44


3520 29 36 44
29 36
29 44


3521 29 36 44
29 36
29 44


3522 29 36 44
29 36
29 44


3523 29 36 44
29 36
29 44


3524 29 36 44
29 36
29 44


3525 29 36 44
29 36
29 44


3526 29 36 44
29 36
29 44


3527 29 36 44
29 36
29 44


3528 29 36 44
29 36
29 44


4829 43 41 33
43 41
43 33


4830 43 41 33
43 41
43 33


4831 43 41 33
43 41
43 33


4832 43 41 33
43 41
43 33


4833 43 41 33
43 41
43 33


4834 43 41 33
43 41
43 33


4835 43 41 33
43 41
43 33


4836 43 41 33
43 41
43 33


4837 43 41 33
43 41
43 33


4838 43 41 33
43 41
43 33


4839 43 41 33
43 41
43 33


4840 43 41 33
43 41
43 33


4841 43 41 33
43 41
43 33


4842 43 41 33
43 41
43 33


4843 43 41 33
43 41
43 33


4844 43 41 33
43 41
43 33


4845 43 41 33
43 41
43 33


4846 43 41 33
43 41
43 33


4847 43 41 33
43 41
43 33


4848 43 41 33
43 41
43 33


4849 43 41 33
43 41
43 33


4850 43 41 33
43 41
43 33


4851 43 41 33
43 41
43 33


4852 43 41 33
43 41
43 33


4853 43 41 33
43 41
43 33


4854 43 41 33
43 41
43 33


4855 43 41 33
43 41
43 33


4856 43 41 33
43 41
43 33


4857 43 41 33
43 41
43 33


4858 43 41 33
43 41
43 33


4859 43 41 33
43 41
43 33


4860 43 41 33
43 41
43 33


4861 43 41 33
43 41
43 33


4862 43 41 33
43 41
43 33


4863 43 41 33
43 41
43 33


4864 43 41 33
43 41
43 33


4865 43 41 33
43 41
43 33


4866 43 41 33
43 41
43 33


4867 43 41 33
43 41
43 33


4868 43 41 33
43 41
43 33


4869 43 41 33
43 41
43 33


4870 43 41 33
43 41
43 33


4871 43 41 33
43 41
43 33


4872 43 41 33
43 41
43 33


4873 43 41 33
43 41
43 33


4874 43 41 33
43 41
43 33


4875 43 41 33
43 41
43 33


4876 43 41 33
43 41
43 33


4877 43 41 33
43 41
43 33


4878 43 41 33
43 41
43 33


4879 43 41 33
43 41
43 33


4880 43 41 33
43 41
43 33


4881 43 41 33
43 41
43 33


4882 43 41 33
43 41
43 33


4883 43 41 33
43 41
43 33


4884 43 41 33
43 41
43 33


4885 43 41 33
43 41
43 33


4886 43 41 33
43 41
43 33


4887 43 41 33
43 41
43 33


4888 43 41 33
43 41
43 33


4889 43 41 33
43 41
43 33


4890 43 41 33
43 41
43 33


4891 43 41 33
43 41
43 33


4892 43 41 33
43 41
43 33


4893 43 41 33
43 41
43 33


4894 43 41 33
43 41
43 33


4895 43 41 33
43 41
43 33


4896 43 41 33
43 41
43 33


4897 43 41 33
43 41
43 33


4898 43 41 33
43 41
43 33


4899 43 41 33
43 41
43 33


4900 43 41 33
43 41
43 33


4901 43 41 33
43 41
43 33


4902 43 41 33
43 41
43 33


4903 43 41 33
43 41
43 33


4904 43 41 33
43 41
43 33


4905 43 41 33
43 41
43 33


4906 43 41 33
43 41
43 33


4907 43 41 33
43 41
43 33


4908 43 41 33
43 41
43 33


4909 43 41 33
43 41
43 33


4910 43 41 33
43 41
43 33


4911 43 41 33
43 41
43 33


4912 43 41 33
43 41
43 33


4913 43 41 33
43 41
43 33


4914 43 41 33
43 41
43 33


4915 43 41 33
43 41
43 33


4916 43 41 33
43 41
43 33


4917 43 41 33
43 41
43 33


4918 43 41 33
43 41
43 33


4919 43 41 33
43 41
43 33


4920 43 41 33
43 41
43 33


4921 43 41 33
43 41
43 33


4922 43 41 33
43 41
43 33


4923 43 41 33
43 41
43 33


4924 43 41 33
43 41
43 33


4925 43 41 33
43 41
43 33


4926 43 41 33
43 41
43 33


4927 43 41 33
43 41
43 33


4928 43 41 33
43 41
43 33


4929 43 41 33
43 41
43 33


4930 43 41 33
43 41
43 33


4931 43 41 33
43 41
43 33


4932 43 41 33
43 41
43 33


4933 43 41 33
43 41
43 33


4934 43 41 33
43 41
43 33


4935 43 41 33
43 41
43 33


4936 43 41 33
43 41
43 33


4937 43 41 33
43 41
43 33


4938 43 41 33
43 41
43 33


4939 43 41 33
43 41
43 33


4940 43 41 33
43 41
43 33


4941 43 41 33
43 41
43 33


4942 43 41 33
43 41
43 33


4943 43 41 33
43 41
43 33


4944 43 41 33
43 41
43 33


4945 43 41 33
43 41
43 33


4946 43 41 33
43 41
43 33


4947 43 41 33
43 41
43 33


4948 43 41 33
43 41
43 33


4949 43 41 33
43 41
43 33


4950 43 41 33
43 41
43 33


4951 43 41 33
43 41
43 33


4952 43 41 33
43 41
43 33


4953 43 41 33
43 41
43 33


4954 43 41 33
43 41
43 33


4955 43 41 33
43 41
43 33


4956 43 41 33
43 41
43 33


6257 18 12 13
18 12
18 13


6258 18 12 13
18 12
18 13


6259 18 12 13
18 12
18 13


6260 18 12 13
18 12
18 13


6261 18 12 13
18 12
18 13


6262 18 12 13
18 12
18 13


6263 18 12 13
18 12
18 13


6264 18 12 13
18 12
18 13


6265 18 12 13
18 12
18 13


6266 18 12 13
18 12
18 13


6267 18 12 13
18 12
18 13


6268 18 12 13
18 12
18 13


6269 18 12 13
18 12
18 13


6270 18 12 13
18 12
18 13


6271 18 12 13
18 12
18 13


6272 18 12 13
18 12
18 13


6273 18 12 13
18 12
18 13


6274 18 12 13
18 12
18 13


6275 18 12 13
18 12
18 13


6276 18 12 13
18 12
18 13


6277 18 12 13
18 12
18 13


6278 18 12 13
18 12
18 13


6279 18 12 13
18 12
18 13


6280 18 12 13
18 12
18 13


6281 18 12 13
18 12
18 13


6282 18 12 13
18 12
18 13


6283 18 12 13
18 12
18 13


6284 18 12 13
18 12
18 13


6285 18 12 13
18 12
18 13


6286 18 12 13
18 12
18 13


6287 18 12 13
18 12
18 13


6288 18 12 13
18 12
18 13


6289 18 12 13
18 12
18 13


6290 18 12 13
18 12
18 13


6291 18 12 13
18 12
18 13


6292 18 12 13
18 12
18 13


6293 18 12 13
18 12
18 13


6294 18 12 13
18 12
18 13


6295 18 12 13
18 12
18 13


6296 18 12 13
18 12
18 13


6297 18 12 13
18 12
18 13


6298 18 12 13
18 12
18 13


6299 18 12 13
18 12
18 13


6300 18 12 13
18 12
18 13


6301 18 12 13
18 12
18 13


6302 18 12 13
18 12
18 13


6303 18 12 13
18 12
18 13


6304 18 12 13
18 12
18 13


6305 18 12 13
18 12
18 13


6306 18 12 13
18 12
18 13


6307 18 12 13
18 12
18 13


6308 18 12 13
18 12
18 13


6309 18 12 13
18 12
18 13


6310 18 12 13
18 12
18 13


6311 18 12 13
18 12
18 13


6312 18 12 13
18 12
18 13


6313 18 12 13
18 12
18 13


6314 18 12 13
18 12
18 13


6315 18 12 13
18 12
18 13


6316 18 12 13
18 12
18 13


6317 18 12 13
18 12
18 13


6318 18 12 13
18 12
18 13


6319 18 12 13
18 12
18 13


6320 18 12 13
18 12
18 13


6321 18 12 13
18 12
18 13


6322 18 12 13
18 12
18 13


6323 18 12 13
18 12
18 13


6324 18 12 13
18 12
18 13


6325 18 12 13
18 12
18 13


6326 18 12 13
18 12
18 13


6327 18 12 13
18 12
18 13


6328 18 12 13
18 12
18 13


6329 18 12 13
18 12
18 13


6330 18 12 13
18 12
18 13


6331 18 12 13
18 12
18 13


6332 18 12 13
18 12
18 13


6333 18 12 13
18 12
18 13


6334 18 12 13
18 12
18 13


6335 18 12 13
18 12
18 13


6336 18 12 13
18 12
18 13


6337 18 12 13
18 12
18 13


6338 18 12 13
18 12
18 13


6339 18 12 13
18 12
18 13


6340 18 12 13
18 12
18 13


6341 18 12 13
18 12
18 13


6342 18 12 13
18 12
18 13


6343 18 12 13
18 12
18 13


6344 18 12 13
18 12
18 13


6345 18 12 13
18 12
18 13


6346 18 12 13
18 12
18 13


6347 18 12 13
18 12
18 13


6348 18 12 13
18 12
18 13


6349 18 12 13
18 12
18 13


6350 18 12 13
18 12
18 13


6351 18 12 13
18 12
18 13


6352 18 12 13
18 12
18 13


6353 18 12 13
18 12
18 13


6354 18 12 13
18 12
18 13


6355 18 12 13
18 12
18 13


6356 18 12 13
18 12
18 13


6357 18 12 13
18 12
18 13


6358 18 12 13
18 12
18 13


6359 18 12 13
18 12
18 13


6360 18 12 13
18 12
18 13


6361 18 12 13
18 12
18 13


6362 18 12 13
18 12
18 13


6363 18 12 13
18 12
18 13


6364 18 12 13
18 12
18 13


6365 18 12 13
18 12
18 13


6366 18 12 13
18 12
18 13


6367 18 12 13
18 12
18 13


6368 18 12 13
18 12
18 13


6369 18 12 13
18 12
18 13


6370 18 12 13
18 12
18 13


6371 18 12 13
18 12
18 13


6372 18 12 13
18 12
18 13


6373 18 12 13
18 12
18 13


6374 18 12 13
18 12
18 13


6375 18 12 13
18 12
18 13


6376 18 12 13
18 12
18 13


6377 18 12 13
18 12
18 13


6378 18 12 13
18 12
18 13


6379 18 12 13
18 12
18 13


6380 18 12 13
18 12
18 13


6381 18 12 13
18 12
18 13


6382 18 12 13
18 12
18 13


6383 18 12 13
18 12
18 13


6384 18 12 13
18 12
18 13


