0 2 5 3
2 5
2 3


1 2 5 3
2 5
2 3


2 2 5 3
2 5
2 3


3 2 5 3
2 5
2 3


4 2 5 3
2 5
2 3


5 2 5 3
2 5
2 3


6 2 5 3
2 5
2 3


7 2 5 3
2 5
2 3


8 2 5 3
2 5
2 3


9 2 5 3
2 5
2 3


10 2 5 3
2 5
2 3


11 2 5 3
2 5
2 3


12 2 5 3
2 5
2 3


13 2 5 3
2 5
2 3


14 2 5 3
2 5
2 3


15 2 5 3
2 5
2 3


81 0 3 6
0 3
0 6


82 0 3 6
0 3
0 6


83 0 3 6
0 3
0 6


84 0 3 6
0 3
0 6


85 0 3 6
0 3
0 6


86 0 3 6
0 3
0 6


87 0 3 6
0 3
0 6


88 0 3 6
0 3
0 6


89 0 3 6
0 3
0 6


90 0 3 6
0 3
0 6


91 0 3 6
0 3
0 6


92 0 3 6
0 3
0 6


93 0 3 6
0 3
0 6


94 0 3 6
0 3
0 6


95 0 3 6
0 3
0 6


96 0 3 6
0 3
0 6


162 5 6 10
5 6
5 10


163 5 6 10
5 6
5 10


164 5 6 10
5 6
5 10


165 5 6 10
5 6
5 10


166 5 6 10
5 6
5 10


167 5 6 10
5 6
5 10


168 5 6 10
5 6
5 10


169 5 6 10
5 6
5 10


170 5 6 10
5 6
5 10


171 5 6 10
5 6
5 10


172 5 6 10
5 6
5 10


173 5 6 10
5 6
5 10


174 5 6 10
5 6
5 10


175 5 6 10
5 6
5 10


176 5 6 10
5 6
5 10


177 5 6 10
5 6
5 10


243 3 12 0
3 12
3 0


244 3 12 0
3 12
3 0


245 3 12 0
3 12
3 0


246 3 12 0
3 12
3 0


247 3 12 0
3 12
3 0


248 3 12 0
3 12
3 0


249 3 12 0
3 12
3 0


250 3 12 0
3 12
3 0


251 3 12 0
3 12
3 0


252 3 12 0
3 12
3 0


253 3 12 0
3 12
3 0


254 3 12 0
3 12
3 0


255 3 12 0
3 12
3 0


256 3 12 0
3 12
3 0


257 3 12 0
3 12
3 0


258 3 12 0
3 12
3 0


324 9 3 6
9 3
9 6


325 9 3 6
9 3
9 6


326 9 3 6
9 3
9 6


327 9 3 6
9 3
9 6


328 9 3 6
9 3
9 6


329 9 3 6
9 3
9 6


330 9 3 6
9 3
9 6


331 9 3 6
9 3
9 6


332 9 3 6
9 3
9 6


333 9 3 6
9 3
9 6


334 9 3 6
9 3
9 6


335 9 3 6
9 3
9 6


336 9 3 6
9 3
9 6


337 9 3 6
9 3
9 6


338 9 3 6
9 3
9 6


339 9 3 6
9 3
9 6


340 9 3 6
9 3
9 6


341 9 3 6
9 3
9 6


342 9 3 6
9 3
9 6


343 9 3 6
9 3
9 6


344 9 3 6
9 3
9 6


345 9 3 6
9 3
9 6


346 9 3 6
9 3
9 6


347 9 3 6
9 3
9 6


348 9 3 6
9 3
9 6


349 9 3 6
9 3
9 6


350 9 3 6
9 3
9 6


351 9 3 6
9 3
9 6


352 9 3 6
9 3
9 6


353 9 3 6
9 3
9 6


354 9 3 6
9 3
9 6


355 9 3 6
9 3
9 6


356 9 3 6
9 3
9 6


357 9 3 6
9 3
9 6


358 9 3 6
9 3
9 6


359 9 3 6
9 3
9 6


360 9 3 6
9 3
9 6


361 9 3 6
9 3
9 6


362 9 3 6
9 3
9 6


363 9 3 6
9 3
9 6


364 9 3 6
9 3
9 6


365 9 3 6
9 3
9 6


366 9 3 6
9 3
9 6


367 9 3 6
9 3
9 6


368 9 3 6
9 3
9 6


369 9 3 6
9 3
9 6


370 9 3 6
9 3
9 6


371 9 3 6
9 3
9 6


372 9 3 6
9 3
9 6


373 9 3 6
9 3
9 6


374 9 3 6
9 3
9 6


375 9 3 6
9 3
9 6


376 9 3 6
9 3
9 6


377 9 3 6
9 3
9 6


378 9 3 6
9 3
9 6


379 9 3 6
9 3
9 6


380 9 3 6
9 3
9 6


381 9 3 6
9 3
9 6


382 9 3 6
9 3
9 6


383 9 3 6
9 3
9 6


384 9 3 6
9 3
9 6


385 9 3 6
9 3
9 6


386 9 3 6
9 3
9 6


387 9 3 6
9 3
9 6


645 5 15 9
5 15
5 9


646 5 15 9
5 15
5 9


647 5 15 9
5 15
5 9


648 5 15 9
5 15
5 9


649 5 15 9
5 15
5 9


650 5 15 9
5 15
5 9


651 5 15 9
5 15
5 9


652 5 15 9
5 15
5 9


653 5 15 9
5 15
5 9


654 5 15 9
5 15
5 9


655 5 15 9
5 15
5 9


656 5 15 9
5 15
5 9


657 5 15 9
5 15
5 9


658 5 15 9
5 15
5 9


659 5 15 9
5 15
5 9


660 5 15 9
5 15
5 9


661 5 15 9
5 15
5 9


662 5 15 9
5 15
5 9


663 5 15 9
5 15
5 9


664 5 15 9
5 15
5 9


665 5 15 9
5 15
5 9


666 5 15 9
5 15
5 9


667 5 15 9
5 15
5 9


668 5 15 9
5 15
5 9


669 5 15 9
5 15
5 9


670 5 15 9
5 15
5 9


671 5 15 9
5 15
5 9


672 5 15 9
5 15
5 9


673 5 15 9
5 15
5 9


674 5 15 9
5 15
5 9


675 5 15 9
5 15
5 9


676 5 15 9
5 15
5 9


677 5 15 9
5 15
5 9


678 5 15 9
5 15
5 9


679 5 15 9
5 15
5 9


680 5 15 9
5 15
5 9


681 5 15 9
5 15
5 9


682 5 15 9
5 15
5 9


683 5 15 9
5 15
5 9


684 5 15 9
5 15
5 9


685 5 15 9
5 15
5 9


686 5 15 9
5 15
5 9


687 5 15 9
5 15
5 9


688 5 15 9
5 15
5 9


689 5 15 9
5 15
5 9


690 5 15 9
5 15
5 9


691 5 15 9
5 15
5 9


692 5 15 9
5 15
5 9


693 5 15 9
5 15
5 9


694 5 15 9
5 15
5 9


695 5 15 9
5 15
5 9


696 5 15 9
5 15
5 9


697 5 15 9
5 15
5 9


698 5 15 9
5 15
5 9


699 5 15 9
5 15
5 9


700 5 15 9
5 15
5 9


701 5 15 9
5 15
5 9


702 5 15 9
5 15
5 9


703 5 15 9
5 15
5 9


704 5 15 9
5 15
5 9


705 5 15 9
5 15
5 9


706 5 15 9
5 15
5 9


707 5 15 9
5 15
5 9


708 5 15 9
5 15
5 9


709 5 15 9
5 15
5 9


710 5 15 9
5 15
5 9


711 5 15 9
5 15
5 9


712 5 15 9
5 15
5 9


713 5 15 9
5 15
5 9


714 5 15 9
5 15
5 9


715 5 15 9
5 15
5 9


716 5 15 9
5 15
5 9


717 5 15 9
5 15
5 9


718 5 15 9
5 15
5 9


719 5 15 9
5 15
5 9


720 5 15 9
5 15
5 9


721 5 15 9
5 15
5 9


722 5 15 9
5 15
5 9


723 5 15 9
5 15
5 9


724 5 15 9
5 15
5 9


725 5 15 9
5 15
5 9


726 5 15 9
5 15
5 9


727 5 15 9
5 15
5 9


728 5 15 9
5 15
5 9


729 5 15 9
5 15
5 9


730 5 15 9
5 15
5 9


731 5 15 9
5 15
5 9


732 5 15 9
5 15
5 9


733 5 15 9
5 15
5 9


734 5 15 9
5 15
5 9


735 5 15 9
5 15
5 9


736 5 15 9
5 15
5 9


737 5 15 9
5 15
5 9


738 5 15 9
5 15
5 9


739 5 15 9
5 15
5 9


740 5 15 9
5 15
5 9


741 5 15 9
5 15
5 9


742 5 15 9
5 15
5 9


743 5 15 9
5 15
5 9


744 5 15 9
5 15
5 9


745 5 15 9
5 15
5 9


746 5 15 9
5 15
5 9


747 5 15 9
5 15
5 9


748 5 15 9
5 15
5 9


749 5 15 9
5 15
5 9


750 5 15 9
5 15
5 9


751 5 15 9
5 15
5 9


752 5 15 9
5 15
5 9


753 5 15 9
5 15
5 9


754 5 15 9
5 15
5 9


755 5 15 9
5 15
5 9


756 5 15 9
5 15
5 9


757 5 15 9
5 15
5 9


758 5 15 9
5 15
5 9


759 5 15 9
5 15
5 9


760 5 15 9
5 15
5 9


761 5 15 9
5 15
5 9


762 5 15 9
5 15
5 9


763 5 15 9
5 15
5 9


764 5 15 9
5 15
5 9


765 5 15 9
5 15
5 9


766 5 15 9
5 15
5 9


767 5 15 9
5 15
5 9


768 5 15 9
5 15
5 9


769 5 15 9
5 15
5 9


770 5 15 9
5 15
5 9


771 5 15 9
5 15
5 9


772 5 15 9
5 15
5 9


1034 10 12 0
10 12
10 0


1035 10 12 0
10 12
10 0


1036 10 12 0
10 12
10 0


1037 10 12 0
10 12
10 0


1038 10 12 0
10 12
10 0


1039 10 12 0
10 12
10 0


1040 10 12 0
10 12
10 0


1041 10 12 0
10 12
10 0


1042 10 12 0
10 12
10 0


1043 10 12 0
10 12
10 0


1044 10 12 0
10 12
10 0


1045 10 12 0
10 12
10 0


1046 10 12 0
10 12
10 0


1047 10 12 0
10 12
10 0


1048 10 12 0
10 12
10 0


1049 10 12 0
10 12
10 0


1115 5 6 10
5 6
5 10


1116 5 6 10
5 6
5 10


1117 5 6 10
5 6
5 10


1118 5 6 10
5 6
5 10


1119 5 6 10
5 6
5 10


1120 5 6 10
5 6
5 10


1121 5 6 10
5 6
5 10


1122 5 6 10
5 6
5 10


1123 5 6 10
5 6
5 10


1124 5 6 10
5 6
5 10


1125 5 6 10
5 6
5 10


1126 5 6 10
5 6
5 10


1127 5 6 10
5 6
5 10


1128 5 6 10
5 6
5 10


1129 5 6 10
5 6
5 10


1130 5 6 10
5 6
5 10


1973 9 3 6
9 3
9 6


1974 9 3 6
9 3
9 6


1975 9 3 6
9 3
9 6


1976 9 3 6
9 3
9 6


1977 9 3 6
9 3
9 6


1978 9 3 6
9 3
9 6


1979 9 3 6
9 3
9 6


1980 9 3 6
9 3
9 6


1981 9 3 6
9 3
9 6


1982 9 3 6
9 3
9 6


1983 9 3 6
9 3
9 6


1984 9 3 6
9 3
9 6


1985 9 3 6
9 3
9 6


1986 9 3 6
9 3
9 6


1987 9 3 6
9 3
9 6


1988 9 3 6
9 3
9 6


1989 9 3 6
9 3
9 6


1990 9 3 6
9 3
9 6


1991 9 3 6
9 3
9 6


1992 9 3 6
9 3
9 6


1993 9 3 6
9 3
9 6


1994 9 3 6
9 3
9 6


1995 9 3 6
9 3
9 6


1996 9 3 6
9 3
9 6


1997 9 3 6
9 3
9 6


1998 9 3 6
9 3
9 6


1999 9 3 6
9 3
9 6


2000 9 3 6
9 3
9 6


2001 9 3 6
9 3
9 6


2002 9 3 6
9 3
9 6


2003 9 3 6
9 3
9 6


2004 9 3 6
9 3
9 6


2005 9 3 6
9 3
9 6


2006 9 3 6
9 3
9 6


2007 9 3 6
9 3
9 6


2008 9 3 6
9 3
9 6


2009 9 3 6
9 3
9 6


2010 9 3 6
9 3
9 6


2011 9 3 6
9 3
9 6


2012 9 3 6
9 3
9 6


2013 9 3 6
9 3
9 6


2014 9 3 6
9 3
9 6


2015 9 3 6
9 3
9 6


2016 9 3 6
9 3
9 6


2017 9 3 6
9 3
9 6


2018 9 3 6
9 3
9 6


2019 9 3 6
9 3
9 6


2020 9 3 6
9 3
9 6


2021 9 3 6
9 3
9 6


2022 9 3 6
9 3
9 6


2023 9 3 6
9 3
9 6


2024 9 3 6
9 3
9 6


2025 9 3 6
9 3
9 6


2026 9 3 6
9 3
9 6


2027 9 3 6
9 3
9 6


2028 9 3 6
9 3
9 6


2029 9 3 6
9 3
9 6


2030 9 3 6
9 3
9 6


2031 9 3 6
9 3
9 6


2032 9 3 6
9 3
9 6


2033 9 3 6
9 3
9 6


2034 9 3 6
9 3
9 6


2035 9 3 6
9 3
9 6


2036 9 3 6
9 3
9 6


2037 9 3 6
9 3
9 6


2038 9 3 6
9 3
9 6


2039 9 3 6
9 3
9 6


2040 9 3 6
9 3
9 6


2041 9 3 6
9 3
9 6


2042 9 3 6
9 3
9 6


2043 9 3 6
9 3
9 6


2044 9 3 6
9 3
9 6


2045 9 3 6
9 3
9 6


2046 9 3 6
9 3
9 6


2047 9 3 6
9 3
9 6


2048 9 3 6
9 3
9 6


2049 9 3 6
9 3
9 6


2050 9 3 6
9 3
9 6


2051 9 3 6
9 3
9 6


2052 9 3 6
9 3
9 6


2053 9 3 6
9 3
9 6


2054 9 3 6
9 3
9 6


2055 9 3 6
9 3
9 6


2056 9 3 6
9 3
9 6


2057 9 3 6
9 3
9 6


2058 9 3 6
9 3
9 6


2059 9 3 6
9 3
9 6


2060 9 3 6
9 3
9 6


2061 9 3 6
9 3
9 6


2062 9 3 6
9 3
9 6


2063 9 3 6
9 3
9 6


2064 9 3 6
9 3
9 6


2065 9 3 6
9 3
9 6


2066 9 3 6
9 3
9 6


2067 9 3 6
9 3
9 6


2068 9 3 6
9 3
9 6


2069 9 3 6
9 3
9 6


2070 9 3 6
9 3
9 6


2071 9 3 6
9 3
9 6


2072 9 3 6
9 3
9 6


2073 9 3 6
9 3
9 6


2074 9 3 6
9 3
9 6


2075 9 3 6
9 3
9 6


2076 9 3 6
9 3
9 6


2077 9 3 6
9 3
9 6


2078 9 3 6
9 3
9 6


2079 9 3 6
9 3
9 6


2080 9 3 6
9 3
9 6


2081 9 3 6
9 3
9 6


2082 9 3 6
9 3
9 6


2083 9 3 6
9 3
9 6


2084 9 3 6
9 3
9 6


2085 9 3 6
9 3
9 6


2086 9 3 6
9 3
9 6


2087 9 3 6
9 3
9 6


2088 9 3 6
9 3
9 6


2089 9 3 6
9 3
9 6


2090 9 3 6
9 3
9 6


2091 9 3 6
9 3
9 6


2092 9 3 6
9 3
9 6


2093 9 3 6
9 3
9 6


2094 9 3 6
9 3
9 6


2095 9 3 6
9 3
9 6


2096 9 3 6
9 3
9 6


2097 9 3 6
9 3
9 6


2098 9 3 6
9 3
9 6


2099 9 3 6
9 3
9 6


2100 9 3 6
9 3
9 6


3401 0 6 10
0 6
0 10


3402 0 6 10
0 6
0 10


3403 0 6 10
0 6
0 10


3404 0 6 10
0 6
0 10


3405 0 6 10
0 6
0 10


3406 0 6 10
0 6
0 10


3407 0 6 10
0 6
0 10


3408 0 6 10
0 6
0 10


3409 0 6 10
0 6
0 10


3410 0 6 10
0 6
0 10


3411 0 6 10
0 6
0 10


3412 0 6 10
0 6
0 10


3413 0 6 10
0 6
0 10


3414 0 6 10
0 6
0 10


3415 0 6 10
0 6
0 10


3416 0 6 10
0 6
0 10


3417 0 6 10
0 6
0 10


3418 0 6 10
0 6
0 10


3419 0 6 10
0 6
0 10


3420 0 6 10
0 6
0 10


3421 0 6 10
0 6
0 10


3422 0 6 10
0 6
0 10


3423 0 6 10
0 6
0 10


3424 0 6 10
0 6
0 10


3425 0 6 10
0 6
0 10


3426 0 6 10
0 6
0 10


3427 0 6 10
0 6
0 10


3428 0 6 10
0 6
0 10


3429 0 6 10
0 6
0 10


3430 0 6 10
0 6
0 10


3431 0 6 10
0 6
0 10


3432 0 6 10
0 6
0 10


3433 0 6 10
0 6
0 10


3434 0 6 10
0 6
0 10


3435 0 6 10
0 6
0 10


3436 0 6 10
0 6
0 10


3437 0 6 10
0 6
0 10


3438 0 6 10
0 6
0 10


3439 0 6 10
0 6
0 10


3440 0 6 10
0 6
0 10


3441 0 6 10
0 6
0 10


3442 0 6 10
0 6
0 10


3443 0 6 10
0 6
0 10


3444 0 6 10
0 6
0 10


3445 0 6 10
0 6
0 10


3446 0 6 10
0 6
0 10


3447 0 6 10
0 6
0 10


3448 0 6 10
0 6
0 10


3449 0 6 10
0 6
0 10


3450 0 6 10
0 6
0 10


3451 0 6 10
0 6
0 10


3452 0 6 10
0 6
0 10


3453 0 6 10
0 6
0 10


3454 0 6 10
0 6
0 10


3455 0 6 10
0 6
0 10


3456 0 6 10
0 6
0 10


3457 0 6 10
0 6
0 10


3458 0 6 10
0 6
0 10


3459 0 6 10
0 6
0 10


3460 0 6 10
0 6
0 10


3461 0 6 10
0 6
0 10


3462 0 6 10
0 6
0 10


3463 0 6 10
0 6
0 10


3464 0 6 10
0 6
0 10


3465 0 6 10
0 6
0 10


3466 0 6 10
0 6
0 10


3467 0 6 10
0 6
0 10


3468 0 6 10
0 6
0 10


3469 0 6 10
0 6
0 10


3470 0 6 10
0 6
0 10


3471 0 6 10
0 6
0 10


3472 0 6 10
0 6
0 10


3473 0 6 10
0 6
0 10


3474 0 6 10
0 6
0 10


3475 0 6 10
0 6
0 10


3476 0 6 10
0 6
0 10


3477 0 6 10
0 6
0 10


3478 0 6 10
0 6
0 10


3479 0 6 10
0 6
0 10


3480 0 6 10
0 6
0 10


3481 0 6 10
0 6
0 10


3482 0 6 10
0 6
0 10


3483 0 6 10
0 6
0 10


3484 0 6 10
0 6
0 10


3485 0 6 10
0 6
0 10


3486 0 6 10
0 6
0 10


3487 0 6 10
0 6
0 10


3488 0 6 10
0 6
0 10


3489 0 6 10
0 6
0 10


3490 0 6 10
0 6
0 10


3491 0 6 10
0 6
0 10


3492 0 6 10
0 6
0 10


3493 0 6 10
0 6
0 10


3494 0 6 10
0 6
0 10


3495 0 6 10
0 6
0 10


3496 0 6 10
0 6
0 10


3497 0 6 10
0 6
0 10


3498 0 6 10
0 6
0 10


3499 0 6 10
0 6
0 10


3500 0 6 10
0 6
0 10


3501 0 6 10
0 6
0 10


3502 0 6 10
0 6
0 10


3503 0 6 10
0 6
0 10


3504 0 6 10
0 6
0 10


3505 0 6 10
0 6
0 10


3506 0 6 10
0 6
0 10


3507 0 6 10
0 6
0 10


3508 0 6 10
0 6
0 10


3509 0 6 10
0 6
0 10


3510 0 6 10
0 6
0 10


3511 0 6 10
0 6
0 10


3512 0 6 10
0 6
0 10


3513 0 6 10
0 6
0 10


3514 0 6 10
0 6
0 10


3515 0 6 10
0 6
0 10


3516 0 6 10
0 6
0 10


3517 0 6 10
0 6
0 10


3518 0 6 10
0 6
0 10


3519 0 6 10
0 6
0 10


3520 0 6 10
0 6
0 10


3521 0 6 10
0 6
0 10


3522 0 6 10
0 6
0 10


3523 0 6 10
0 6
0 10


3524 0 6 10
0 6
0 10


3525 0 6 10
0 6
0 10


3526 0 6 10
0 6
0 10


3527 0 6 10
0 6
0 10


3528 0 6 10
0 6
0 10


4829 15 5 3
15 5
15 3


4830 15 5 3
15 5
15 3


4831 15 5 3
15 5
15 3


4832 15 5 3
15 5
15 3


4833 15 5 3
15 5
15 3


4834 15 5 3
15 5
15 3


4835 15 5 3
15 5
15 3


4836 15 5 3
15 5
15 3


4837 15 5 3
15 5
15 3


4838 15 5 3
15 5
15 3


4839 15 5 3
15 5
15 3


4840 15 5 3
15 5
15 3


4841 15 5 3
15 5
15 3


4842 15 5 3
15 5
15 3


4843 15 5 3
15 5
15 3


4844 15 5 3
15 5
15 3


4845 15 5 3
15 5
15 3


4846 15 5 3
15 5
15 3


4847 15 5 3
15 5
15 3


4848 15 5 3
15 5
15 3


4849 15 5 3
15 5
15 3


4850 15 5 3
15 5
15 3


4851 15 5 3
15 5
15 3


4852 15 5 3
15 5
15 3


4853 15 5 3
15 5
15 3


4854 15 5 3
15 5
15 3


4855 15 5 3
15 5
15 3


4856 15 5 3
15 5
15 3


4857 15 5 3
15 5
15 3


4858 15 5 3
15 5
15 3


4859 15 5 3
15 5
15 3


4860 15 5 3
15 5
15 3


4861 15 5 3
15 5
15 3


4862 15 5 3
15 5
15 3


4863 15 5 3
15 5
15 3


4864 15 5 3
15 5
15 3


4865 15 5 3
15 5
15 3


4866 15 5 3
15 5
15 3


4867 15 5 3
15 5
15 3


4868 15 5 3
15 5
15 3


4869 15 5 3
15 5
15 3


4870 15 5 3
15 5
15 3


4871 15 5 3
15 5
15 3


4872 15 5 3
15 5
15 3


4873 15 5 3
15 5
15 3


4874 15 5 3
15 5
15 3


4875 15 5 3
15 5
15 3


4876 15 5 3
15 5
15 3


4877 15 5 3
15 5
15 3


4878 15 5 3
15 5
15 3


4879 15 5 3
15 5
15 3


4880 15 5 3
15 5
15 3


4881 15 5 3
15 5
15 3


4882 15 5 3
15 5
15 3


4883 15 5 3
15 5
15 3


4884 15 5 3
15 5
15 3


4885 15 5 3
15 5
15 3


4886 15 5 3
15 5
15 3


4887 15 5 3
15 5
15 3


4888 15 5 3
15 5
15 3


4889 15 5 3
15 5
15 3


4890 15 5 3
15 5
15 3


4891 15 5 3
15 5
15 3


4892 15 5 3
15 5
15 3


4893 15 5 3
15 5
15 3


4894 15 5 3
15 5
15 3


4895 15 5 3
15 5
15 3


4896 15 5 3
15 5
15 3


4897 15 5 3
15 5
15 3


4898 15 5 3
15 5
15 3


4899 15 5 3
15 5
15 3


4900 15 5 3
15 5
15 3


4901 15 5 3
15 5
15 3


4902 15 5 3
15 5
15 3


4903 15 5 3
15 5
15 3


4904 15 5 3
15 5
15 3


4905 15 5 3
15 5
15 3


4906 15 5 3
15 5
15 3


4907 15 5 3
15 5
15 3


4908 15 5 3
15 5
15 3


4909 15 5 3
15 5
15 3


4910 15 5 3
15 5
15 3


4911 15 5 3
15 5
15 3


4912 15 5 3
15 5
15 3


4913 15 5 3
15 5
15 3


4914 15 5 3
15 5
15 3


4915 15 5 3
15 5
15 3


4916 15 5 3
15 5
15 3


4917 15 5 3
15 5
15 3


4918 15 5 3
15 5
15 3


4919 15 5 3
15 5
15 3


4920 15 5 3
15 5
15 3


4921 15 5 3
15 5
15 3


4922 15 5 3
15 5
15 3


4923 15 5 3
15 5
15 3


4924 15 5 3
15 5
15 3


4925 15 5 3
15 5
15 3


4926 15 5 3
15 5
15 3


4927 15 5 3
15 5
15 3


4928 15 5 3
15 5
15 3


4929 15 5 3
15 5
15 3


4930 15 5 3
15 5
15 3


4931 15 5 3
15 5
15 3


4932 15 5 3
15 5
15 3


4933 15 5 3
15 5
15 3


4934 15 5 3
15 5
15 3


4935 15 5 3
15 5
15 3


4936 15 5 3
15 5
15 3


4937 15 5 3
15 5
15 3


4938 15 5 3
15 5
15 3


4939 15 5 3
15 5
15 3


4940 15 5 3
15 5
15 3


4941 15 5 3
15 5
15 3


4942 15 5 3
15 5
15 3


4943 15 5 3
15 5
15 3


4944 15 5 3
15 5
15 3


4945 15 5 3
15 5
15 3


4946 15 5 3
15 5
15 3


4947 15 5 3
15 5
15 3


4948 15 5 3
15 5
15 3


4949 15 5 3
15 5
15 3


4950 15 5 3
15 5
15 3


4951 15 5 3
15 5
15 3


4952 15 5 3
15 5
15 3


4953 15 5 3
15 5
15 3


4954 15 5 3
15 5
15 3


4955 15 5 3
15 5
15 3


4956 15 5 3
15 5
15 3


6257 5 9 12
5 9
5 12


6258 5 9 12
5 9
5 12


6259 5 9 12
5 9
5 12


6260 5 9 12
5 9
5 12


6261 5 9 12
5 9
5 12


6262 5 9 12
5 9
5 12


6263 5 9 12
5 9
5 12


6264 5 9 12
5 9
5 12


6265 5 9 12
5 9
5 12


6266 5 9 12
5 9
5 12


6267 5 9 12
5 9
5 12


6268 5 9 12
5 9
5 12


6269 5 9 12
5 9
5 12


6270 5 9 12
5 9
5 12


6271 5 9 12
5 9
5 12


6272 5 9 12
5 9
5 12


6273 5 9 12
5 9
5 12


6274 5 9 12
5 9
5 12


6275 5 9 12
5 9
5 12


6276 5 9 12
5 9
5 12


6277 5 9 12
5 9
5 12


6278 5 9 12
5 9
5 12


6279 5 9 12
5 9
5 12


6280 5 9 12
5 9
5 12


6281 5 9 12
5 9
5 12


6282 5 9 12
5 9
5 12


6283 5 9 12
5 9
5 12


6284 5 9 12
5 9
5 12


6285 5 9 12
5 9
5 12


6286 5 9 12
5 9
5 12


6287 5 9 12
5 9
5 12


6288 5 9 12
5 9
5 12


6289 5 9 12
5 9
5 12


6290 5 9 12
5 9
5 12


6291 5 9 12
5 9
5 12


6292 5 9 12
5 9
5 12


6293 5 9 12
5 9
5 12


6294 5 9 12
5 9
5 12


6295 5 9 12
5 9
5 12


6296 5 9 12
5 9
5 12


6297 5 9 12
5 9
5 12


6298 5 9 12
5 9
5 12


6299 5 9 12
5 9
5 12


6300 5 9 12
5 9
5 12


6301 5 9 12
5 9
5 12


6302 5 9 12
5 9
5 12


6303 5 9 12
5 9
5 12


6304 5 9 12
5 9
5 12


6305 5 9 12
5 9
5 12


6306 5 9 12
5 9
5 12


6307 5 9 12
5 9
5 12


6308 5 9 12
5 9
5 12


6309 5 9 12
5 9
5 12


6310 5 9 12
5 9
5 12


6311 5 9 12
5 9
5 12


6312 5 9 12
5 9
5 12


6313 5 9 12
5 9
5 12


6314 5 9 12
5 9
5 12


6315 5 9 12
5 9
5 12


6316 5 9 12
5 9
5 12


6317 5 9 12
5 9
5 12


6318 5 9 12
5 9
5 12


6319 5 9 12
5 9
5 12


6320 5 9 12
5 9
5 12


6321 5 9 12
5 9
5 12


6322 5 9 12
5 9
5 12


6323 5 9 12
5 9
5 12


6324 5 9 12
5 9
5 12


6325 5 9 12
5 9
5 12


6326 5 9 12
5 9
5 12


6327 5 9 12
5 9
5 12


6328 5 9 12
5 9
5 12


6329 5 9 12
5 9
5 12


6330 5 9 12
5 9
5 12


6331 5 9 12
5 9
5 12


6332 5 9 12
5 9
5 12


6333 5 9 12
5 9
5 12


6334 5 9 12
5 9
5 12


6335 5 9 12
5 9
5 12


6336 5 9 12
5 9
5 12


6337 5 9 12
5 9
5 12


6338 5 9 12
5 9
5 12


6339 5 9 12
5 9
5 12


6340 5 9 12
5 9
5 12


6341 5 9 12
5 9
5 12


6342 5 9 12
5 9
5 12


6343 5 9 12
5 9
5 12


6344 5 9 12
5 9
5 12


6345 5 9 12
5 9
5 12


6346 5 9 12
5 9
5 12


6347 5 9 12
5 9
5 12


6348 5 9 12
5 9
5 12


6349 5 9 12
5 9
5 12


6350 5 9 12
5 9
5 12


6351 5 9 12
5 9
5 12


6352 5 9 12
5 9
5 12


6353 5 9 12
5 9
5 12


6354 5 9 12
5 9
5 12


6355 5 9 12
5 9
5 12


6356 5 9 12
5 9
5 12


6357 5 9 12
5 9
5 12


6358 5 9 12
5 9
5 12


6359 5 9 12
5 9
5 12


6360 5 9 12
5 9
5 12


6361 5 9 12
5 9
5 12


6362 5 9 12
5 9
5 12


6363 5 9 12
5 9
5 12


6364 5 9 12
5 9
5 12


6365 5 9 12
5 9
5 12


6366 5 9 12
5 9
5 12


6367 5 9 12
5 9
5 12


6368 5 9 12
5 9
5 12


6369 5 9 12
5 9
5 12


6370 5 9 12
5 9
5 12


6371 5 9 12
5 9
5 12


6372 5 9 12
5 9
5 12


6373 5 9 12
5 9
5 12


6374 5 9 12
5 9
5 12


6375 5 9 12
5 9
5 12


6376 5 9 12
5 9
5 12


6377 5 9 12
5 9
5 12


6378 5 9 12
5 9
5 12


6379 5 9 12
5 9
5 12


6380 5 9 12
5 9
5 12


6381 5 9 12
5 9
5 12


6382 5 9 12
5 9
5 12


6383 5 9 12
5 9
5 12


6384 5 9 12
5 9
5 12


