0 4 1 9
4 1
4 9


1 4 1 9
4 1
4 9


2 4 1 9
4 1
4 9


3 4 1 9
4 1
4 9


4 4 1 9
4 1
4 9


5 4 1 9
4 1
4 9


6 4 1 9
4 1
4 9


7 4 1 9
4 1
4 9


8 4 1 9
4 1
4 9


9 4 1 9
4 1
4 9


10 4 1 9
4 1
4 9


11 4 1 9
4 1
4 9


12 4 1 9
4 1
4 9


13 4 1 9
4 1
4 9


14 4 1 9
4 1
4 9


15 4 1 9
4 1
4 9


81 0 16 25
0 16
0 25


82 0 16 25
0 16
0 25


83 0 16 25
0 16
0 25


84 0 16 25
0 16
0 25


85 0 16 25
0 16
0 25


86 0 16 25
0 16
0 25


87 0 16 25
0 16
0 25


88 0 16 25
0 16
0 25


89 0 16 25
0 16
0 25


90 0 16 25
0 16
0 25


91 0 16 25
0 16
0 25


92 0 16 25
0 16
0 25


93 0 16 25
0 16
0 25


94 0 16 25
0 16
0 25


95 0 16 25
0 16
0 25


96 0 16 25
0 16
0 25


162 8 18 26
8 18
8 26


163 8 18 26
8 18
8 26


164 8 18 26
8 18
8 26


165 8 18 26
8 18
8 26


166 8 18 26
8 18
8 26


167 8 18 26
8 18
8 26


168 8 18 26
8 18
8 26


169 8 18 26
8 18
8 26


170 8 18 26
8 18
8 26


171 8 18 26
8 18
8 26


172 8 18 26
8 18
8 26


173 8 18 26
8 18
8 26


174 8 18 26
8 18
8 26


175 8 18 26
8 18
8 26


176 8 18 26
8 18
8 26


177 8 18 26
8 18
8 26


