0 2 5 3
2 5
2 3


1 2 5 3
2 5
2 3


2 2 5 3
2 5
2 3


3 2 5 3
2 5
2 3


4 2 5 3
2 5
2 3


5 2 5 3
2 5
2 3


6 2 5 3
2 5
2 3


7 2 5 3
2 5
2 3


8 2 5 3
2 5
2 3


9 2 5 3
2 5
2 3


10 2 5 3
2 5
2 3


11 2 5 3
2 5
2 3


12 2 5 3
2 5
2 3


13 2 5 3
2 5
2 3


14 2 5 3
2 5
2 3


15 2 5 3
2 5
2 3


16 2 5 3
2 5
2 3


17 2 5 3
2 5
2 3


18 2 5 3
2 5
2 3


19 2 5 3
2 5
2 3


20 2 5 3
2 5
2 3


21 2 5 3
2 5
2 3


22 2 5 3
2 5
2 3


23 2 5 3
2 5
2 3


24 2 5 3
2 5
2 3


25 2 5 3
2 5
2 3


26 2 5 3
2 5
2 3


27 2 5 3
2 5
2 3


28 2 5 3
2 5
2 3


29 2 5 3
2 5
2 3


30 2 5 3
2 5
2 3


31 2 5 3
2 5
2 3


162 0 10 15
0 10
0 15


163 0 10 15
0 10
0 15


164 0 10 15
0 10
0 15


165 0 10 15
0 10
0 15


166 0 10 15
0 10
0 15


167 0 10 15
0 10
0 15


168 0 10 15
0 10
0 15


169 0 10 15
0 10
0 15


170 0 10 15
0 10
0 15


171 0 10 15
0 10
0 15


172 0 10 15
0 10
0 15


173 0 10 15
0 10
0 15


174 0 10 15
0 10
0 15


175 0 10 15
0 10
0 15


176 0 10 15
0 10
0 15


177 0 10 15
0 10
0 15


178 0 10 15
0 10
0 15


179 0 10 15
0 10
0 15


180 0 10 15
0 10
0 15


181 0 10 15
0 10
0 15


182 0 10 15
0 10
0 15


183 0 10 15
0 10
0 15


184 0 10 15
0 10
0 15


185 0 10 15
0 10
0 15


186 0 10 15
0 10
0 15


187 0 10 15
0 10
0 15


188 0 10 15
0 10
0 15


189 0 10 15
0 10
0 15


190 0 10 15
0 10
0 15


191 0 10 15
0 10
0 15


192 0 10 15
0 10
0 15


193 0 10 15
0 10
0 15


324 6 12 0
6 12
6 0


325 6 12 0
6 12
6 0


326 6 12 0
6 12
6 0


327 6 12 0
6 12
6 0


328 6 12 0
6 12
6 0


329 6 12 0
6 12
6 0


330 6 12 0
6 12
6 0


331 6 12 0
6 12
6 0


332 6 12 0
6 12
6 0


333 6 12 0
6 12
6 0


334 6 12 0
6 12
6 0


335 6 12 0
6 12
6 0


336 6 12 0
6 12
6 0


337 6 12 0
6 12
6 0


338 6 12 0
6 12
6 0


339 6 12 0
6 12
6 0


340 6 12 0
6 12
6 0


341 6 12 0
6 12
6 0


342 6 12 0
6 12
6 0


343 6 12 0
6 12
6 0


344 6 12 0
6 12
6 0


345 6 12 0
6 12
6 0


346 6 12 0
6 12
6 0


347 6 12 0
6 12
6 0


348 6 12 0
6 12
6 0


349 6 12 0
6 12
6 0


350 6 12 0
6 12
6 0


351 6 12 0
6 12
6 0


352 6 12 0
6 12
6 0


353 6 12 0
6 12
6 0


354 6 12 0
6 12
6 0


355 6 12 0
6 12
6 0


486 9 3 6
9 3
9 6


487 9 3 6
9 3
9 6


488 9 3 6
9 3
9 6


489 9 3 6
9 3
9 6


490 9 3 6
9 3
9 6


491 9 3 6
9 3
9 6


492 9 3 6
9 3
9 6


493 9 3 6
9 3
9 6


494 9 3 6
9 3
9 6


495 9 3 6
9 3
9 6


496 9 3 6
9 3
9 6


497 9 3 6
9 3
9 6


498 9 3 6
9 3
9 6


499 9 3 6
9 3
9 6


500 9 3 6
9 3
9 6


501 9 3 6
9 3
9 6


502 9 3 6
9 3
9 6


503 9 3 6
9 3
9 6


504 9 3 6
9 3
9 6


505 9 3 6
9 3
9 6


506 9 3 6
9 3
9 6


507 9 3 6
9 3
9 6


508 9 3 6
9 3
9 6


509 9 3 6
9 3
9 6


510 9 3 6
9 3
9 6


511 9 3 6
9 3
9 6


512 9 3 6
9 3
9 6


513 9 3 6
9 3
9 6


514 9 3 6
9 3
9 6


515 9 3 6
9 3
9 6


516 9 3 6
9 3
9 6


517 9 3 6
9 3
9 6


648 5 15 9
5 15
5 9


649 5 15 9
5 15
5 9


650 5 15 9
5 15
5 9


651 5 15 9
5 15
5 9


652 5 15 9
5 15
5 9


653 5 15 9
5 15
5 9


654 5 15 9
5 15
5 9


655 5 15 9
5 15
5 9


656 5 15 9
5 15
5 9


657 5 15 9
5 15
5 9


658 5 15 9
5 15
5 9


659 5 15 9
5 15
5 9


660 5 15 9
5 15
5 9


661 5 15 9
5 15
5 9


662 5 15 9
5 15
5 9


663 5 15 9
5 15
5 9


664 5 15 9
5 15
5 9


665 5 15 9
5 15
5 9


666 5 15 9
5 15
5 9


667 5 15 9
5 15
5 9


668 5 15 9
5 15
5 9


669 5 15 9
5 15
5 9


670 5 15 9
5 15
5 9


671 5 15 9
5 15
5 9


672 5 15 9
5 15
5 9


673 5 15 9
5 15
5 9


674 5 15 9
5 15
5 9


675 5 15 9
5 15
5 9


676 5 15 9
5 15
5 9


677 5 15 9
5 15
5 9


678 5 15 9
5 15
5 9


679 5 15 9
5 15
5 9


680 5 15 9
5 15
5 9


681 5 15 9
5 15
5 9


682 5 15 9
5 15
5 9


683 5 15 9
5 15
5 9


684 5 15 9
5 15
5 9


685 5 15 9
5 15
5 9


686 5 15 9
5 15
5 9


687 5 15 9
5 15
5 9


688 5 15 9
5 15
5 9


689 5 15 9
5 15
5 9


690 5 15 9
5 15
5 9


691 5 15 9
5 15
5 9


692 5 15 9
5 15
5 9


693 5 15 9
5 15
5 9


694 5 15 9
5 15
5 9


695 5 15 9
5 15
5 9


696 5 15 9
5 15
5 9


697 5 15 9
5 15
5 9


698 5 15 9
5 15
5 9


699 5 15 9
5 15
5 9


700 5 15 9
5 15
5 9


701 5 15 9
5 15
5 9


702 5 15 9
5 15
5 9


703 5 15 9
5 15
5 9


704 5 15 9
5 15
5 9


705 5 15 9
5 15
5 9


706 5 15 9
5 15
5 9


707 5 15 9
5 15
5 9


708 5 15 9
5 15
5 9


709 5 15 9
5 15
5 9


710 5 15 9
5 15
5 9


711 5 15 9
5 15
5 9


712 5 15 9
5 15
5 9


713 5 15 9
5 15
5 9


714 5 15 9
5 15
5 9


715 5 15 9
5 15
5 9


716 5 15 9
5 15
5 9


717 5 15 9
5 15
5 9


718 5 15 9
5 15
5 9


719 5 15 9
5 15
5 9


720 5 15 9
5 15
5 9


721 5 15 9
5 15
5 9


722 5 15 9
5 15
5 9


723 5 15 9
5 15
5 9


724 5 15 9
5 15
5 9


725 5 15 9
5 15
5 9


726 5 15 9
5 15
5 9


727 5 15 9
5 15
5 9


728 5 15 9
5 15
5 9


729 5 15 9
5 15
5 9


730 5 15 9
5 15
5 9


731 5 15 9
5 15
5 9


732 5 15 9
5 15
5 9


733 5 15 9
5 15
5 9


734 5 15 9
5 15
5 9


735 5 15 9
5 15
5 9


736 5 15 9
5 15
5 9


737 5 15 9
5 15
5 9


738 5 15 9
5 15
5 9


739 5 15 9
5 15
5 9


740 5 15 9
5 15
5 9


741 5 15 9
5 15
5 9


742 5 15 9
5 15
5 9


743 5 15 9
5 15
5 9


744 5 15 9
5 15
5 9


745 5 15 9
5 15
5 9


746 5 15 9
5 15
5 9


747 5 15 9
5 15
5 9


748 5 15 9
5 15
5 9


749 5 15 9
5 15
5 9


750 5 15 9
5 15
5 9


751 5 15 9
5 15
5 9


752 5 15 9
5 15
5 9


753 5 15 9
5 15
5 9


754 5 15 9
5 15
5 9


755 5 15 9
5 15
5 9


756 5 15 9
5 15
5 9


757 5 15 9
5 15
5 9


758 5 15 9
5 15
5 9


759 5 15 9
5 15
5 9


760 5 15 9
5 15
5 9


761 5 15 9
5 15
5 9


762 5 15 9
5 15
5 9


763 5 15 9
5 15
5 9


764 5 15 9
5 15
5 9


765 5 15 9
5 15
5 9


766 5 15 9
5 15
5 9


767 5 15 9
5 15
5 9


768 5 15 9
5 15
5 9


769 5 15 9
5 15
5 9


770 5 15 9
5 15
5 9


771 5 15 9
5 15
5 9


772 5 15 9
5 15
5 9


773 5 15 9
5 15
5 9


774 5 15 9
5 15
5 9


775 5 15 9
5 15
5 9


1290 10 0 5
10 0
10 5


1291 10 0 5
10 0
10 5


1292 10 0 5
10 0
10 5


1293 10 0 5
10 0
10 5


1294 10 0 5
10 0
10 5


1295 10 0 5
10 0
10 5


1296 10 0 5
10 0
10 5


1297 10 0 5
10 0
10 5


1298 10 0 5
10 0
10 5


1299 10 0 5
10 0
10 5


1300 10 0 5
10 0
10 5


1301 10 0 5
10 0
10 5


1302 10 0 5
10 0
10 5


1303 10 0 5
10 0
10 5


1304 10 0 5
10 0
10 5


1305 10 0 5
10 0
10 5


1306 10 0 5
10 0
10 5


1307 10 0 5
10 0
10 5


1308 10 0 5
10 0
10 5


1309 10 0 5
10 0
10 5


1310 10 0 5
10 0
10 5


1311 10 0 5
10 0
10 5


1312 10 0 5
10 0
10 5


1313 10 0 5
10 0
10 5


1314 10 0 5
10 0
10 5


1315 10 0 5
10 0
10 5


1316 10 0 5
10 0
10 5


1317 10 0 5
10 0
10 5


1318 10 0 5
10 0
10 5


1319 10 0 5
10 0
10 5


1320 10 0 5
10 0
10 5


1321 10 0 5
10 0
10 5


1322 10 0 5
10 0
10 5


1323 10 0 5
10 0
10 5


1324 10 0 5
10 0
10 5


1325 10 0 5
10 0
10 5


1326 10 0 5
10 0
10 5


1327 10 0 5
10 0
10 5


1328 10 0 5
10 0
10 5


1329 10 0 5
10 0
10 5


1330 10 0 5
10 0
10 5


1331 10 0 5
10 0
10 5


1332 10 0 5
10 0
10 5


1333 10 0 5
10 0
10 5


1334 10 0 5
10 0
10 5


1335 10 0 5
10 0
10 5


1336 10 0 5
10 0
10 5


1337 10 0 5
10 0
10 5


1338 10 0 5
10 0
10 5


1339 10 0 5
10 0
10 5


1340 10 0 5
10 0
10 5


1341 10 0 5
10 0
10 5


1342 10 0 5
10 0
10 5


1343 10 0 5
10 0
10 5


1344 10 0 5
10 0
10 5


1345 10 0 5
10 0
10 5


1346 10 0 5
10 0
10 5


1347 10 0 5
10 0
10 5


1348 10 0 5
10 0
10 5


1349 10 0 5
10 0
10 5


1350 10 0 5
10 0
10 5


1351 10 0 5
10 0
10 5


1352 10 0 5
10 0
10 5


1353 10 0 5
10 0
10 5


1354 10 0 5
10 0
10 5


1355 10 0 5
10 0
10 5


1356 10 0 5
10 0
10 5


1357 10 0 5
10 0
10 5


1358 10 0 5
10 0
10 5


1359 10 0 5
10 0
10 5


1360 10 0 5
10 0
10 5


1361 10 0 5
10 0
10 5


1362 10 0 5
10 0
10 5


1363 10 0 5
10 0
10 5


1364 10 0 5
10 0
10 5


1365 10 0 5
10 0
10 5


1366 10 0 5
10 0
10 5


1367 10 0 5
10 0
10 5


1368 10 0 5
10 0
10 5


1369 10 0 5
10 0
10 5


1370 10 0 5
10 0
10 5


1371 10 0 5
10 0
10 5


1372 10 0 5
10 0
10 5


1373 10 0 5
10 0
10 5


1374 10 0 5
10 0
10 5


1375 10 0 5
10 0
10 5


1376 10 0 5
10 0
10 5


1377 10 0 5
10 0
10 5


1378 10 0 5
10 0
10 5


1379 10 0 5
10 0
10 5


1380 10 0 5
10 0
10 5


1381 10 0 5
10 0
10 5


1382 10 0 5
10 0
10 5


1383 10 0 5
10 0
10 5


1384 10 0 5
10 0
10 5


1385 10 0 5
10 0
10 5


1386 10 0 5
10 0
10 5


1387 10 0 5
10 0
10 5


1388 10 0 5
10 0
10 5


1389 10 0 5
10 0
10 5


1390 10 0 5
10 0
10 5


1391 10 0 5
10 0
10 5


1392 10 0 5
10 0
10 5


1393 10 0 5
10 0
10 5


1394 10 0 5
10 0
10 5


1395 10 0 5
10 0
10 5


1396 10 0 5
10 0
10 5


1397 10 0 5
10 0
10 5


1398 10 0 5
10 0
10 5


1399 10 0 5
10 0
10 5


1400 10 0 5
10 0
10 5


1401 10 0 5
10 0
10 5


1402 10 0 5
10 0
10 5


1403 10 0 5
10 0
10 5


1404 10 0 5
10 0
10 5


1405 10 0 5
10 0
10 5


1406 10 0 5
10 0
10 5


1407 10 0 5
10 0
10 5


1408 10 0 5
10 0
10 5


1409 10 0 5
10 0
10 5


1410 10 0 5
10 0
10 5


1411 10 0 5
10 0
10 5


1412 10 0 5
10 0
10 5


1413 10 0 5
10 0
10 5


1414 10 0 5
10 0
10 5


1415 10 0 5
10 0
10 5


1416 10 0 5
10 0
10 5


1417 10 0 5
10 0
10 5


1418 10 0 5
10 0
10 5


1419 10 0 5
10 0
10 5


1420 10 0 5
10 0
10 5


1421 10 0 5
10 0
10 5


1422 10 0 5
10 0
10 5


1423 10 0 5
10 0
10 5


1424 10 0 5
10 0
10 5


1425 10 0 5
10 0
10 5


1426 10 0 5
10 0
10 5


1427 10 0 5
10 0
10 5


1428 10 0 5
10 0
10 5


1429 10 0 5
10 0
10 5


1430 10 0 5
10 0
10 5


1431 10 0 5
10 0
10 5


1432 10 0 5
10 0
10 5


1433 10 0 5
10 0
10 5


1434 10 0 5
10 0
10 5


1435 10 0 5
10 0
10 5


1436 10 0 5
10 0
10 5


1437 10 0 5
10 0
10 5


1438 10 0 5
10 0
10 5


1439 10 0 5
10 0
10 5


1440 10 0 5
10 0
10 5


1441 10 0 5
10 0
10 5


1442 10 0 5
10 0
10 5


1443 10 0 5
10 0
10 5


1444 10 0 5
10 0
10 5


1445 10 0 5
10 0
10 5


1446 10 0 5
10 0
10 5


1447 10 0 5
10 0
10 5


1448 10 0 5
10 0
10 5


1449 10 0 5
10 0
10 5


1450 10 0 5
10 0
10 5


1451 10 0 5
10 0
10 5


1452 10 0 5
10 0
10 5


1453 10 0 5
10 0
10 5


1454 10 0 5
10 0
10 5


1455 10 0 5
10 0
10 5


1456 10 0 5
10 0
10 5


1457 10 0 5
10 0
10 5


1458 10 0 5
10 0
10 5


1459 10 0 5
10 0
10 5


1460 10 0 5
10 0
10 5


1461 10 0 5
10 0
10 5


1462 10 0 5
10 0
10 5


1463 10 0 5
10 0
10 5


1464 10 0 5
10 0
10 5


1465 10 0 5
10 0
10 5


1466 10 0 5
10 0
10 5


1467 10 0 5
10 0
10 5


1468 10 0 5
10 0
10 5


1469 10 0 5
10 0
10 5


1470 10 0 5
10 0
10 5


1471 10 0 5
10 0
10 5


1472 10 0 5
10 0
10 5


1473 10 0 5
10 0
10 5


1474 10 0 5
10 0
10 5


1475 10 0 5
10 0
10 5


1476 10 0 5
10 0
10 5


1477 10 0 5
10 0
10 5


1478 10 0 5
10 0
10 5


1479 10 0 5
10 0
10 5


1480 10 0 5
10 0
10 5


1481 10 0 5
10 0
10 5


1482 10 0 5
10 0
10 5


1483 10 0 5
10 0
10 5


1484 10 0 5
10 0
10 5


1485 10 0 5
10 0
10 5


1486 10 0 5
10 0
10 5


1487 10 0 5
10 0
10 5


1488 10 0 5
10 0
10 5


1489 10 0 5
10 0
10 5


1490 10 0 5
10 0
10 5


1491 10 0 5
10 0
10 5


1492 10 0 5
10 0
10 5


1493 10 0 5
10 0
10 5


1494 10 0 5
10 0
10 5


1495 10 0 5
10 0
10 5


1496 10 0 5
10 0
10 5


1497 10 0 5
10 0
10 5


1498 10 0 5
10 0
10 5


1499 10 0 5
10 0
10 5


1500 10 0 5
10 0
10 5


1501 10 0 5
10 0
10 5


1502 10 0 5
10 0
10 5


1503 10 0 5
10 0
10 5


1504 10 0 5
10 0
10 5


1505 10 0 5
10 0
10 5


1506 10 0 5
10 0
10 5


1507 10 0 5
10 0
10 5


1508 10 0 5
10 0
10 5


1509 10 0 5
10 0
10 5


1510 10 0 5
10 0
10 5


1511 10 0 5
10 0
10 5


1512 10 0 5
10 0
10 5


1513 10 0 5
10 0
10 5


1514 10 0 5
10 0
10 5


1515 10 0 5
10 0
10 5


1516 10 0 5
10 0
10 5


1517 10 0 5
10 0
10 5


1518 10 0 5
10 0
10 5


1519 10 0 5
10 0
10 5


1520 10 0 5
10 0
10 5


1521 10 0 5
10 0
10 5


1522 10 0 5
10 0
10 5


1523 10 0 5
10 0
10 5


1524 10 0 5
10 0
10 5


1525 10 0 5
10 0
10 5


1526 10 0 5
10 0
10 5


1527 10 0 5
10 0
10 5


1528 10 0 5
10 0
10 5


1529 10 0 5
10 0
10 5


1530 10 0 5
10 0
10 5


1531 10 0 5
10 0
10 5


1532 10 0 5
10 0
10 5


1533 10 0 5
10 0
10 5


1534 10 0 5
10 0
10 5


1535 10 0 5
10 0
10 5


1536 10 0 5
10 0
10 5


1537 10 0 5
10 0
10 5


1538 10 0 5
10 0
10 5


1539 10 0 5
10 0
10 5


1540 10 0 5
10 0
10 5


1541 10 0 5
10 0
10 5


1542 10 0 5
10 0
10 5


1543 10 0 5
10 0
10 5


1544 10 0 5
10 0
10 5


1545 10 0 5
10 0
10 5


2068 12 6 10
12 6
12 10


2069 12 6 10
12 6
12 10


2070 12 6 10
12 6
12 10


2071 12 6 10
12 6
12 10


2072 12 6 10
12 6
12 10


2073 12 6 10
12 6
12 10


2074 12 6 10
12 6
12 10


2075 12 6 10
12 6
12 10


2076 12 6 10
12 6
12 10


2077 12 6 10
12 6
12 10


2078 12 6 10
12 6
12 10


2079 12 6 10
12 6
12 10


2080 12 6 10
12 6
12 10


2081 12 6 10
12 6
12 10


2082 12 6 10
12 6
12 10


2083 12 6 10
12 6
12 10


2084 12 6 10
12 6
12 10


2085 12 6 10
12 6
12 10


2086 12 6 10
12 6
12 10


2087 12 6 10
12 6
12 10


2088 12 6 10
12 6
12 10


2089 12 6 10
12 6
12 10


2090 12 6 10
12 6
12 10


2091 12 6 10
12 6
12 10


2092 12 6 10
12 6
12 10


2093 12 6 10
12 6
12 10


2094 12 6 10
12 6
12 10


2095 12 6 10
12 6
12 10


2096 12 6 10
12 6
12 10


2097 12 6 10
12 6
12 10


2098 12 6 10
12 6
12 10


2099 12 6 10
12 6
12 10


2230 3 9 12
3 9
3 12


2231 3 9 12
3 9
3 12


2232 3 9 12
3 9
3 12


2233 3 9 12
3 9
3 12


2234 3 9 12
3 9
3 12


2235 3 9 12
3 9
3 12


2236 3 9 12
3 9
3 12


2237 3 9 12
3 9
3 12


2238 3 9 12
3 9
3 12


2239 3 9 12
3 9
3 12


2240 3 9 12
3 9
3 12


2241 3 9 12
3 9
3 12


2242 3 9 12
3 9
3 12


2243 3 9 12
3 9
3 12


2244 3 9 12
3 9
3 12


2245 3 9 12
3 9
3 12


2246 3 9 12
3 9
3 12


2247 3 9 12
3 9
3 12


2248 3 9 12
3 9
3 12


2249 3 9 12
3 9
3 12


2250 3 9 12
3 9
3 12


2251 3 9 12
3 9
3 12


2252 3 9 12
3 9
3 12


2253 3 9 12
3 9
3 12


2254 3 9 12
3 9
3 12


2255 3 9 12
3 9
3 12


2256 3 9 12
3 9
3 12


2257 3 9 12
3 9
3 12


2258 3 9 12
3 9
3 12


2259 3 9 12
3 9
3 12


2260 3 9 12
3 9
3 12


2261 3 9 12
3 9
3 12


