0 8 16 17
8 16
8 17


1 8 16 17
8 16
8 17


2 8 16 17
8 16
8 17


3 8 16 17
8 16
8 17


4 8 16 17
8 16
8 17


5 8 16 17
8 16
8 17


6 8 16 17
8 16
8 17


7 8 16 17
8 16
8 17


8 8 16 17
8 16
8 17


9 8 16 17
8 16
8 17


10 8 16 17
8 16
8 17


11 8 16 17
8 16
8 17


12 8 16 17
8 16
8 17


13 8 16 17
8 16
8 17


14 8 16 17
8 16
8 17


15 8 16 17
8 16
8 17


81 0 84 100
0 84
0 100


82 0 84 100
0 84
0 100


83 0 84 100
0 84
0 100


84 0 84 100
0 84
0 100


85 0 84 100
0 84
0 100


86 0 84 100
0 84
0 100


87 0 84 100
0 84
0 100


88 0 84 100
0 84
0 100


89 0 84 100
0 84
0 100


90 0 84 100
0 84
0 100


91 0 84 100
0 84
0 100


92 0 84 100
0 84
0 100


93 0 84 100
0 84
0 100


94 0 84 100
0 84
0 100


95 0 84 100
0 84
0 100


96 0 84 100
0 84
0 100


162 85 57 41
85 57
85 41


163 85 57 41
85 57
85 41


164 85 57 41
85 57
85 41


165 85 57 41
85 57
85 41


166 85 57 41
85 57
85 41


167 85 57 41
85 57
85 41


168 85 57 41
85 57
85 41


169 85 57 41
85 57
85 41


170 85 57 41
85 57
85 41


171 85 57 41
85 57
85 41


172 85 57 41
85 57
85 41


173 85 57 41
85 57
85 41


174 85 57 41
85 57
85 41


175 85 57 41
85 57
85 41


176 85 57 41
85 57
85 41


177 85 57 41
85 57
85 41


243 56 28 29
56 28
56 29


244 56 28 29
56 28
56 29


245 56 28 29
56 28
56 29


246 56 28 29
56 28
56 29


247 56 28 29
56 28
56 29


248 56 28 29
56 28
56 29


249 56 28 29
56 28
56 29


250 56 28 29
56 28
56 29


251 56 28 29
56 28
56 29


252 56 28 29
56 28
56 29


253 56 28 29
56 28
56 29


254 56 28 29
56 28
56 29


255 56 28 29
56 28
56 29


256 56 28 29
56 28
56 29


257 56 28 29
56 28
56 29


258 56 28 29
56 28
56 29


324 13 14 15
13 14
13 15


325 13 14 15
13 14
13 15


326 13 14 15
13 14
13 15


327 13 14 15
13 14
13 15


328 13 14 15
13 14
13 15


329 13 14 15
13 14
13 15


330 13 14 15
13 14
13 15


331 13 14 15
13 14
13 15


332 13 14 15
13 14
13 15


333 13 14 15
13 14
13 15


334 13 14 15
13 14
13 15


335 13 14 15
13 14
13 15


336 13 14 15
13 14
13 15


337 13 14 15
13 14
13 15


338 13 14 15
13 14
13 15


339 13 14 15
13 14
13 15


340 13 14 15
13 14
13 15


341 13 14 15
13 14
13 15


342 13 14 15
13 14
13 15


343 13 14 15
13 14
13 15


344 13 14 15
13 14
13 15


345 13 14 15
13 14
13 15


346 13 14 15
13 14
13 15


347 13 14 15
13 14
13 15


348 13 14 15
13 14
13 15


349 13 14 15
13 14
13 15


350 13 14 15
13 14
13 15


351 13 14 15
13 14
13 15


352 13 14 15
13 14
13 15


353 13 14 15
13 14
13 15


354 13 14 15
13 14
13 15


355 13 14 15
13 14
13 15


356 13 14 15
13 14
13 15


357 13 14 15
13 14
13 15


358 13 14 15
13 14
13 15


359 13 14 15
13 14
13 15


360 13 14 15
13 14
13 15


361 13 14 15
13 14
13 15


362 13 14 15
13 14
13 15


363 13 14 15
13 14
13 15


364 13 14 15
13 14
13 15


365 13 14 15
13 14
13 15


366 13 14 15
13 14
13 15


367 13 14 15
13 14
13 15


368 13 14 15
13 14
13 15


369 13 14 15
13 14
13 15


370 13 14 15
13 14
13 15


371 13 14 15
13 14
13 15


372 13 14 15
13 14
13 15


373 13 14 15
13 14
13 15


374 13 14 15
13 14
13 15


375 13 14 15
13 14
13 15


376 13 14 15
13 14
13 15


377 13 14 15
13 14
13 15


378 13 14 15
13 14
13 15


379 13 14 15
13 14
13 15


380 13 14 15
13 14
13 15


381 13 14 15
13 14
13 15


382 13 14 15
13 14
13 15


383 13 14 15
13 14
13 15


384 13 14 15
13 14
13 15


385 13 14 15
13 14
13 15


386 13 14 15
13 14
13 15


387 13 14 15
13 14
13 15


645 31 30 46
31 30
31 46


646 31 30 46
31 30
31 46


647 31 30 46
31 30
31 46


648 31 30 46
31 30
31 46


649 31 30 46
31 30
31 46


650 31 30 46
31 30
31 46


651 31 30 46
31 30
31 46


652 31 30 46
31 30
31 46


653 31 30 46
31 30
31 46


654 31 30 46
31 30
31 46


655 31 30 46
31 30
31 46


656 31 30 46
31 30
31 46


657 31 30 46
31 30
31 46


658 31 30 46
31 30
31 46


659 31 30 46
31 30
31 46


660 31 30 46
31 30
31 46


661 31 30 46
31 30
31 46


662 31 30 46
31 30
31 46


663 31 30 46
31 30
31 46


664 31 30 46
31 30
31 46


665 31 30 46
31 30
31 46


666 31 30 46
31 30
31 46


667 31 30 46
31 30
31 46


668 31 30 46
31 30
31 46


669 31 30 46
31 30
31 46


670 31 30 46
31 30
31 46


671 31 30 46
31 30
31 46


672 31 30 46
31 30
31 46


673 31 30 46
31 30
31 46


674 31 30 46
31 30
31 46


675 31 30 46
31 30
31 46


676 31 30 46
31 30
31 46


677 31 30 46
31 30
31 46


678 31 30 46
31 30
31 46


679 31 30 46
31 30
31 46


680 31 30 46
31 30
31 46


681 31 30 46
31 30
31 46


682 31 30 46
31 30
31 46


683 31 30 46
31 30
31 46


684 31 30 46
31 30
31 46


685 31 30 46
31 30
31 46


686 31 30 46
31 30
31 46


687 31 30 46
31 30
31 46


688 31 30 46
31 30
31 46


689 31 30 46
31 30
31 46


690 31 30 46
31 30
31 46


691 31 30 46
31 30
31 46


692 31 30 46
31 30
31 46


693 31 30 46
31 30
31 46


694 31 30 46
31 30
31 46


695 31 30 46
31 30
31 46


696 31 30 46
31 30
31 46


697 31 30 46
31 30
31 46


698 31 30 46
31 30
31 46


699 31 30 46
31 30
31 46


700 31 30 46
31 30
31 46


701 31 30 46
31 30
31 46


702 31 30 46
31 30
31 46


703 31 30 46
31 30
31 46


704 31 30 46
31 30
31 46


705 31 30 46
31 30
31 46


706 31 30 46
31 30
31 46


707 31 30 46
31 30
31 46


708 31 30 46
31 30
31 46


709 31 30 46
31 30
31 46


710 31 30 46
31 30
31 46


711 31 30 46
31 30
31 46


712 31 30 46
31 30
31 46


713 31 30 46
31 30
31 46


714 31 30 46
31 30
31 46


715 31 30 46
31 30
31 46


716 31 30 46
31 30
31 46


717 31 30 46
31 30
31 46


718 31 30 46
31 30
31 46


719 31 30 46
31 30
31 46


720 31 30 46
31 30
31 46


721 31 30 46
31 30
31 46


722 31 30 46
31 30
31 46


723 31 30 46
31 30
31 46


724 31 30 46
31 30
31 46


725 31 30 46
31 30
31 46


726 31 30 46
31 30
31 46


727 31 30 46
31 30
31 46


728 31 30 46
31 30
31 46


729 31 30 46
31 30
31 46


730 31 30 46
31 30
31 46


731 31 30 46
31 30
31 46


732 31 30 46
31 30
31 46


733 31 30 46
31 30
31 46


734 31 30 46
31 30
31 46


735 31 30 46
31 30
31 46


736 31 30 46
31 30
31 46


737 31 30 46
31 30
31 46


738 31 30 46
31 30
31 46


739 31 30 46
31 30
31 46


740 31 30 46
31 30
31 46


741 31 30 46
31 30
31 46


742 31 30 46
31 30
31 46


743 31 30 46
31 30
31 46


744 31 30 46
31 30
31 46


745 31 30 46
31 30
31 46


746 31 30 46
31 30
31 46


747 31 30 46
31 30
31 46


748 31 30 46
31 30
31 46


749 31 30 46
31 30
31 46


750 31 30 46
31 30
31 46


751 31 30 46
31 30
31 46


752 31 30 46
31 30
31 46


753 31 30 46
31 30
31 46


754 31 30 46
31 30
31 46


755 31 30 46
31 30
31 46


756 31 30 46
31 30
31 46


757 31 30 46
31 30
31 46


758 31 30 46
31 30
31 46


759 31 30 46
31 30
31 46


760 31 30 46
31 30
31 46


761 31 30 46
31 30
31 46


762 31 30 46
31 30
31 46


763 31 30 46
31 30
31 46


764 31 30 46
31 30
31 46


765 31 30 46
31 30
31 46


766 31 30 46
31 30
31 46


767 31 30 46
31 30
31 46


768 31 30 46
31 30
31 46


769 31 30 46
31 30
31 46


770 31 30 46
31 30
31 46


771 31 30 46
31 30
31 46


772 31 30 46
31 30
31 46


1034 47 63 62
47 63
47 62


1035 47 63 62
47 63
47 62


1036 47 63 62
47 63
47 62


1037 47 63 62
47 63
47 62


1038 47 63 62
47 63
47 62


1039 47 63 62
47 63
47 62


1040 47 63 62
47 63
47 62


1041 47 63 62
47 63
47 62


1042 47 63 62
47 63
47 62


1043 47 63 62
47 63
47 62


1044 47 63 62
47 63
47 62


1045 47 63 62
47 63
47 62


1046 47 63 62
47 63
47 62


1047 47 63 62
47 63
47 62


1048 47 63 62
47 63
47 62


1049 47 63 62
47 63
47 62


1115 61 44 60
61 44
61 60


1116 61 44 60
61 44
61 60


1117 61 44 60
61 44
61 60


1118 61 44 60
61 44
61 60


1119 61 44 60
61 44
61 60


1120 61 44 60
61 44
61 60


1121 61 44 60
61 44
61 60


1122 61 44 60
61 44
61 60


1123 61 44 60
61 44
61 60


1124 61 44 60
61 44
61 60


1125 61 44 60
61 44
61 60


1126 61 44 60
61 44
61 60


1127 61 44 60
61 44
61 60


1128 61 44 60
61 44
61 60


1129 61 44 60
61 44
61 60


1130 61 44 60
61 44
61 60


1973 19 51 50
19 51
19 50


1974 19 51 50
19 51
19 50


1975 19 51 50
19 51
19 50


1976 19 51 50
19 51
19 50


1977 19 51 50
19 51
19 50


1978 19 51 50
19 51
19 50


1979 19 51 50
19 51
19 50


1980 19 51 50
19 51
19 50


1981 19 51 50
19 51
19 50


1982 19 51 50
19 51
19 50


1983 19 51 50
19 51
19 50


1984 19 51 50
19 51
19 50


1985 19 51 50
19 51
19 50


1986 19 51 50
19 51
19 50


1987 19 51 50
19 51
19 50


1988 19 51 50
19 51
19 50


1989 19 51 50
19 51
19 50


1990 19 51 50
19 51
19 50


1991 19 51 50
19 51
19 50


1992 19 51 50
19 51
19 50


1993 19 51 50
19 51
19 50


1994 19 51 50
19 51
19 50


1995 19 51 50
19 51
19 50


1996 19 51 50
19 51
19 50


1997 19 51 50
19 51
19 50


1998 19 51 50
19 51
19 50


1999 19 51 50
19 51
19 50


2000 19 51 50
19 51
19 50


2001 19 51 50
19 51
19 50


2002 19 51 50
19 51
19 50


2003 19 51 50
19 51
19 50


2004 19 51 50
19 51
19 50


2005 19 51 50
19 51
19 50


2006 19 51 50
19 51
19 50


2007 19 51 50
19 51
19 50


2008 19 51 50
19 51
19 50


2009 19 51 50
19 51
19 50


2010 19 51 50
19 51
19 50


2011 19 51 50
19 51
19 50


2012 19 51 50
19 51
19 50


2013 19 51 50
19 51
19 50


2014 19 51 50
19 51
19 50


2015 19 51 50
19 51
19 50


2016 19 51 50
19 51
19 50


2017 19 51 50
19 51
19 50


2018 19 51 50
19 51
19 50


2019 19 51 50
19 51
19 50


2020 19 51 50
19 51
19 50


2021 19 51 50
19 51
19 50


2022 19 51 50
19 51
19 50


2023 19 51 50
19 51
19 50


2024 19 51 50
19 51
19 50


2025 19 51 50
19 51
19 50


2026 19 51 50
19 51
19 50


2027 19 51 50
19 51
19 50


2028 19 51 50
19 51
19 50


2029 19 51 50
19 51
19 50


2030 19 51 50
19 51
19 50


2031 19 51 50
19 51
19 50


2032 19 51 50
19 51
19 50


2033 19 51 50
19 51
19 50


2034 19 51 50
19 51
19 50


2035 19 51 50
19 51
19 50


2036 19 51 50
19 51
19 50


2037 19 51 50
19 51
19 50


2038 19 51 50
19 51
19 50


2039 19 51 50
19 51
19 50


2040 19 51 50
19 51
19 50


2041 19 51 50
19 51
19 50


2042 19 51 50
19 51
19 50


2043 19 51 50
19 51
19 50


2044 19 51 50
19 51
19 50


2045 19 51 50
19 51
19 50


2046 19 51 50
19 51
19 50


2047 19 51 50
19 51
19 50


2048 19 51 50
19 51
19 50


2049 19 51 50
19 51
19 50


2050 19 51 50
19 51
19 50


2051 19 51 50
19 51
19 50


2052 19 51 50
19 51
19 50


2053 19 51 50
19 51
19 50


2054 19 51 50
19 51
19 50


2055 19 51 50
19 51
19 50


2056 19 51 50
19 51
19 50


2057 19 51 50
19 51
19 50


2058 19 51 50
19 51
19 50


2059 19 51 50
19 51
19 50


2060 19 51 50
19 51
19 50


2061 19 51 50
19 51
19 50


2062 19 51 50
19 51
19 50


2063 19 51 50
19 51
19 50


2064 19 51 50
19 51
19 50


2065 19 51 50
19 51
19 50


2066 19 51 50
19 51
19 50


2067 19 51 50
19 51
19 50


2068 19 51 50
19 51
19 50


2069 19 51 50
19 51
19 50


2070 19 51 50
19 51
19 50


2071 19 51 50
19 51
19 50


2072 19 51 50
19 51
19 50


2073 19 51 50
19 51
19 50


2074 19 51 50
19 51
19 50


2075 19 51 50
19 51
19 50


2076 19 51 50
19 51
19 50


2077 19 51 50
19 51
19 50


2078 19 51 50
19 51
19 50


2079 19 51 50
19 51
19 50


2080 19 51 50
19 51
19 50


2081 19 51 50
19 51
19 50


2082 19 51 50
19 51
19 50


2083 19 51 50
19 51
19 50


2084 19 51 50
19 51
19 50


2085 19 51 50
19 51
19 50


2086 19 51 50
19 51
19 50


2087 19 51 50
19 51
19 50


2088 19 51 50
19 51
19 50


2089 19 51 50
19 51
19 50


2090 19 51 50
19 51
19 50


2091 19 51 50
19 51
19 50


2092 19 51 50
19 51
19 50


2093 19 51 50
19 51
19 50


2094 19 51 50
19 51
19 50


2095 19 51 50
19 51
19 50


2096 19 51 50
19 51
19 50


2097 19 51 50
19 51
19 50


2098 19 51 50
19 51
19 50


2099 19 51 50
19 51
19 50


2100 19 51 50
19 51
19 50


3401 114 83 82
114 83
114 82


3402 114 83 82
114 83
114 82


3403 114 83 82
114 83
114 82


3404 114 83 82
114 83
114 82


3405 114 83 82
114 83
114 82


3406 114 83 82
114 83
114 82


3407 114 83 82
114 83
114 82


3408 114 83 82
114 83
114 82


3409 114 83 82
114 83
114 82


3410 114 83 82
114 83
114 82


3411 114 83 82
114 83
114 82


3412 114 83 82
114 83
114 82


3413 114 83 82
114 83
114 82


3414 114 83 82
114 83
114 82


3415 114 83 82
114 83
114 82


3416 114 83 82
114 83
114 82


3417 114 83 82
114 83
114 82


3418 114 83 82
114 83
114 82


3419 114 83 82
114 83
114 82


3420 114 83 82
114 83
114 82


3421 114 83 82
114 83
114 82


3422 114 83 82
114 83
114 82


3423 114 83 82
114 83
114 82


3424 114 83 82
114 83
114 82


3425 114 83 82
114 83
114 82


3426 114 83 82
114 83
114 82


3427 114 83 82
114 83
114 82


3428 114 83 82
114 83
114 82


3429 114 83 82
114 83
114 82


3430 114 83 82
114 83
114 82


3431 114 83 82
114 83
114 82


3432 114 83 82
114 83
114 82


3433 114 83 82
114 83
114 82


3434 114 83 82
114 83
114 82


3435 114 83 82
114 83
114 82


3436 114 83 82
114 83
114 82


3437 114 83 82
114 83
114 82


3438 114 83 82
114 83
114 82


3439 114 83 82
114 83
114 82


3440 114 83 82
114 83
114 82


3441 114 83 82
114 83
114 82


3442 114 83 82
114 83
114 82


3443 114 83 82
114 83
114 82


3444 114 83 82
114 83
114 82


3445 114 83 82
114 83
114 82


3446 114 83 82
114 83
114 82


3447 114 83 82
114 83
114 82


3448 114 83 82
114 83
114 82


3449 114 83 82
114 83
114 82


3450 114 83 82
114 83
114 82


3451 114 83 82
114 83
114 82


3452 114 83 82
114 83
114 82


3453 114 83 82
114 83
114 82


3454 114 83 82
114 83
114 82


3455 114 83 82
114 83
114 82


3456 114 83 82
114 83
114 82


3457 114 83 82
114 83
114 82


3458 114 83 82
114 83
114 82


3459 114 83 82
114 83
114 82


3460 114 83 82
114 83
114 82


3461 114 83 82
114 83
114 82


3462 114 83 82
114 83
114 82


3463 114 83 82
114 83
114 82


3464 114 83 82
114 83
114 82


3465 114 83 82
114 83
114 82


3466 114 83 82
114 83
114 82


3467 114 83 82
114 83
114 82


3468 114 83 82
114 83
114 82


3469 114 83 82
114 83
114 82


3470 114 83 82
114 83
114 82


3471 114 83 82
114 83
114 82


3472 114 83 82
114 83
114 82


3473 114 83 82
114 83
114 82


3474 114 83 82
114 83
114 82


3475 114 83 82
114 83
114 82


3476 114 83 82
114 83
114 82


3477 114 83 82
114 83
114 82


3478 114 83 82
114 83
114 82


3479 114 83 82
114 83
114 82


3480 114 83 82
114 83
114 82


3481 114 83 82
114 83
114 82


3482 114 83 82
114 83
114 82


3483 114 83 82
114 83
114 82


3484 114 83 82
114 83
114 82


3485 114 83 82
114 83
114 82


3486 114 83 82
114 83
114 82


3487 114 83 82
114 83
114 82


3488 114 83 82
114 83
114 82


3489 114 83 82
114 83
114 82


3490 114 83 82
114 83
114 82


3491 114 83 82
114 83
114 82


3492 114 83 82
114 83
114 82


3493 114 83 82
114 83
114 82


3494 114 83 82
114 83
114 82


3495 114 83 82
114 83
114 82


3496 114 83 82
114 83
114 82


3497 114 83 82
114 83
114 82


3498 114 83 82
114 83
114 82


3499 114 83 82
114 83
114 82


3500 114 83 82
114 83
114 82


3501 114 83 82
114 83
114 82


3502 114 83 82
114 83
114 82


3503 114 83 82
114 83
114 82


3504 114 83 82
114 83
114 82


3505 114 83 82
114 83
114 82


3506 114 83 82
114 83
114 82


3507 114 83 82
114 83
114 82


3508 114 83 82
114 83
114 82


3509 114 83 82
114 83
114 82


3510 114 83 82
114 83
114 82


3511 114 83 82
114 83
114 82


3512 114 83 82
114 83
114 82


3513 114 83 82
114 83
114 82


3514 114 83 82
114 83
114 82


3515 114 83 82
114 83
114 82


3516 114 83 82
114 83
114 82


3517 114 83 82
114 83
114 82


3518 114 83 82
114 83
114 82


3519 114 83 82
114 83
114 82


3520 114 83 82
114 83
114 82


3521 114 83 82
114 83
114 82


3522 114 83 82
114 83
114 82


3523 114 83 82
114 83
114 82


3524 114 83 82
114 83
114 82


3525 114 83 82
114 83
114 82


3526 114 83 82
114 83
114 82


3527 114 83 82
114 83
114 82


3528 114 83 82
114 83
114 82


4829 70 38 54
70 38
70 54


4830 70 38 54
70 38
70 54


4831 70 38 54
70 38
70 54


4832 70 38 54
70 38
70 54


4833 70 38 54
70 38
70 54


4834 70 38 54
70 38
70 54


4835 70 38 54
70 38
70 54


4836 70 38 54
70 38
70 54


4837 70 38 54
70 38
70 54


4838 70 38 54
70 38
70 54


4839 70 38 54
70 38
70 54


4840 70 38 54
70 38
70 54


4841 70 38 54
70 38
70 54


4842 70 38 54
70 38
70 54


4843 70 38 54
70 38
70 54


4844 70 38 54
70 38
70 54


4845 70 38 54
70 38
70 54


4846 70 38 54
70 38
70 54


4847 70 38 54
70 38
70 54


4848 70 38 54
70 38
70 54


4849 70 38 54
70 38
70 54


4850 70 38 54
70 38
70 54


4851 70 38 54
70 38
70 54


4852 70 38 54
70 38
70 54


4853 70 38 54
70 38
70 54


4854 70 38 54
70 38
70 54


4855 70 38 54
70 38
70 54


4856 70 38 54
70 38
70 54


4857 70 38 54
70 38
70 54


4858 70 38 54
70 38
70 54


4859 70 38 54
70 38
70 54


4860 70 38 54
70 38
70 54


4861 70 38 54
70 38
70 54


4862 70 38 54
70 38
70 54


4863 70 38 54
70 38
70 54


4864 70 38 54
70 38
70 54


4865 70 38 54
70 38
70 54


4866 70 38 54
70 38
70 54


4867 70 38 54
70 38
70 54


4868 70 38 54
70 38
70 54


4869 70 38 54
70 38
70 54


4870 70 38 54
70 38
70 54


4871 70 38 54
70 38
70 54


4872 70 38 54
70 38
70 54


4873 70 38 54
70 38
70 54


4874 70 38 54
70 38
70 54


4875 70 38 54
70 38
70 54


4876 70 38 54
70 38
70 54


4877 70 38 54
70 38
70 54


4878 70 38 54
70 38
70 54


4879 70 38 54
70 38
70 54


4880 70 38 54
70 38
70 54


4881 70 38 54
70 38
70 54


4882 70 38 54
70 38
70 54


4883 70 38 54
70 38
70 54


4884 70 38 54
70 38
70 54


4885 70 38 54
70 38
70 54


4886 70 38 54
70 38
70 54


4887 70 38 54
70 38
70 54


4888 70 38 54
70 38
70 54


4889 70 38 54
70 38
70 54


4890 70 38 54
70 38
70 54


4891 70 38 54
70 38
70 54


4892 70 38 54
70 38
70 54


4893 70 38 54
70 38
70 54


4894 70 38 54
70 38
70 54


4895 70 38 54
70 38
70 54


4896 70 38 54
70 38
70 54


4897 70 38 54
70 38
70 54


4898 70 38 54
70 38
70 54


4899 70 38 54
70 38
70 54


4900 70 38 54
70 38
70 54


4901 70 38 54
70 38
70 54


4902 70 38 54
70 38
70 54


4903 70 38 54
70 38
70 54


4904 70 38 54
70 38
70 54


4905 70 38 54
70 38
70 54


4906 70 38 54
70 38
70 54


4907 70 38 54
70 38
70 54


4908 70 38 54
70 38
70 54


4909 70 38 54
70 38
70 54


4910 70 38 54
70 38
70 54


4911 70 38 54
70 38
70 54


4912 70 38 54
70 38
70 54


4913 70 38 54
70 38
70 54


4914 70 38 54
70 38
70 54


4915 70 38 54
70 38
70 54


4916 70 38 54
70 38
70 54


4917 70 38 54
70 38
70 54


4918 70 38 54
70 38
70 54


4919 70 38 54
70 38
70 54


4920 70 38 54
70 38
70 54


4921 70 38 54
70 38
70 54


4922 70 38 54
70 38
70 54


4923 70 38 54
70 38
70 54


4924 70 38 54
70 38
70 54


4925 70 38 54
70 38
70 54


4926 70 38 54
70 38
70 54


4927 70 38 54
70 38
70 54


4928 70 38 54
70 38
70 54


4929 70 38 54
70 38
70 54


4930 70 38 54
70 38
70 54


4931 70 38 54
70 38
70 54


4932 70 38 54
70 38
70 54


4933 70 38 54
70 38
70 54


4934 70 38 54
70 38
70 54


4935 70 38 54
70 38
70 54


4936 70 38 54
70 38
70 54


4937 70 38 54
70 38
70 54


4938 70 38 54
70 38
70 54


4939 70 38 54
70 38
70 54


4940 70 38 54
70 38
70 54


4941 70 38 54
70 38
70 54


4942 70 38 54
70 38
70 54


4943 70 38 54
70 38
70 54


4944 70 38 54
70 38
70 54


4945 70 38 54
70 38
70 54


4946 70 38 54
70 38
70 54


4947 70 38 54
70 38
70 54


4948 70 38 54
70 38
70 54


4949 70 38 54
70 38
70 54


4950 70 38 54
70 38
70 54


4951 70 38 54
70 38
70 54


4952 70 38 54
70 38
70 54


4953 70 38 54
70 38
70 54


4954 70 38 54
70 38
70 54


4955 70 38 54
70 38
70 54


4956 70 38 54
70 38
70 54


6257 40 58 59
40 58
40 59


6258 40 58 59
40 58
40 59


6259 40 58 59
40 58
40 59


6260 40 58 59
40 58
40 59


6261 40 58 59
40 58
40 59


6262 40 58 59
40 58
40 59


6263 40 58 59
40 58
40 59


6264 40 58 59
40 58
40 59


6265 40 58 59
40 58
40 59


6266 40 58 59
40 58
40 59


6267 40 58 59
40 58
40 59


6268 40 58 59
40 58
40 59


6269 40 58 59
40 58
40 59


6270 40 58 59
40 58
40 59


6271 40 58 59
40 58
40 59


6272 40 58 59
40 58
40 59


6273 40 58 59
40 58
40 59


6274 40 58 59
40 58
40 59


6275 40 58 59
40 58
40 59


6276 40 58 59
40 58
40 59


6277 40 58 59
40 58
40 59


6278 40 58 59
40 58
40 59


6279 40 58 59
40 58
40 59


6280 40 58 59
40 58
40 59


6281 40 58 59
40 58
40 59


6282 40 58 59
40 58
40 59


6283 40 58 59
40 58
40 59


6284 40 58 59
40 58
40 59


6285 40 58 59
40 58
40 59


6286 40 58 59
40 58
40 59


6287 40 58 59
40 58
40 59


6288 40 58 59
40 58
40 59


6289 40 58 59
40 58
40 59


6290 40 58 59
40 58
40 59


6291 40 58 59
40 58
40 59


6292 40 58 59
40 58
40 59


6293 40 58 59
40 58
40 59


6294 40 58 59
40 58
40 59


6295 40 58 59
40 58
40 59


6296 40 58 59
40 58
40 59


6297 40 58 59
40 58
40 59


6298 40 58 59
40 58
40 59


6299 40 58 59
40 58
40 59


6300 40 58 59
40 58
40 59


6301 40 58 59
40 58
40 59


6302 40 58 59
40 58
40 59


6303 40 58 59
40 58
40 59


6304 40 58 59
40 58
40 59


6305 40 58 59
40 58
40 59


6306 40 58 59
40 58
40 59


6307 40 58 59
40 58
40 59


6308 40 58 59
40 58
40 59


6309 40 58 59
40 58
40 59


6310 40 58 59
40 58
40 59


6311 40 58 59
40 58
40 59


6312 40 58 59
40 58
40 59


6313 40 58 59
40 58
40 59


6314 40 58 59
40 58
40 59


6315 40 58 59
40 58
40 59


6316 40 58 59
40 58
40 59


6317 40 58 59
40 58
40 59


6318 40 58 59
40 58
40 59


6319 40 58 59
40 58
40 59


6320 40 58 59
40 58
40 59


6321 40 58 59
40 58
40 59


6322 40 58 59
40 58
40 59


6323 40 58 59
40 58
40 59


6324 40 58 59
40 58
40 59


6325 40 58 59
40 58
40 59


6326 40 58 59
40 58
40 59


6327 40 58 59
40 58
40 59


6328 40 58 59
40 58
40 59


6329 40 58 59
40 58
40 59


6330 40 58 59
40 58
40 59


6331 40 58 59
40 58
40 59


6332 40 58 59
40 58
40 59


6333 40 58 59
40 58
40 59


6334 40 58 59
40 58
40 59


6335 40 58 59
40 58
40 59


6336 40 58 59
40 58
40 59


6337 40 58 59
40 58
40 59


6338 40 58 59
40 58
40 59


6339 40 58 59
40 58
40 59


6340 40 58 59
40 58
40 59


6341 40 58 59
40 58
40 59


6342 40 58 59
40 58
40 59


6343 40 58 59
40 58
40 59


6344 40 58 59
40 58
40 59


6345 40 58 59
40 58
40 59


6346 40 58 59
40 58
40 59


6347 40 58 59
40 58
40 59


6348 40 58 59
40 58
40 59


6349 40 58 59
40 58
40 59


6350 40 58 59
40 58
40 59


6351 40 58 59
40 58
40 59


6352 40 58 59
40 58
40 59


6353 40 58 59
40 58
40 59


6354 40 58 59
40 58
40 59


6355 40 58 59
40 58
40 59


6356 40 58 59
40 58
40 59


6357 40 58 59
40 58
40 59


6358 40 58 59
40 58
40 59


6359 40 58 59
40 58
40 59


6360 40 58 59
40 58
40 59


6361 40 58 59
40 58
40 59


6362 40 58 59
40 58
40 59


6363 40 58 59
40 58
40 59


6364 40 58 59
40 58
40 59


6365 40 58 59
40 58
40 59


6366 40 58 59
40 58
40 59


6367 40 58 59
40 58
40 59


6368 40 58 59
40 58
40 59


6369 40 58 59
40 58
40 59


6370 40 58 59
40 58
40 59


6371 40 58 59
40 58
40 59


6372 40 58 59
40 58
40 59


6373 40 58 59
40 58
40 59


6374 40 58 59
40 58
40 59


6375 40 58 59
40 58
40 59


6376 40 58 59
40 58
40 59


6377 40 58 59
40 58
40 59


6378 40 58 59
40 58
40 59


6379 40 58 59
40 58
40 59


6380 40 58 59
40 58
40 59


6381 40 58 59
40 58
40 59


6382 40 58 59
40 58
40 59


6383 40 58 59
40 58
40 59


6384 40 58 59
40 58
40 59


