0 4 1 8
4 1
4 8


1 4 1 8
4 1
4 8


2 4 1 8
4 1
4 8


3 4 1 8
4 1
4 8


4 4 1 8
4 1
4 8


5 4 1 8
4 1
4 8


6 4 1 8
4 1
4 8


7 4 1 8
4 1
4 8


8 4 1 8
4 1
4 8


9 4 1 8
4 1
4 8


10 4 1 8
4 1
4 8


11 4 1 8
4 1
4 8


12 4 1 8
4 1
4 8


13 4 1 8
4 1
4 8


14 4 1 8
4 1
4 8


15 4 1 8
4 1
4 8


16 4 1 8
4 1
4 8


17 4 1 8
4 1
4 8


18 4 1 8
4 1
4 8


19 4 1 8
4 1
4 8


20 4 1 8
4 1
4 8


21 4 1 8
4 1
4 8


22 4 1 8
4 1
4 8


23 4 1 8
4 1
4 8


24 4 1 8
4 1
4 8


25 4 1 8
4 1
4 8


26 4 1 8
4 1
4 8


27 4 1 8
4 1
4 8


28 4 1 8
4 1
4 8


29 4 1 8
4 1
4 8


30 4 1 8
4 1
4 8


31 4 1 8
4 1
4 8


32 4 1 8
4 1
4 8


33 4 1 8
4 1
4 8


34 4 1 8
4 1
4 8


35 4 1 8
4 1
4 8


36 4 1 8
4 1
4 8


37 4 1 8
4 1
4 8


38 4 1 8
4 1
4 8


39 4 1 8
4 1
4 8


40 4 1 8
4 1
4 8


41 4 1 8
4 1
4 8


42 4 1 8
4 1
4 8


43 4 1 8
4 1
4 8


44 4 1 8
4 1
4 8


45 4 1 8
4 1
4 8


46 4 1 8
4 1
4 8


47 4 1 8
4 1
4 8


48 4 1 8
4 1
4 8


49 4 1 8
4 1
4 8


50 4 1 8
4 1
4 8


51 4 1 8
4 1
4 8


52 4 1 8
4 1
4 8


53 4 1 8
4 1
4 8


54 4 1 8
4 1
4 8


55 4 1 8
4 1
4 8


56 4 1 8
4 1
4 8


57 4 1 8
4 1
4 8


58 4 1 8
4 1
4 8


59 4 1 8
4 1
4 8


60 4 1 8
4 1
4 8


61 4 1 8
4 1
4 8


62 4 1 8
4 1
4 8


63 4 1 8
4 1
4 8


324 0 14 22
0 14
0 22


325 0 14 22
0 14
0 22


326 0 14 22
0 14
0 22


327 0 14 22
0 14
0 22


328 0 14 22
0 14
0 22


329 0 14 22
0 14
0 22


330 0 14 22
0 14
0 22


331 0 14 22
0 14
0 22


332 0 14 22
0 14
0 22


333 0 14 22
0 14
0 22


334 0 14 22
0 14
0 22


335 0 14 22
0 14
0 22


336 0 14 22
0 14
0 22


337 0 14 22
0 14
0 22


338 0 14 22
0 14
0 22


339 0 14 22
0 14
0 22


340 0 14 22
0 14
0 22


341 0 14 22
0 14
0 22


342 0 14 22
0 14
0 22


343 0 14 22
0 14
0 22


344 0 14 22
0 14
0 22


345 0 14 22
0 14
0 22


346 0 14 22
0 14
0 22


347 0 14 22
0 14
0 22


348 0 14 22
0 14
0 22


349 0 14 22
0 14
0 22


350 0 14 22
0 14
0 22


351 0 14 22
0 14
0 22


352 0 14 22
0 14
0 22


353 0 14 22
0 14
0 22


354 0 14 22
0 14
0 22


355 0 14 22
0 14
0 22


356 0 14 22
0 14
0 22


357 0 14 22
0 14
0 22


358 0 14 22
0 14
0 22


359 0 14 22
0 14
0 22


360 0 14 22
0 14
0 22


361 0 14 22
0 14
0 22


362 0 14 22
0 14
0 22


363 0 14 22
0 14
0 22


364 0 14 22
0 14
0 22


365 0 14 22
0 14
0 22


366 0 14 22
0 14
0 22


367 0 14 22
0 14
0 22


368 0 14 22
0 14
0 22


369 0 14 22
0 14
0 22


370 0 14 22
0 14
0 22


371 0 14 22
0 14
0 22


372 0 14 22
0 14
0 22


373 0 14 22
0 14
0 22


374 0 14 22
0 14
0 22


375 0 14 22
0 14
0 22


376 0 14 22
0 14
0 22


377 0 14 22
0 14
0 22


378 0 14 22
0 14
0 22


379 0 14 22
0 14
0 22


380 0 14 22
0 14
0 22


381 0 14 22
0 14
0 22


382 0 14 22
0 14
0 22


383 0 14 22
0 14
0 22


384 0 14 22
0 14
0 22


385 0 14 22
0 14
0 22


386 0 14 22
0 14
0 22


387 0 14 22
0 14
0 22


648 7 16 23
7 16
7 23


649 7 16 23
7 16
7 23


650 7 16 23
7 16
7 23


651 7 16 23
7 16
7 23


652 7 16 23
7 16
7 23


653 7 16 23
7 16
7 23


654 7 16 23
7 16
7 23


655 7 16 23
7 16
7 23


656 7 16 23
7 16
7 23


657 7 16 23
7 16
7 23


658 7 16 23
7 16
7 23


659 7 16 23
7 16
7 23


660 7 16 23
7 16
7 23


661 7 16 23
7 16
7 23


662 7 16 23
7 16
7 23


663 7 16 23
7 16
7 23


664 7 16 23
7 16
7 23


665 7 16 23
7 16
7 23


666 7 16 23
7 16
7 23


667 7 16 23
7 16
7 23


668 7 16 23
7 16
7 23


669 7 16 23
7 16
7 23


670 7 16 23
7 16
7 23


671 7 16 23
7 16
7 23


672 7 16 23
7 16
7 23


673 7 16 23
7 16
7 23


674 7 16 23
7 16
7 23


675 7 16 23
7 16
7 23


676 7 16 23
7 16
7 23


677 7 16 23
7 16
7 23


678 7 16 23
7 16
7 23


679 7 16 23
7 16
7 23


680 7 16 23
7 16
7 23


681 7 16 23
7 16
7 23


682 7 16 23
7 16
7 23


683 7 16 23
7 16
7 23


684 7 16 23
7 16
7 23


685 7 16 23
7 16
7 23


686 7 16 23
7 16
7 23


687 7 16 23
7 16
7 23


688 7 16 23
7 16
7 23


689 7 16 23
7 16
7 23


690 7 16 23
7 16
7 23


691 7 16 23
7 16
7 23


692 7 16 23
7 16
7 23


693 7 16 23
7 16
7 23


694 7 16 23
7 16
7 23


695 7 16 23
7 16
7 23


696 7 16 23
7 16
7 23


697 7 16 23
7 16
7 23


698 7 16 23
7 16
7 23


699 7 16 23
7 16
7 23


700 7 16 23
7 16
7 23


701 7 16 23
7 16
7 23


702 7 16 23
7 16
7 23


703 7 16 23
7 16
7 23


704 7 16 23
7 16
7 23


705 7 16 23
7 16
7 23


706 7 16 23
7 16
7 23


707 7 16 23
7 16
7 23


708 7 16 23
7 16
7 23


709 7 16 23
7 16
7 23


710 7 16 23
7 16
7 23


711 7 16 23
7 16
7 23


972 15 17 10
15 17
15 10


973 15 17 10
15 17
15 10


974 15 17 10
15 17
15 10


975 15 17 10
15 17
15 10


976 15 17 10
15 17
15 10


977 15 17 10
15 17
15 10


978 15 17 10
15 17
15 10


979 15 17 10
15 17
15 10


980 15 17 10
15 17
15 10


981 15 17 10
15 17
15 10


982 15 17 10
15 17
15 10


983 15 17 10
15 17
15 10


984 15 17 10
15 17
15 10


985 15 17 10
15 17
15 10


986 15 17 10
15 17
15 10


987 15 17 10
15 17
15 10


988 15 17 10
15 17
15 10


989 15 17 10
15 17
15 10


990 15 17 10
15 17
15 10


991 15 17 10
15 17
15 10


992 15 17 10
15 17
15 10


993 15 17 10
15 17
15 10


994 15 17 10
15 17
15 10


995 15 17 10
15 17
15 10


996 15 17 10
15 17
15 10


997 15 17 10
15 17
15 10


998 15 17 10
15 17
15 10


999 15 17 10
15 17
15 10


1000 15 17 10
15 17
15 10


1001 15 17 10
15 17
15 10


1002 15 17 10
15 17
15 10


1003 15 17 10
15 17
15 10


1004 15 17 10
15 17
15 10


1005 15 17 10
15 17
15 10


1006 15 17 10
15 17
15 10


1007 15 17 10
15 17
15 10


1008 15 17 10
15 17
15 10


1009 15 17 10
15 17
15 10


1010 15 17 10
15 17
15 10


1011 15 17 10
15 17
15 10


1012 15 17 10
15 17
15 10


1013 15 17 10
15 17
15 10


1014 15 17 10
15 17
15 10


1015 15 17 10
15 17
15 10


1016 15 17 10
15 17
15 10


1017 15 17 10
15 17
15 10


1018 15 17 10
15 17
15 10


1019 15 17 10
15 17
15 10


1020 15 17 10
15 17
15 10


1021 15 17 10
15 17
15 10


1022 15 17 10
15 17
15 10


1023 15 17 10
15 17
15 10


1024 15 17 10
15 17
15 10


1025 15 17 10
15 17
15 10


1026 15 17 10
15 17
15 10


1027 15 17 10
15 17
15 10


1028 15 17 10
15 17
15 10


1029 15 17 10
15 17
15 10


1030 15 17 10
15 17
15 10


1031 15 17 10
15 17
15 10


1032 15 17 10
15 17
15 10


1033 15 17 10
15 17
15 10


1034 15 17 10
15 17
15 10


1035 15 17 10
15 17
15 10


1296 24 2 11
24 2
24 11


1297 24 2 11
24 2
24 11


1298 24 2 11
24 2
24 11


1299 24 2 11
24 2
24 11


1300 24 2 11
24 2
24 11


1301 24 2 11
24 2
24 11


1302 24 2 11
24 2
24 11


1303 24 2 11
24 2
24 11


1304 24 2 11
24 2
24 11


1305 24 2 11
24 2
24 11


1306 24 2 11
24 2
24 11


1307 24 2 11
24 2
24 11


1308 24 2 11
24 2
24 11


1309 24 2 11
24 2
24 11


1310 24 2 11
24 2
24 11


1311 24 2 11
24 2
24 11


1312 24 2 11
24 2
24 11


1313 24 2 11
24 2
24 11


1314 24 2 11
24 2
24 11


1315 24 2 11
24 2
24 11


1316 24 2 11
24 2
24 11


1317 24 2 11
24 2
24 11


1318 24 2 11
24 2
24 11


1319 24 2 11
24 2
24 11


1320 24 2 11
24 2
24 11


1321 24 2 11
24 2
24 11


1322 24 2 11
24 2
24 11


1323 24 2 11
24 2
24 11


1324 24 2 11
24 2
24 11


1325 24 2 11
24 2
24 11


1326 24 2 11
24 2
24 11


1327 24 2 11
24 2
24 11


1328 24 2 11
24 2
24 11


1329 24 2 11
24 2
24 11


1330 24 2 11
24 2
24 11


1331 24 2 11
24 2
24 11


1332 24 2 11
24 2
24 11


1333 24 2 11
24 2
24 11


1334 24 2 11
24 2
24 11


1335 24 2 11
24 2
24 11


1336 24 2 11
24 2
24 11


1337 24 2 11
24 2
24 11


1338 24 2 11
24 2
24 11


1339 24 2 11
24 2
24 11


1340 24 2 11
24 2
24 11


1341 24 2 11
24 2
24 11


1342 24 2 11
24 2
24 11


1343 24 2 11
24 2
24 11


1344 24 2 11
24 2
24 11


1345 24 2 11
24 2
24 11


1346 24 2 11
24 2
24 11


1347 24 2 11
24 2
24 11


1348 24 2 11
24 2
24 11


1349 24 2 11
24 2
24 11


1350 24 2 11
24 2
24 11


1351 24 2 11
24 2
24 11


1352 24 2 11
24 2
24 11


1353 24 2 11
24 2
24 11


1354 24 2 11
24 2
24 11


1355 24 2 11
24 2
24 11


1356 24 2 11
24 2
24 11


1357 24 2 11
24 2
24 11


1358 24 2 11
24 2
24 11


1359 24 2 11
24 2
24 11


1360 24 2 11
24 2
24 11


1361 24 2 11
24 2
24 11


1362 24 2 11
24 2
24 11


1363 24 2 11
24 2
24 11


1364 24 2 11
24 2
24 11


1365 24 2 11
24 2
24 11


1366 24 2 11
24 2
24 11


1367 24 2 11
24 2
24 11


1368 24 2 11
24 2
24 11


1369 24 2 11
24 2
24 11


1370 24 2 11
24 2
24 11


1371 24 2 11
24 2
24 11


1372 24 2 11
24 2
24 11


1373 24 2 11
24 2
24 11


1374 24 2 11
24 2
24 11


1375 24 2 11
24 2
24 11


1376 24 2 11
24 2
24 11


1377 24 2 11
24 2
24 11


1378 24 2 11
24 2
24 11


1379 24 2 11
24 2
24 11


1380 24 2 11
24 2
24 11


1381 24 2 11
24 2
24 11


1382 24 2 11
24 2
24 11


1383 24 2 11
24 2
24 11


1384 24 2 11
24 2
24 11


1385 24 2 11
24 2
24 11


1386 24 2 11
24 2
24 11


1387 24 2 11
24 2
24 11


1388 24 2 11
24 2
24 11


1389 24 2 11
24 2
24 11


1390 24 2 11
24 2
24 11


1391 24 2 11
24 2
24 11


1392 24 2 11
24 2
24 11


1393 24 2 11
24 2
24 11


1394 24 2 11
24 2
24 11


1395 24 2 11
24 2
24 11


1396 24 2 11
24 2
24 11


1397 24 2 11
24 2
24 11


1398 24 2 11
24 2
24 11


1399 24 2 11
24 2
24 11


1400 24 2 11
24 2
24 11


1401 24 2 11
24 2
24 11


1402 24 2 11
24 2
24 11


1403 24 2 11
24 2
24 11


1404 24 2 11
24 2
24 11


1405 24 2 11
24 2
24 11


1406 24 2 11
24 2
24 11


1407 24 2 11
24 2
24 11


1408 24 2 11
24 2
24 11


1409 24 2 11
24 2
24 11


1410 24 2 11
24 2
24 11


1411 24 2 11
24 2
24 11


1412 24 2 11
24 2
24 11


1413 24 2 11
24 2
24 11


1414 24 2 11
24 2
24 11


1415 24 2 11
24 2
24 11


1416 24 2 11
24 2
24 11


1417 24 2 11
24 2
24 11


1418 24 2 11
24 2
24 11


1419 24 2 11
24 2
24 11


1420 24 2 11
24 2
24 11


1421 24 2 11
24 2
24 11


1422 24 2 11
24 2
24 11


1423 24 2 11
24 2
24 11


1424 24 2 11
24 2
24 11


1425 24 2 11
24 2
24 11


1426 24 2 11
24 2
24 11


1427 24 2 11
24 2
24 11


1428 24 2 11
24 2
24 11


1429 24 2 11
24 2
24 11


1430 24 2 11
24 2
24 11


1431 24 2 11
24 2
24 11


1432 24 2 11
24 2
24 11


1433 24 2 11
24 2
24 11


1434 24 2 11
24 2
24 11


1435 24 2 11
24 2
24 11


1436 24 2 11
24 2
24 11


1437 24 2 11
24 2
24 11


1438 24 2 11
24 2
24 11


1439 24 2 11
24 2
24 11


1440 24 2 11
24 2
24 11


1441 24 2 11
24 2
24 11


1442 24 2 11
24 2
24 11


1443 24 2 11
24 2
24 11


1444 24 2 11
24 2
24 11


1445 24 2 11
24 2
24 11


1446 24 2 11
24 2
24 11


1447 24 2 11
24 2
24 11


1448 24 2 11
24 2
24 11


1449 24 2 11
24 2
24 11


1450 24 2 11
24 2
24 11


1451 24 2 11
24 2
24 11


1452 24 2 11
24 2
24 11


1453 24 2 11
24 2
24 11


1454 24 2 11
24 2
24 11


1455 24 2 11
24 2
24 11


1456 24 2 11
24 2
24 11


1457 24 2 11
24 2
24 11


1458 24 2 11
24 2
24 11


1459 24 2 11
24 2
24 11


1460 24 2 11
24 2
24 11


1461 24 2 11
24 2
24 11


1462 24 2 11
24 2
24 11


1463 24 2 11
24 2
24 11


1464 24 2 11
24 2
24 11


1465 24 2 11
24 2
24 11


1466 24 2 11
24 2
24 11


1467 24 2 11
24 2
24 11


1468 24 2 11
24 2
24 11


1469 24 2 11
24 2
24 11


1470 24 2 11
24 2
24 11


1471 24 2 11
24 2
24 11


1472 24 2 11
24 2
24 11


1473 24 2 11
24 2
24 11


1474 24 2 11
24 2
24 11


1475 24 2 11
24 2
24 11


1476 24 2 11
24 2
24 11


1477 24 2 11
24 2
24 11


1478 24 2 11
24 2
24 11


1479 24 2 11
24 2
24 11


1480 24 2 11
24 2
24 11


1481 24 2 11
24 2
24 11


1482 24 2 11
24 2
24 11


1483 24 2 11
24 2
24 11


1484 24 2 11
24 2
24 11


1485 24 2 11
24 2
24 11


1486 24 2 11
24 2
24 11


1487 24 2 11
24 2
24 11


1488 24 2 11
24 2
24 11


1489 24 2 11
24 2
24 11


1490 24 2 11
24 2
24 11


1491 24 2 11
24 2
24 11


1492 24 2 11
24 2
24 11


1493 24 2 11
24 2
24 11


1494 24 2 11
24 2
24 11


1495 24 2 11
24 2
24 11


1496 24 2 11
24 2
24 11


1497 24 2 11
24 2
24 11


1498 24 2 11
24 2
24 11


1499 24 2 11
24 2
24 11


1500 24 2 11
24 2
24 11


1501 24 2 11
24 2
24 11


1502 24 2 11
24 2
24 11


1503 24 2 11
24 2
24 11


1504 24 2 11
24 2
24 11


1505 24 2 11
24 2
24 11


1506 24 2 11
24 2
24 11


1507 24 2 11
24 2
24 11


1508 24 2 11
24 2
24 11


1509 24 2 11
24 2
24 11


1510 24 2 11
24 2
24 11


1511 24 2 11
24 2
24 11


1512 24 2 11
24 2
24 11


1513 24 2 11
24 2
24 11


1514 24 2 11
24 2
24 11


1515 24 2 11
24 2
24 11


1516 24 2 11
24 2
24 11


1517 24 2 11
24 2
24 11


1518 24 2 11
24 2
24 11


1519 24 2 11
24 2
24 11


1520 24 2 11
24 2
24 11


1521 24 2 11
24 2
24 11


1522 24 2 11
24 2
24 11


1523 24 2 11
24 2
24 11


1524 24 2 11
24 2
24 11


1525 24 2 11
24 2
24 11


1526 24 2 11
24 2
24 11


1527 24 2 11
24 2
24 11


1528 24 2 11
24 2
24 11


1529 24 2 11
24 2
24 11


1530 24 2 11
24 2
24 11


1531 24 2 11
24 2
24 11


1532 24 2 11
24 2
24 11


1533 24 2 11
24 2
24 11


1534 24 2 11
24 2
24 11


1535 24 2 11
24 2
24 11


1536 24 2 11
24 2
24 11


1537 24 2 11
24 2
24 11


1538 24 2 11
24 2
24 11


1539 24 2 11
24 2
24 11


1540 24 2 11
24 2
24 11


1541 24 2 11
24 2
24 11


1542 24 2 11
24 2
24 11


1543 24 2 11
24 2
24 11


1544 24 2 11
24 2
24 11


1545 24 2 11
24 2
24 11


1546 24 2 11
24 2
24 11


1547 24 2 11
24 2
24 11


1548 24 2 11
24 2
24 11


1549 24 2 11
24 2
24 11


1550 24 2 11
24 2
24 11


1551 24 2 11
24 2
24 11


2580 9 5 6
9 5
9 6


2581 9 5 6
9 5
9 6


2582 9 5 6
9 5
9 6


2583 9 5 6
9 5
9 6


2584 9 5 6
9 5
9 6


2585 9 5 6
9 5
9 6


2586 9 5 6
9 5
9 6


2587 9 5 6
9 5
9 6


2588 9 5 6
9 5
9 6


2589 9 5 6
9 5
9 6


2590 9 5 6
9 5
9 6


2591 9 5 6
9 5
9 6


2592 9 5 6
9 5
9 6


2593 9 5 6
9 5
9 6


2594 9 5 6
9 5
9 6


2595 9 5 6
9 5
9 6


2596 9 5 6
9 5
9 6


2597 9 5 6
9 5
9 6


2598 9 5 6
9 5
9 6


2599 9 5 6
9 5
9 6


2600 9 5 6
9 5
9 6


2601 9 5 6
9 5
9 6


2602 9 5 6
9 5
9 6


2603 9 5 6
9 5
9 6


2604 9 5 6
9 5
9 6


2605 9 5 6
9 5
9 6


2606 9 5 6
9 5
9 6


2607 9 5 6
9 5
9 6


2608 9 5 6
9 5
9 6


2609 9 5 6
9 5
9 6


2610 9 5 6
9 5
9 6


2611 9 5 6
9 5
9 6


2612 9 5 6
9 5
9 6


2613 9 5 6
9 5
9 6


2614 9 5 6
9 5
9 6


2615 9 5 6
9 5
9 6


2616 9 5 6
9 5
9 6


2617 9 5 6
9 5
9 6


2618 9 5 6
9 5
9 6


2619 9 5 6
9 5
9 6


2620 9 5 6
9 5
9 6


2621 9 5 6
9 5
9 6


2622 9 5 6
9 5
9 6


2623 9 5 6
9 5
9 6


2624 9 5 6
9 5
9 6


2625 9 5 6
9 5
9 6


2626 9 5 6
9 5
9 6


2627 9 5 6
9 5
9 6


2628 9 5 6
9 5
9 6


2629 9 5 6
9 5
9 6


2630 9 5 6
9 5
9 6


2631 9 5 6
9 5
9 6


2632 9 5 6
9 5
9 6


2633 9 5 6
9 5
9 6


2634 9 5 6
9 5
9 6


2635 9 5 6
9 5
9 6


2636 9 5 6
9 5
9 6


2637 9 5 6
9 5
9 6


2638 9 5 6
9 5
9 6


2639 9 5 6
9 5
9 6


2640 9 5 6
9 5
9 6


2641 9 5 6
9 5
9 6


2642 9 5 6
9 5
9 6


2643 9 5 6
9 5
9 6


2644 9 5 6
9 5
9 6


2645 9 5 6
9 5
9 6


2646 9 5 6
9 5
9 6


2647 9 5 6
9 5
9 6


2648 9 5 6
9 5
9 6


2649 9 5 6
9 5
9 6


2650 9 5 6
9 5
9 6


2651 9 5 6
9 5
9 6


2652 9 5 6
9 5
9 6


2653 9 5 6
9 5
9 6


2654 9 5 6
9 5
9 6


2655 9 5 6
9 5
9 6


2656 9 5 6
9 5
9 6


2657 9 5 6
9 5
9 6


2658 9 5 6
9 5
9 6


2659 9 5 6
9 5
9 6


2660 9 5 6
9 5
9 6


2661 9 5 6
9 5
9 6


2662 9 5 6
9 5
9 6


2663 9 5 6
9 5
9 6


2664 9 5 6
9 5
9 6


2665 9 5 6
9 5
9 6


2666 9 5 6
9 5
9 6


2667 9 5 6
9 5
9 6


2668 9 5 6
9 5
9 6


2669 9 5 6
9 5
9 6


2670 9 5 6
9 5
9 6


2671 9 5 6
9 5
9 6


2672 9 5 6
9 5
9 6


2673 9 5 6
9 5
9 6


2674 9 5 6
9 5
9 6


2675 9 5 6
9 5
9 6


2676 9 5 6
9 5
9 6


2677 9 5 6
9 5
9 6


2678 9 5 6
9 5
9 6


2679 9 5 6
9 5
9 6


2680 9 5 6
9 5
9 6


2681 9 5 6
9 5
9 6


2682 9 5 6
9 5
9 6


2683 9 5 6
9 5
9 6


2684 9 5 6
9 5
9 6


2685 9 5 6
9 5
9 6


2686 9 5 6
9 5
9 6


2687 9 5 6
9 5
9 6


2688 9 5 6
9 5
9 6


2689 9 5 6
9 5
9 6


2690 9 5 6
9 5
9 6


2691 9 5 6
9 5
9 6


2692 9 5 6
9 5
9 6


2693 9 5 6
9 5
9 6


2694 9 5 6
9 5
9 6


2695 9 5 6
9 5
9 6


2696 9 5 6
9 5
9 6


2697 9 5 6
9 5
9 6


2698 9 5 6
9 5
9 6


2699 9 5 6
9 5
9 6


2700 9 5 6
9 5
9 6


2701 9 5 6
9 5
9 6


2702 9 5 6
9 5
9 6


2703 9 5 6
9 5
9 6


2704 9 5 6
9 5
9 6


2705 9 5 6
9 5
9 6


2706 9 5 6
9 5
9 6


2707 9 5 6
9 5
9 6


2708 9 5 6
9 5
9 6


2709 9 5 6
9 5
9 6


2710 9 5 6
9 5
9 6


2711 9 5 6
9 5
9 6


2712 9 5 6
9 5
9 6


2713 9 5 6
9 5
9 6


2714 9 5 6
9 5
9 6


2715 9 5 6
9 5
9 6


2716 9 5 6
9 5
9 6


2717 9 5 6
9 5
9 6


2718 9 5 6
9 5
9 6


2719 9 5 6
9 5
9 6


2720 9 5 6
9 5
9 6


2721 9 5 6
9 5
9 6


2722 9 5 6
9 5
9 6


2723 9 5 6
9 5
9 6


2724 9 5 6
9 5
9 6


2725 9 5 6
9 5
9 6


2726 9 5 6
9 5
9 6


2727 9 5 6
9 5
9 6


2728 9 5 6
9 5
9 6


2729 9 5 6
9 5
9 6


2730 9 5 6
9 5
9 6


2731 9 5 6
9 5
9 6


2732 9 5 6
9 5
9 6


2733 9 5 6
9 5
9 6


2734 9 5 6
9 5
9 6


2735 9 5 6
9 5
9 6


2736 9 5 6
9 5
9 6


2737 9 5 6
9 5
9 6


2738 9 5 6
9 5
9 6


2739 9 5 6
9 5
9 6


2740 9 5 6
9 5
9 6


2741 9 5 6
9 5
9 6


2742 9 5 6
9 5
9 6


2743 9 5 6
9 5
9 6


2744 9 5 6
9 5
9 6


2745 9 5 6
9 5
9 6


2746 9 5 6
9 5
9 6


2747 9 5 6
9 5
9 6


2748 9 5 6
9 5
9 6


2749 9 5 6
9 5
9 6


2750 9 5 6
9 5
9 6


2751 9 5 6
9 5
9 6


2752 9 5 6
9 5
9 6


2753 9 5 6
9 5
9 6


2754 9 5 6
9 5
9 6


2755 9 5 6
9 5
9 6


2756 9 5 6
9 5
9 6


2757 9 5 6
9 5
9 6


2758 9 5 6
9 5
9 6


2759 9 5 6
9 5
9 6


2760 9 5 6
9 5
9 6


2761 9 5 6
9 5
9 6


2762 9 5 6
9 5
9 6


2763 9 5 6
9 5
9 6


2764 9 5 6
9 5
9 6


2765 9 5 6
9 5
9 6


2766 9 5 6
9 5
9 6


2767 9 5 6
9 5
9 6


2768 9 5 6
9 5
9 6


2769 9 5 6
9 5
9 6


2770 9 5 6
9 5
9 6


2771 9 5 6
9 5
9 6


2772 9 5 6
9 5
9 6


2773 9 5 6
9 5
9 6


2774 9 5 6
9 5
9 6


2775 9 5 6
9 5
9 6


2776 9 5 6
9 5
9 6


2777 9 5 6
9 5
9 6


2778 9 5 6
9 5
9 6


2779 9 5 6
9 5
9 6


2780 9 5 6
9 5
9 6


2781 9 5 6
9 5
9 6


2782 9 5 6
9 5
9 6


2783 9 5 6
9 5
9 6


2784 9 5 6
9 5
9 6


2785 9 5 6
9 5
9 6


2786 9 5 6
9 5
9 6


2787 9 5 6
9 5
9 6


2788 9 5 6
9 5
9 6


2789 9 5 6
9 5
9 6


2790 9 5 6
9 5
9 6


2791 9 5 6
9 5
9 6


2792 9 5 6
9 5
9 6


2793 9 5 6
9 5
9 6


2794 9 5 6
9 5
9 6


2795 9 5 6
9 5
9 6


2796 9 5 6
9 5
9 6


2797 9 5 6
9 5
9 6


2798 9 5 6
9 5
9 6


2799 9 5 6
9 5
9 6


2800 9 5 6
9 5
9 6


2801 9 5 6
9 5
9 6


2802 9 5 6
9 5
9 6


2803 9 5 6
9 5
9 6


2804 9 5 6
9 5
9 6


2805 9 5 6
9 5
9 6


2806 9 5 6
9 5
9 6


2807 9 5 6
9 5
9 6


2808 9 5 6
9 5
9 6


2809 9 5 6
9 5
9 6


2810 9 5 6
9 5
9 6


2811 9 5 6
9 5
9 6


2812 9 5 6
9 5
9 6


2813 9 5 6
9 5
9 6


2814 9 5 6
9 5
9 6


2815 9 5 6
9 5
9 6


2816 9 5 6
9 5
9 6


2817 9 5 6
9 5
9 6


2818 9 5 6
9 5
9 6


2819 9 5 6
9 5
9 6


2820 9 5 6
9 5
9 6


2821 9 5 6
9 5
9 6


2822 9 5 6
9 5
9 6


2823 9 5 6
9 5
9 6


2824 9 5 6
9 5
9 6


2825 9 5 6
9 5
9 6


2826 9 5 6
9 5
9 6


2827 9 5 6
9 5
9 6


2828 9 5 6
9 5
9 6


2829 9 5 6
9 5
9 6


2830 9 5 6
9 5
9 6


2831 9 5 6
9 5
9 6


2832 9 5 6
9 5
9 6


2833 9 5 6
9 5
9 6


2834 9 5 6
9 5
9 6


2835 9 5 6
9 5
9 6


2836 9 5 6
9 5
9 6


2837 9 5 6
9 5
9 6


2838 9 5 6
9 5
9 6


2839 9 5 6
9 5
9 6


2840 9 5 6
9 5
9 6


2841 9 5 6
9 5
9 6


2842 9 5 6
9 5
9 6


2843 9 5 6
9 5
9 6


2844 9 5 6
9 5
9 6


2845 9 5 6
9 5
9 6


2846 9 5 6
9 5
9 6


2847 9 5 6
9 5
9 6


2848 9 5 6
9 5
9 6


2849 9 5 6
9 5
9 6


2850 9 5 6
9 5
9 6


2851 9 5 6
9 5
9 6


2852 9 5 6
9 5
9 6


2853 9 5 6
9 5
9 6


2854 9 5 6
9 5
9 6


2855 9 5 6
9 5
9 6


2856 9 5 6
9 5
9 6


2857 9 5 6
9 5
9 6


2858 9 5 6
9 5
9 6


2859 9 5 6
9 5
9 6


2860 9 5 6
9 5
9 6


2861 9 5 6
9 5
9 6


2862 9 5 6
9 5
9 6


2863 9 5 6
9 5
9 6


2864 9 5 6
9 5
9 6


2865 9 5 6
9 5
9 6


2866 9 5 6
9 5
9 6


2867 9 5 6
9 5
9 6


2868 9 5 6
9 5
9 6


2869 9 5 6
9 5
9 6


2870 9 5 6
9 5
9 6


2871 9 5 6
9 5
9 6


2872 9 5 6
9 5
9 6


2873 9 5 6
9 5
9 6


2874 9 5 6
9 5
9 6


2875 9 5 6
9 5
9 6


2876 9 5 6
9 5
9 6


2877 9 5 6
9 5
9 6


2878 9 5 6
9 5
9 6


2879 9 5 6
9 5
9 6


2880 9 5 6
9 5
9 6


2881 9 5 6
9 5
9 6


2882 9 5 6
9 5
9 6


2883 9 5 6
9 5
9 6


2884 9 5 6
9 5
9 6


2885 9 5 6
9 5
9 6


2886 9 5 6
9 5
9 6


2887 9 5 6
9 5
9 6


2888 9 5 6
9 5
9 6


2889 9 5 6
9 5
9 6


2890 9 5 6
9 5
9 6


2891 9 5 6
9 5
9 6


2892 9 5 6
9 5
9 6


2893 9 5 6
9 5
9 6


2894 9 5 6
9 5
9 6


2895 9 5 6
9 5
9 6


2896 9 5 6
9 5
9 6


2897 9 5 6
9 5
9 6


2898 9 5 6
9 5
9 6


2899 9 5 6
9 5
9 6


2900 9 5 6
9 5
9 6


2901 9 5 6
9 5
9 6


2902 9 5 6
9 5
9 6


2903 9 5 6
9 5
9 6


2904 9 5 6
9 5
9 6


2905 9 5 6
9 5
9 6


2906 9 5 6
9 5
9 6


2907 9 5 6
9 5
9 6


2908 9 5 6
9 5
9 6


2909 9 5 6
9 5
9 6


2910 9 5 6
9 5
9 6


2911 9 5 6
9 5
9 6


2912 9 5 6
9 5
9 6


2913 9 5 6
9 5
9 6


2914 9 5 6
9 5
9 6


2915 9 5 6
9 5
9 6


2916 9 5 6
9 5
9 6


2917 9 5 6
9 5
9 6


2918 9 5 6
9 5
9 6


2919 9 5 6
9 5
9 6


2920 9 5 6
9 5
9 6


2921 9 5 6
9 5
9 6


2922 9 5 6
9 5
9 6


2923 9 5 6
9 5
9 6


2924 9 5 6
9 5
9 6


2925 9 5 6
9 5
9 6


2926 9 5 6
9 5
9 6


2927 9 5 6
9 5
9 6


2928 9 5 6
9 5
9 6


2929 9 5 6
9 5
9 6


2930 9 5 6
9 5
9 6


2931 9 5 6
9 5
9 6


2932 9 5 6
9 5
9 6


2933 9 5 6
9 5
9 6


2934 9 5 6
9 5
9 6


2935 9 5 6
9 5
9 6


2936 9 5 6
9 5
9 6


2937 9 5 6
9 5
9 6


2938 9 5 6
9 5
9 6


2939 9 5 6
9 5
9 6


2940 9 5 6
9 5
9 6


2941 9 5 6
9 5
9 6


2942 9 5 6
9 5
9 6


2943 9 5 6
9 5
9 6


2944 9 5 6
9 5
9 6


2945 9 5 6
9 5
9 6


2946 9 5 6
9 5
9 6


2947 9 5 6
9 5
9 6


2948 9 5 6
9 5
9 6


2949 9 5 6
9 5
9 6


2950 9 5 6
9 5
9 6


2951 9 5 6
9 5
9 6


2952 9 5 6
9 5
9 6


2953 9 5 6
9 5
9 6


2954 9 5 6
9 5
9 6


2955 9 5 6
9 5
9 6


2956 9 5 6
9 5
9 6


2957 9 5 6
9 5
9 6


2958 9 5 6
9 5
9 6


2959 9 5 6
9 5
9 6


2960 9 5 6
9 5
9 6


2961 9 5 6
9 5
9 6


2962 9 5 6
9 5
9 6


2963 9 5 6
9 5
9 6


2964 9 5 6
9 5
9 6


2965 9 5 6
9 5
9 6


2966 9 5 6
9 5
9 6


2967 9 5 6
9 5
9 6


2968 9 5 6
9 5
9 6


2969 9 5 6
9 5
9 6


2970 9 5 6
9 5
9 6


2971 9 5 6
9 5
9 6


2972 9 5 6
9 5
9 6


2973 9 5 6
9 5
9 6


2974 9 5 6
9 5
9 6


2975 9 5 6
9 5
9 6


2976 9 5 6
9 5
9 6


2977 9 5 6
9 5
9 6


2978 9 5 6
9 5
9 6


2979 9 5 6
9 5
9 6


2980 9 5 6
9 5
9 6


2981 9 5 6
9 5
9 6


2982 9 5 6
9 5
9 6


2983 9 5 6
9 5
9 6


2984 9 5 6
9 5
9 6


2985 9 5 6
9 5
9 6


2986 9 5 6
9 5
9 6


2987 9 5 6
9 5
9 6


2988 9 5 6
9 5
9 6


2989 9 5 6
9 5
9 6


2990 9 5 6
9 5
9 6


2991 9 5 6
9 5
9 6


2992 9 5 6
9 5
9 6


2993 9 5 6
9 5
9 6


2994 9 5 6
9 5
9 6


2995 9 5 6
9 5
9 6


2996 9 5 6
9 5
9 6


2997 9 5 6
9 5
9 6


2998 9 5 6
9 5
9 6


2999 9 5 6
9 5
9 6


3000 9 5 6
9 5
9 6


3001 9 5 6
9 5
9 6


3002 9 5 6
9 5
9 6


3003 9 5 6
9 5
9 6


3004 9 5 6
9 5
9 6


3005 9 5 6
9 5
9 6


3006 9 5 6
9 5
9 6


3007 9 5 6
9 5
9 6


3008 9 5 6
9 5
9 6


3009 9 5 6
9 5
9 6


3010 9 5 6
9 5
9 6


3011 9 5 6
9 5
9 6


3012 9 5 6
9 5
9 6


3013 9 5 6
9 5
9 6


3014 9 5 6
9 5
9 6


3015 9 5 6
9 5
9 6


3016 9 5 6
9 5
9 6


3017 9 5 6
9 5
9 6


3018 9 5 6
9 5
9 6


3019 9 5 6
9 5
9 6


3020 9 5 6
9 5
9 6


3021 9 5 6
9 5
9 6


3022 9 5 6
9 5
9 6


3023 9 5 6
9 5
9 6


3024 9 5 6
9 5
9 6


3025 9 5 6
9 5
9 6


3026 9 5 6
9 5
9 6


3027 9 5 6
9 5
9 6


3028 9 5 6
9 5
9 6


3029 9 5 6
9 5
9 6


3030 9 5 6
9 5
9 6


3031 9 5 6
9 5
9 6


3032 9 5 6
9 5
9 6


3033 9 5 6
9 5
9 6


3034 9 5 6
9 5
9 6


3035 9 5 6
9 5
9 6


3036 9 5 6
9 5
9 6


3037 9 5 6
9 5
9 6


3038 9 5 6
9 5
9 6


3039 9 5 6
9 5
9 6


3040 9 5 6
9 5
9 6


3041 9 5 6
9 5
9 6


3042 9 5 6
9 5
9 6


3043 9 5 6
9 5
9 6


3044 9 5 6
9 5
9 6


3045 9 5 6
9 5
9 6


3046 9 5 6
9 5
9 6


3047 9 5 6
9 5
9 6


3048 9 5 6
9 5
9 6


3049 9 5 6
9 5
9 6


3050 9 5 6
9 5
9 6


3051 9 5 6
9 5
9 6


3052 9 5 6
9 5
9 6


3053 9 5 6
9 5
9 6


3054 9 5 6
9 5
9 6


3055 9 5 6
9 5
9 6


3056 9 5 6
9 5
9 6


3057 9 5 6
9 5
9 6


3058 9 5 6
9 5
9 6


3059 9 5 6
9 5
9 6


3060 9 5 6
9 5
9 6


3061 9 5 6
9 5
9 6


3062 9 5 6
9 5
9 6


3063 9 5 6
9 5
9 6


3064 9 5 6
9 5
9 6


3065 9 5 6
9 5
9 6


3066 9 5 6
9 5
9 6


3067 9 5 6
9 5
9 6


3068 9 5 6
9 5
9 6


3069 9 5 6
9 5
9 6


3070 9 5 6
9 5
9 6


3071 9 5 6
9 5
9 6


3072 9 5 6
9 5
9 6


3073 9 5 6
9 5
9 6


3074 9 5 6
9 5
9 6


3075 9 5 6
9 5
9 6


3076 9 5 6
9 5
9 6


3077 9 5 6
9 5
9 6


3078 9 5 6
9 5
9 6


3079 9 5 6
9 5
9 6


3080 9 5 6
9 5
9 6


3081 9 5 6
9 5
9 6


3082 9 5 6
9 5
9 6


3083 9 5 6
9 5
9 6


3084 9 5 6
9 5
9 6


3085 9 5 6
9 5
9 6


3086 9 5 6
9 5
9 6


3087 9 5 6
9 5
9 6


3088 9 5 6
9 5
9 6


3089 9 5 6
9 5
9 6


3090 9 5 6
9 5
9 6


3091 9 5 6
9 5
9 6


4136 12 20 26
12 20
12 26


4137 12 20 26
12 20
12 26


4138 12 20 26
12 20
12 26


4139 12 20 26
12 20
12 26


4140 12 20 26
12 20
12 26


4141 12 20 26
12 20
12 26


4142 12 20 26
12 20
12 26


4143 12 20 26
12 20
12 26


4144 12 20 26
12 20
12 26


4145 12 20 26
12 20
12 26


4146 12 20 26
12 20
12 26


4147 12 20 26
12 20
12 26


4148 12 20 26
12 20
12 26


4149 12 20 26
12 20
12 26


4150 12 20 26
12 20
12 26


4151 12 20 26
12 20
12 26


4152 12 20 26
12 20
12 26


4153 12 20 26
12 20
12 26


4154 12 20 26
12 20
12 26


4155 12 20 26
12 20
12 26


4156 12 20 26
12 20
12 26


4157 12 20 26
12 20
12 26


4158 12 20 26
12 20
12 26


4159 12 20 26
12 20
12 26


4160 12 20 26
12 20
12 26


4161 12 20 26
12 20
12 26


4162 12 20 26
12 20
12 26


4163 12 20 26
12 20
12 26


4164 12 20 26
12 20
12 26


4165 12 20 26
12 20
12 26


4166 12 20 26
12 20
12 26


4167 12 20 26
12 20
12 26


4168 12 20 26
12 20
12 26


4169 12 20 26
12 20
12 26


4170 12 20 26
12 20
12 26


4171 12 20 26
12 20
12 26


4172 12 20 26
12 20
12 26


4173 12 20 26
12 20
12 26


4174 12 20 26
12 20
12 26


4175 12 20 26
12 20
12 26


4176 12 20 26
12 20
12 26


4177 12 20 26
12 20
12 26


4178 12 20 26
12 20
12 26


4179 12 20 26
12 20
12 26


4180 12 20 26
12 20
12 26


4181 12 20 26
12 20
12 26


4182 12 20 26
12 20
12 26


4183 12 20 26
12 20
12 26


4184 12 20 26
12 20
12 26


4185 12 20 26
12 20
12 26


4186 12 20 26
12 20
12 26


4187 12 20 26
12 20
12 26


4188 12 20 26
12 20
12 26


4189 12 20 26
12 20
12 26


4190 12 20 26
12 20
12 26


4191 12 20 26
12 20
12 26


4192 12 20 26
12 20
12 26


4193 12 20 26
12 20
12 26


4194 12 20 26
12 20
12 26


4195 12 20 26
12 20
12 26


4196 12 20 26
12 20
12 26


4197 12 20 26
12 20
12 26


4198 12 20 26
12 20
12 26


4199 12 20 26
12 20
12 26


4460 13 18 25
13 18
13 25


4461 13 18 25
13 18
13 25


4462 13 18 25
13 18
13 25


4463 13 18 25
13 18
13 25


4464 13 18 25
13 18
13 25


4465 13 18 25
13 18
13 25


4466 13 18 25
13 18
13 25


4467 13 18 25
13 18
13 25


4468 13 18 25
13 18
13 25


4469 13 18 25
13 18
13 25


4470 13 18 25
13 18
13 25


4471 13 18 25
13 18
13 25


4472 13 18 25
13 18
13 25


4473 13 18 25
13 18
13 25


4474 13 18 25
13 18
13 25


4475 13 18 25
13 18
13 25


4476 13 18 25
13 18
13 25


4477 13 18 25
13 18
13 25


4478 13 18 25
13 18
13 25


4479 13 18 25
13 18
13 25


4480 13 18 25
13 18
13 25


4481 13 18 25
13 18
13 25


4482 13 18 25
13 18
13 25


4483 13 18 25
13 18
13 25


4484 13 18 25
13 18
13 25


4485 13 18 25
13 18
13 25


4486 13 18 25
13 18
13 25


4487 13 18 25
13 18
13 25


4488 13 18 25
13 18
13 25


4489 13 18 25
13 18
13 25


4490 13 18 25
13 18
13 25


4491 13 18 25
13 18
13 25


4492 13 18 25
13 18
13 25


4493 13 18 25
13 18
13 25


4494 13 18 25
13 18
13 25


4495 13 18 25
13 18
13 25


4496 13 18 25
13 18
13 25


4497 13 18 25
13 18
13 25


4498 13 18 25
13 18
13 25


4499 13 18 25
13 18
13 25


4500 13 18 25
13 18
13 25


4501 13 18 25
13 18
13 25


4502 13 18 25
13 18
13 25


4503 13 18 25
13 18
13 25


4504 13 18 25
13 18
13 25


4505 13 18 25
13 18
13 25


4506 13 18 25
13 18
13 25


4507 13 18 25
13 18
13 25


4508 13 18 25
13 18
13 25


4509 13 18 25
13 18
13 25


4510 13 18 25
13 18
13 25


4511 13 18 25
13 18
13 25


4512 13 18 25
13 18
13 25


4513 13 18 25
13 18
13 25


4514 13 18 25
13 18
13 25


4515 13 18 25
13 18
13 25


4516 13 18 25
13 18
13 25


4517 13 18 25
13 18
13 25


4518 13 18 25
13 18
13 25


4519 13 18 25
13 18
13 25


4520 13 18 25
13 18
13 25


4521 13 18 25
13 18
13 25


4522 13 18 25
13 18
13 25


4523 13 18 25
13 18
13 25


7892 47 30 37
47 30
47 37


7893 47 30 37
47 30
47 37


7894 47 30 37
47 30
47 37


7895 47 30 37
47 30
47 37


7896 47 30 37
47 30
47 37


7897 47 30 37
47 30
47 37


7898 47 30 37
47 30
47 37


7899 47 30 37
47 30
47 37


7900 47 30 37
47 30
47 37


7901 47 30 37
47 30
47 37


7902 47 30 37
47 30
47 37


7903 47 30 37
47 30
47 37


7904 47 30 37
47 30
47 37


7905 47 30 37
47 30
47 37


7906 47 30 37
47 30
47 37


7907 47 30 37
47 30
47 37


7908 47 30 37
47 30
47 37


7909 47 30 37
47 30
47 37


7910 47 30 37
47 30
47 37


7911 47 30 37
47 30
47 37


7912 47 30 37
47 30
47 37


7913 47 30 37
47 30
47 37


7914 47 30 37
47 30
47 37


7915 47 30 37
47 30
47 37


7916 47 30 37
47 30
47 37


7917 47 30 37
47 30
47 37


7918 47 30 37
47 30
47 37


7919 47 30 37
47 30
47 37


7920 47 30 37
47 30
47 37


7921 47 30 37
47 30
47 37


7922 47 30 37
47 30
47 37


7923 47 30 37
47 30
47 37


7924 47 30 37
47 30
47 37


7925 47 30 37
47 30
47 37


7926 47 30 37
47 30
47 37


7927 47 30 37
47 30
47 37


7928 47 30 37
47 30
47 37


7929 47 30 37
47 30
47 37


7930 47 30 37
47 30
47 37


7931 47 30 37
47 30
47 37


7932 47 30 37
47 30
47 37


7933 47 30 37
47 30
47 37


7934 47 30 37
47 30
47 37


7935 47 30 37
47 30
47 37


7936 47 30 37
47 30
47 37


7937 47 30 37
47 30
47 37


7938 47 30 37
47 30
47 37


7939 47 30 37
47 30
47 37


7940 47 30 37
47 30
47 37


7941 47 30 37
47 30
47 37


7942 47 30 37
47 30
47 37


7943 47 30 37
47 30
47 37


7944 47 30 37
47 30
47 37


7945 47 30 37
47 30
47 37


7946 47 30 37
47 30
47 37


7947 47 30 37
47 30
47 37


7948 47 30 37
47 30
47 37


7949 47 30 37
47 30
47 37


7950 47 30 37
47 30
47 37


7951 47 30 37
47 30
47 37


7952 47 30 37
47 30
47 37


7953 47 30 37
47 30
47 37


7954 47 30 37
47 30
47 37


7955 47 30 37
47 30
47 37


7956 47 30 37
47 30
47 37


7957 47 30 37
47 30
47 37


7958 47 30 37
47 30
47 37


7959 47 30 37
47 30
47 37


7960 47 30 37
47 30
47 37


7961 47 30 37
47 30
47 37


7962 47 30 37
47 30
47 37


7963 47 30 37
47 30
47 37


7964 47 30 37
47 30
47 37


7965 47 30 37
47 30
47 37


7966 47 30 37
47 30
47 37


7967 47 30 37
47 30
47 37


7968 47 30 37
47 30
47 37


7969 47 30 37
47 30
47 37


7970 47 30 37
47 30
47 37


7971 47 30 37
47 30
47 37


7972 47 30 37
47 30
47 37


7973 47 30 37
47 30
47 37


7974 47 30 37
47 30
47 37


7975 47 30 37
47 30
47 37


7976 47 30 37
47 30
47 37


7977 47 30 37
47 30
47 37


7978 47 30 37
47 30
47 37


7979 47 30 37
47 30
47 37


7980 47 30 37
47 30
47 37


7981 47 30 37
47 30
47 37


7982 47 30 37
47 30
47 37


7983 47 30 37
47 30
47 37


7984 47 30 37
47 30
47 37


7985 47 30 37
47 30
47 37


7986 47 30 37
47 30
47 37


7987 47 30 37
47 30
47 37


7988 47 30 37
47 30
47 37


7989 47 30 37
47 30
47 37


7990 47 30 37
47 30
47 37


7991 47 30 37
47 30
47 37


7992 47 30 37
47 30
47 37


7993 47 30 37
47 30
47 37


7994 47 30 37
47 30
47 37


7995 47 30 37
47 30
47 37


7996 47 30 37
47 30
47 37


7997 47 30 37
47 30
47 37


7998 47 30 37
47 30
47 37


7999 47 30 37
47 30
47 37


8000 47 30 37
47 30
47 37


8001 47 30 37
47 30
47 37


8002 47 30 37
47 30
47 37


8003 47 30 37
47 30
47 37


8004 47 30 37
47 30
47 37


8005 47 30 37
47 30
47 37


8006 47 30 37
47 30
47 37


8007 47 30 37
47 30
47 37


8008 47 30 37
47 30
47 37


8009 47 30 37
47 30
47 37


8010 47 30 37
47 30
47 37


8011 47 30 37
47 30
47 37


8012 47 30 37
47 30
47 37


8013 47 30 37
47 30
47 37


8014 47 30 37
47 30
47 37


8015 47 30 37
47 30
47 37


8016 47 30 37
47 30
47 37


8017 47 30 37
47 30
47 37


8018 47 30 37
47 30
47 37


8019 47 30 37
47 30
47 37


8020 47 30 37
47 30
47 37


8021 47 30 37
47 30
47 37


8022 47 30 37
47 30
47 37


8023 47 30 37
47 30
47 37


8024 47 30 37
47 30
47 37


8025 47 30 37
47 30
47 37


8026 47 30 37
47 30
47 37


8027 47 30 37
47 30
47 37


8028 47 30 37
47 30
47 37


8029 47 30 37
47 30
47 37


8030 47 30 37
47 30
47 37


8031 47 30 37
47 30
47 37


8032 47 30 37
47 30
47 37


8033 47 30 37
47 30
47 37


8034 47 30 37
47 30
47 37


8035 47 30 37
47 30
47 37


8036 47 30 37
47 30
47 37


8037 47 30 37
47 30
47 37


8038 47 30 37
47 30
47 37


8039 47 30 37
47 30
47 37


8040 47 30 37
47 30
47 37


8041 47 30 37
47 30
47 37


8042 47 30 37
47 30
47 37


8043 47 30 37
47 30
47 37


8044 47 30 37
47 30
47 37


8045 47 30 37
47 30
47 37


8046 47 30 37
47 30
47 37


8047 47 30 37
47 30
47 37


8048 47 30 37
47 30
47 37


8049 47 30 37
47 30
47 37


8050 47 30 37
47 30
47 37


8051 47 30 37
47 30
47 37


8052 47 30 37
47 30
47 37


8053 47 30 37
47 30
47 37


8054 47 30 37
47 30
47 37


8055 47 30 37
47 30
47 37


8056 47 30 37
47 30
47 37


8057 47 30 37
47 30
47 37


8058 47 30 37
47 30
47 37


8059 47 30 37
47 30
47 37


8060 47 30 37
47 30
47 37


8061 47 30 37
47 30
47 37


8062 47 30 37
47 30
47 37


8063 47 30 37
47 30
47 37


8064 47 30 37
47 30
47 37


8065 47 30 37
47 30
47 37


8066 47 30 37
47 30
47 37


8067 47 30 37
47 30
47 37


8068 47 30 37
47 30
47 37


8069 47 30 37
47 30
47 37


8070 47 30 37
47 30
47 37


8071 47 30 37
47 30
47 37


8072 47 30 37
47 30
47 37


8073 47 30 37
47 30
47 37


8074 47 30 37
47 30
47 37


8075 47 30 37
47 30
47 37


8076 47 30 37
47 30
47 37


8077 47 30 37
47 30
47 37


8078 47 30 37
47 30
47 37


8079 47 30 37
47 30
47 37


8080 47 30 37
47 30
47 37


8081 47 30 37
47 30
47 37


8082 47 30 37
47 30
47 37


8083 47 30 37
47 30
47 37


8084 47 30 37
47 30
47 37


8085 47 30 37
47 30
47 37


8086 47 30 37
47 30
47 37


8087 47 30 37
47 30
47 37


8088 47 30 37
47 30
47 37


8089 47 30 37
47 30
47 37


8090 47 30 37
47 30
47 37


8091 47 30 37
47 30
47 37


8092 47 30 37
47 30
47 37


8093 47 30 37
47 30
47 37


8094 47 30 37
47 30
47 37


8095 47 30 37
47 30
47 37


8096 47 30 37
47 30
47 37


8097 47 30 37
47 30
47 37


8098 47 30 37
47 30
47 37


8099 47 30 37
47 30
47 37


8100 47 30 37
47 30
47 37


8101 47 30 37
47 30
47 37


8102 47 30 37
47 30
47 37


8103 47 30 37
47 30
47 37


8104 47 30 37
47 30
47 37


8105 47 30 37
47 30
47 37


8106 47 30 37
47 30
47 37


8107 47 30 37
47 30
47 37


8108 47 30 37
47 30
47 37


8109 47 30 37
47 30
47 37


8110 47 30 37
47 30
47 37


8111 47 30 37
47 30
47 37


8112 47 30 37
47 30
47 37


8113 47 30 37
47 30
47 37


8114 47 30 37
47 30
47 37


8115 47 30 37
47 30
47 37


8116 47 30 37
47 30
47 37


8117 47 30 37
47 30
47 37


8118 47 30 37
47 30
47 37


8119 47 30 37
47 30
47 37


8120 47 30 37
47 30
47 37


8121 47 30 37
47 30
47 37


8122 47 30 37
47 30
47 37


8123 47 30 37
47 30
47 37


8124 47 30 37
47 30
47 37


8125 47 30 37
47 30
47 37


8126 47 30 37
47 30
47 37


8127 47 30 37
47 30
47 37


8128 47 30 37
47 30
47 37


8129 47 30 37
47 30
47 37


8130 47 30 37
47 30
47 37


8131 47 30 37
47 30
47 37


8132 47 30 37
47 30
47 37


8133 47 30 37
47 30
47 37


8134 47 30 37
47 30
47 37


8135 47 30 37
47 30
47 37


8136 47 30 37
47 30
47 37


8137 47 30 37
47 30
47 37


8138 47 30 37
47 30
47 37


8139 47 30 37
47 30
47 37


8140 47 30 37
47 30
47 37


8141 47 30 37
47 30
47 37


8142 47 30 37
47 30
47 37


8143 47 30 37
47 30
47 37


8144 47 30 37
47 30
47 37


8145 47 30 37
47 30
47 37


8146 47 30 37
47 30
47 37


8147 47 30 37
47 30
47 37


8148 47 30 37
47 30
47 37


8149 47 30 37
47 30
47 37


8150 47 30 37
47 30
47 37


8151 47 30 37
47 30
47 37


8152 47 30 37
47 30
47 37


8153 47 30 37
47 30
47 37


8154 47 30 37
47 30
47 37


8155 47 30 37
47 30
47 37


8156 47 30 37
47 30
47 37


8157 47 30 37
47 30
47 37


8158 47 30 37
47 30
47 37


8159 47 30 37
47 30
47 37


8160 47 30 37
47 30
47 37


8161 47 30 37
47 30
47 37


8162 47 30 37
47 30
47 37


8163 47 30 37
47 30
47 37


8164 47 30 37
47 30
47 37


8165 47 30 37
47 30
47 37


8166 47 30 37
47 30
47 37


8167 47 30 37
47 30
47 37


8168 47 30 37
47 30
47 37


8169 47 30 37
47 30
47 37


8170 47 30 37
47 30
47 37


8171 47 30 37
47 30
47 37


8172 47 30 37
47 30
47 37


8173 47 30 37
47 30
47 37


8174 47 30 37
47 30
47 37


8175 47 30 37
47 30
47 37


8176 47 30 37
47 30
47 37


8177 47 30 37
47 30
47 37


8178 47 30 37
47 30
47 37


8179 47 30 37
47 30
47 37


8180 47 30 37
47 30
47 37


8181 47 30 37
47 30
47 37


8182 47 30 37
47 30
47 37


8183 47 30 37
47 30
47 37


8184 47 30 37
47 30
47 37


8185 47 30 37
47 30
47 37


8186 47 30 37
47 30
47 37


8187 47 30 37
47 30
47 37


8188 47 30 37
47 30
47 37


8189 47 30 37
47 30
47 37


8190 47 30 37
47 30
47 37


8191 47 30 37
47 30
47 37


8192 47 30 37
47 30
47 37


8193 47 30 37
47 30
47 37


8194 47 30 37
47 30
47 37


8195 47 30 37
47 30
47 37


8196 47 30 37
47 30
47 37


8197 47 30 37
47 30
47 37


8198 47 30 37
47 30
47 37


8199 47 30 37
47 30
47 37


8200 47 30 37
47 30
47 37


8201 47 30 37
47 30
47 37


8202 47 30 37
47 30
47 37


8203 47 30 37
47 30
47 37


8204 47 30 37
47 30
47 37


8205 47 30 37
47 30
47 37


8206 47 30 37
47 30
47 37


8207 47 30 37
47 30
47 37


8208 47 30 37
47 30
47 37


8209 47 30 37
47 30
47 37


8210 47 30 37
47 30
47 37


8211 47 30 37
47 30
47 37


8212 47 30 37
47 30
47 37


8213 47 30 37
47 30
47 37


8214 47 30 37
47 30
47 37


8215 47 30 37
47 30
47 37


8216 47 30 37
47 30
47 37


8217 47 30 37
47 30
47 37


8218 47 30 37
47 30
47 37


8219 47 30 37
47 30
47 37


8220 47 30 37
47 30
47 37


8221 47 30 37
47 30
47 37


8222 47 30 37
47 30
47 37


8223 47 30 37
47 30
47 37


8224 47 30 37
47 30
47 37


8225 47 30 37
47 30
47 37


8226 47 30 37
47 30
47 37


8227 47 30 37
47 30
47 37


8228 47 30 37
47 30
47 37


8229 47 30 37
47 30
47 37


8230 47 30 37
47 30
47 37


8231 47 30 37
47 30
47 37


8232 47 30 37
47 30
47 37


8233 47 30 37
47 30
47 37


8234 47 30 37
47 30
47 37


8235 47 30 37
47 30
47 37


8236 47 30 37
47 30
47 37


8237 47 30 37
47 30
47 37


8238 47 30 37
47 30
47 37


8239 47 30 37
47 30
47 37


8240 47 30 37
47 30
47 37


8241 47 30 37
47 30
47 37


8242 47 30 37
47 30
47 37


8243 47 30 37
47 30
47 37


8244 47 30 37
47 30
47 37


8245 47 30 37
47 30
47 37


8246 47 30 37
47 30
47 37


8247 47 30 37
47 30
47 37


8248 47 30 37
47 30
47 37


8249 47 30 37
47 30
47 37


8250 47 30 37
47 30
47 37


8251 47 30 37
47 30
47 37


8252 47 30 37
47 30
47 37


8253 47 30 37
47 30
47 37


8254 47 30 37
47 30
47 37


8255 47 30 37
47 30
47 37


8256 47 30 37
47 30
47 37


8257 47 30 37
47 30
47 37


8258 47 30 37
47 30
47 37


8259 47 30 37
47 30
47 37


8260 47 30 37
47 30
47 37


8261 47 30 37
47 30
47 37


8262 47 30 37
47 30
47 37


8263 47 30 37
47 30
47 37


8264 47 30 37
47 30
47 37


8265 47 30 37
47 30
47 37


8266 47 30 37
47 30
47 37


8267 47 30 37
47 30
47 37


8268 47 30 37
47 30
47 37


8269 47 30 37
47 30
47 37


8270 47 30 37
47 30
47 37


8271 47 30 37
47 30
47 37


8272 47 30 37
47 30
47 37


8273 47 30 37
47 30
47 37


8274 47 30 37
47 30
47 37


8275 47 30 37
47 30
47 37


8276 47 30 37
47 30
47 37


8277 47 30 37
47 30
47 37


8278 47 30 37
47 30
47 37


8279 47 30 37
47 30
47 37


8280 47 30 37
47 30
47 37


8281 47 30 37
47 30
47 37


8282 47 30 37
47 30
47 37


8283 47 30 37
47 30
47 37


8284 47 30 37
47 30
47 37


8285 47 30 37
47 30
47 37


8286 47 30 37
47 30
47 37


8287 47 30 37
47 30
47 37


8288 47 30 37
47 30
47 37


8289 47 30 37
47 30
47 37


8290 47 30 37
47 30
47 37


8291 47 30 37
47 30
47 37


8292 47 30 37
47 30
47 37


8293 47 30 37
47 30
47 37


8294 47 30 37
47 30
47 37


8295 47 30 37
47 30
47 37


8296 47 30 37
47 30
47 37


8297 47 30 37
47 30
47 37


8298 47 30 37
47 30
47 37


8299 47 30 37
47 30
47 37


8300 47 30 37
47 30
47 37


8301 47 30 37
47 30
47 37


8302 47 30 37
47 30
47 37


8303 47 30 37
47 30
47 37


8304 47 30 37
47 30
47 37


8305 47 30 37
47 30
47 37


8306 47 30 37
47 30
47 37


8307 47 30 37
47 30
47 37


8308 47 30 37
47 30
47 37


8309 47 30 37
47 30
47 37


8310 47 30 37
47 30
47 37


8311 47 30 37
47 30
47 37


8312 47 30 37
47 30
47 37


8313 47 30 37
47 30
47 37


8314 47 30 37
47 30
47 37


8315 47 30 37
47 30
47 37


8316 47 30 37
47 30
47 37


8317 47 30 37
47 30
47 37


8318 47 30 37
47 30
47 37


8319 47 30 37
47 30
47 37


8320 47 30 37
47 30
47 37


8321 47 30 37
47 30
47 37


8322 47 30 37
47 30
47 37


8323 47 30 37
47 30
47 37


8324 47 30 37
47 30
47 37


8325 47 30 37
47 30
47 37


8326 47 30 37
47 30
47 37


8327 47 30 37
47 30
47 37


8328 47 30 37
47 30
47 37


8329 47 30 37
47 30
47 37


8330 47 30 37
47 30
47 37


8331 47 30 37
47 30
47 37


8332 47 30 37
47 30
47 37


8333 47 30 37
47 30
47 37


8334 47 30 37
47 30
47 37


8335 47 30 37
47 30
47 37


8336 47 30 37
47 30
47 37


8337 47 30 37
47 30
47 37


8338 47 30 37
47 30
47 37


8339 47 30 37
47 30
47 37


8340 47 30 37
47 30
47 37


8341 47 30 37
47 30
47 37


8342 47 30 37
47 30
47 37


8343 47 30 37
47 30
47 37


8344 47 30 37
47 30
47 37


8345 47 30 37
47 30
47 37


8346 47 30 37
47 30
47 37


8347 47 30 37
47 30
47 37


8348 47 30 37
47 30
47 37


8349 47 30 37
47 30
47 37


8350 47 30 37
47 30
47 37


8351 47 30 37
47 30
47 37


8352 47 30 37
47 30
47 37


8353 47 30 37
47 30
47 37


8354 47 30 37
47 30
47 37


8355 47 30 37
47 30
47 37


8356 47 30 37
47 30
47 37


8357 47 30 37
47 30
47 37


8358 47 30 37
47 30
47 37


8359 47 30 37
47 30
47 37


8360 47 30 37
47 30
47 37


8361 47 30 37
47 30
47 37


8362 47 30 37
47 30
47 37


8363 47 30 37
47 30
47 37


8364 47 30 37
47 30
47 37


8365 47 30 37
47 30
47 37


8366 47 30 37
47 30
47 37


8367 47 30 37
47 30
47 37


8368 47 30 37
47 30
47 37


8369 47 30 37
47 30
47 37


8370 47 30 37
47 30
47 37


8371 47 30 37
47 30
47 37


8372 47 30 37
47 30
47 37


8373 47 30 37
47 30
47 37


8374 47 30 37
47 30
47 37


8375 47 30 37
47 30
47 37


8376 47 30 37
47 30
47 37


8377 47 30 37
47 30
47 37


8378 47 30 37
47 30
47 37


8379 47 30 37
47 30
47 37


8380 47 30 37
47 30
47 37


8381 47 30 37
47 30
47 37


8382 47 30 37
47 30
47 37


8383 47 30 37
47 30
47 37


8384 47 30 37
47 30
47 37


8385 47 30 37
47 30
47 37


8386 47 30 37
47 30
47 37


8387 47 30 37
47 30
47 37


8388 47 30 37
47 30
47 37


8389 47 30 37
47 30
47 37


8390 47 30 37
47 30
47 37


8391 47 30 37
47 30
47 37


8392 47 30 37
47 30
47 37


8393 47 30 37
47 30
47 37


8394 47 30 37
47 30
47 37


8395 47 30 37
47 30
47 37


8396 47 30 37
47 30
47 37


8397 47 30 37
47 30
47 37


8398 47 30 37
47 30
47 37


8399 47 30 37
47 30
47 37


8400 47 30 37
47 30
47 37


8401 47 30 37
47 30
47 37


8402 47 30 37
47 30
47 37


8403 47 30 37
47 30
47 37


13604 16 10 9
16 10
16 9


13605 16 10 9
16 10
16 9


13606 16 10 9
16 10
16 9


13607 16 10 9
16 10
16 9


13608 16 10 9
16 10
16 9


13609 16 10 9
16 10
16 9


13610 16 10 9
16 10
16 9


13611 16 10 9
16 10
16 9


13612 16 10 9
16 10
16 9


13613 16 10 9
16 10
16 9


13614 16 10 9
16 10
16 9


13615 16 10 9
16 10
16 9


13616 16 10 9
16 10
16 9


13617 16 10 9
16 10
16 9


13618 16 10 9
16 10
16 9


13619 16 10 9
16 10
16 9


13620 16 10 9
16 10
16 9


13621 16 10 9
16 10
16 9


13622 16 10 9
16 10
16 9


13623 16 10 9
16 10
16 9


13624 16 10 9
16 10
16 9


13625 16 10 9
16 10
16 9


13626 16 10 9
16 10
16 9


13627 16 10 9
16 10
16 9


13628 16 10 9
16 10
16 9


13629 16 10 9
16 10
16 9


13630 16 10 9
16 10
16 9


13631 16 10 9
16 10
16 9


13632 16 10 9
16 10
16 9


13633 16 10 9
16 10
16 9


13634 16 10 9
16 10
16 9


13635 16 10 9
16 10
16 9


13636 16 10 9
16 10
16 9


13637 16 10 9
16 10
16 9


13638 16 10 9
16 10
16 9


13639 16 10 9
16 10
16 9


13640 16 10 9
16 10
16 9


13641 16 10 9
16 10
16 9


13642 16 10 9
16 10
16 9


13643 16 10 9
16 10
16 9


13644 16 10 9
16 10
16 9


13645 16 10 9
16 10
16 9


13646 16 10 9
16 10
16 9


13647 16 10 9
16 10
16 9


13648 16 10 9
16 10
16 9


13649 16 10 9
16 10
16 9


13650 16 10 9
16 10
16 9


13651 16 10 9
16 10
16 9


13652 16 10 9
16 10
16 9


13653 16 10 9
16 10
16 9


13654 16 10 9
16 10
16 9


13655 16 10 9
16 10
16 9


13656 16 10 9
16 10
16 9


13657 16 10 9
16 10
16 9


13658 16 10 9
16 10
16 9


13659 16 10 9
16 10
16 9


13660 16 10 9
16 10
16 9


13661 16 10 9
16 10
16 9


13662 16 10 9
16 10
16 9


13663 16 10 9
16 10
16 9


13664 16 10 9
16 10
16 9


13665 16 10 9
16 10
16 9


13666 16 10 9
16 10
16 9


13667 16 10 9
16 10
16 9


13668 16 10 9
16 10
16 9


13669 16 10 9
16 10
16 9


13670 16 10 9
16 10
16 9


13671 16 10 9
16 10
16 9


13672 16 10 9
16 10
16 9


13673 16 10 9
16 10
16 9


13674 16 10 9
16 10
16 9


13675 16 10 9
16 10
16 9


13676 16 10 9
16 10
16 9


13677 16 10 9
16 10
16 9


13678 16 10 9
16 10
16 9


13679 16 10 9
16 10
16 9


13680 16 10 9
16 10
16 9


13681 16 10 9
16 10
16 9


13682 16 10 9
16 10
16 9


13683 16 10 9
16 10
16 9


13684 16 10 9
16 10
16 9


13685 16 10 9
16 10
16 9


13686 16 10 9
16 10
16 9


13687 16 10 9
16 10
16 9


13688 16 10 9
16 10
16 9


13689 16 10 9
16 10
16 9


13690 16 10 9
16 10
16 9


13691 16 10 9
16 10
16 9


13692 16 10 9
16 10
16 9


13693 16 10 9
16 10
16 9


13694 16 10 9
16 10
16 9


13695 16 10 9
16 10
16 9


13696 16 10 9
16 10
16 9


13697 16 10 9
16 10
16 9


13698 16 10 9
16 10
16 9


13699 16 10 9
16 10
16 9


13700 16 10 9
16 10
16 9


13701 16 10 9
16 10
16 9


13702 16 10 9
16 10
16 9


13703 16 10 9
16 10
16 9


13704 16 10 9
16 10
16 9


13705 16 10 9
16 10
16 9


13706 16 10 9
16 10
16 9


13707 16 10 9
16 10
16 9


13708 16 10 9
16 10
16 9


13709 16 10 9
16 10
16 9


13710 16 10 9
16 10
16 9


13711 16 10 9
16 10
16 9


13712 16 10 9
16 10
16 9


13713 16 10 9
16 10
16 9


13714 16 10 9
16 10
16 9


13715 16 10 9
16 10
16 9


13716 16 10 9
16 10
16 9


13717 16 10 9
16 10
16 9


13718 16 10 9
16 10
16 9


13719 16 10 9
16 10
16 9


13720 16 10 9
16 10
16 9


13721 16 10 9
16 10
16 9


13722 16 10 9
16 10
16 9


13723 16 10 9
16 10
16 9


13724 16 10 9
16 10
16 9


13725 16 10 9
16 10
16 9


13726 16 10 9
16 10
16 9


13727 16 10 9
16 10
16 9


13728 16 10 9
16 10
16 9


13729 16 10 9
16 10
16 9


13730 16 10 9
16 10
16 9


13731 16 10 9
16 10
16 9


13732 16 10 9
16 10
16 9


13733 16 10 9
16 10
16 9


13734 16 10 9
16 10
16 9


13735 16 10 9
16 10
16 9


13736 16 10 9
16 10
16 9


13737 16 10 9
16 10
16 9


13738 16 10 9
16 10
16 9


13739 16 10 9
16 10
16 9


13740 16 10 9
16 10
16 9


13741 16 10 9
16 10
16 9


13742 16 10 9
16 10
16 9


13743 16 10 9
16 10
16 9


13744 16 10 9
16 10
16 9


13745 16 10 9
16 10
16 9


13746 16 10 9
16 10
16 9


13747 16 10 9
16 10
16 9


13748 16 10 9
16 10
16 9


13749 16 10 9
16 10
16 9


13750 16 10 9
16 10
16 9


13751 16 10 9
16 10
16 9


13752 16 10 9
16 10
16 9


13753 16 10 9
16 10
16 9


13754 16 10 9
16 10
16 9


13755 16 10 9
16 10
16 9


13756 16 10 9
16 10
16 9


13757 16 10 9
16 10
16 9


13758 16 10 9
16 10
16 9


13759 16 10 9
16 10
16 9


13760 16 10 9
16 10
16 9


13761 16 10 9
16 10
16 9


13762 16 10 9
16 10
16 9


13763 16 10 9
16 10
16 9


13764 16 10 9
16 10
16 9


13765 16 10 9
16 10
16 9


13766 16 10 9
16 10
16 9


13767 16 10 9
16 10
16 9


13768 16 10 9
16 10
16 9


13769 16 10 9
16 10
16 9


13770 16 10 9
16 10
16 9


13771 16 10 9
16 10
16 9


13772 16 10 9
16 10
16 9


13773 16 10 9
16 10
16 9


13774 16 10 9
16 10
16 9


13775 16 10 9
16 10
16 9


13776 16 10 9
16 10
16 9


13777 16 10 9
16 10
16 9


13778 16 10 9
16 10
16 9


13779 16 10 9
16 10
16 9


13780 16 10 9
16 10
16 9


13781 16 10 9
16 10
16 9


13782 16 10 9
16 10
16 9


13783 16 10 9
16 10
16 9


13784 16 10 9
16 10
16 9


13785 16 10 9
16 10
16 9


13786 16 10 9
16 10
16 9


13787 16 10 9
16 10
16 9


13788 16 10 9
16 10
16 9


13789 16 10 9
16 10
16 9


13790 16 10 9
16 10
16 9


13791 16 10 9
16 10
16 9


13792 16 10 9
16 10
16 9


13793 16 10 9
16 10
16 9


13794 16 10 9
16 10
16 9


13795 16 10 9
16 10
16 9


13796 16 10 9
16 10
16 9


13797 16 10 9
16 10
16 9


13798 16 10 9
16 10
16 9


13799 16 10 9
16 10
16 9


13800 16 10 9
16 10
16 9


13801 16 10 9
16 10
16 9


13802 16 10 9
16 10
16 9


13803 16 10 9
16 10
16 9


13804 16 10 9
16 10
16 9


13805 16 10 9
16 10
16 9


13806 16 10 9
16 10
16 9


13807 16 10 9
16 10
16 9


13808 16 10 9
16 10
16 9


13809 16 10 9
16 10
16 9


13810 16 10 9
16 10
16 9


13811 16 10 9
16 10
16 9


13812 16 10 9
16 10
16 9


13813 16 10 9
16 10
16 9


13814 16 10 9
16 10
16 9


13815 16 10 9
16 10
16 9


13816 16 10 9
16 10
16 9


13817 16 10 9
16 10
16 9


13818 16 10 9
16 10
16 9


13819 16 10 9
16 10
16 9


13820 16 10 9
16 10
16 9


13821 16 10 9
16 10
16 9


13822 16 10 9
16 10
16 9


13823 16 10 9
16 10
16 9


13824 16 10 9
16 10
16 9


13825 16 10 9
16 10
16 9


13826 16 10 9
16 10
16 9


13827 16 10 9
16 10
16 9


13828 16 10 9
16 10
16 9


13829 16 10 9
16 10
16 9


13830 16 10 9
16 10
16 9


13831 16 10 9
16 10
16 9


13832 16 10 9
16 10
16 9


13833 16 10 9
16 10
16 9


13834 16 10 9
16 10
16 9


13835 16 10 9
16 10
16 9


13836 16 10 9
16 10
16 9


13837 16 10 9
16 10
16 9


13838 16 10 9
16 10
16 9


13839 16 10 9
16 10
16 9


13840 16 10 9
16 10
16 9


13841 16 10 9
16 10
16 9


13842 16 10 9
16 10
16 9


13843 16 10 9
16 10
16 9


13844 16 10 9
16 10
16 9


13845 16 10 9
16 10
16 9


13846 16 10 9
16 10
16 9


13847 16 10 9
16 10
16 9


13848 16 10 9
16 10
16 9


13849 16 10 9
16 10
16 9


13850 16 10 9
16 10
16 9


13851 16 10 9
16 10
16 9


13852 16 10 9
16 10
16 9


13853 16 10 9
16 10
16 9


13854 16 10 9
16 10
16 9


13855 16 10 9
16 10
16 9


13856 16 10 9
16 10
16 9


13857 16 10 9
16 10
16 9


13858 16 10 9
16 10
16 9


13859 16 10 9
16 10
16 9


13860 16 10 9
16 10
16 9


13861 16 10 9
16 10
16 9


13862 16 10 9
16 10
16 9


13863 16 10 9
16 10
16 9


13864 16 10 9
16 10
16 9


13865 16 10 9
16 10
16 9


13866 16 10 9
16 10
16 9


13867 16 10 9
16 10
16 9


13868 16 10 9
16 10
16 9


13869 16 10 9
16 10
16 9


13870 16 10 9
16 10
16 9


13871 16 10 9
16 10
16 9


13872 16 10 9
16 10
16 9


13873 16 10 9
16 10
16 9


13874 16 10 9
16 10
16 9


13875 16 10 9
16 10
16 9


13876 16 10 9
16 10
16 9


13877 16 10 9
16 10
16 9


13878 16 10 9
16 10
16 9


13879 16 10 9
16 10
16 9


13880 16 10 9
16 10
16 9


13881 16 10 9
16 10
16 9


13882 16 10 9
16 10
16 9


13883 16 10 9
16 10
16 9


13884 16 10 9
16 10
16 9


13885 16 10 9
16 10
16 9


13886 16 10 9
16 10
16 9


13887 16 10 9
16 10
16 9


13888 16 10 9
16 10
16 9


13889 16 10 9
16 10
16 9


13890 16 10 9
16 10
16 9


13891 16 10 9
16 10
16 9


13892 16 10 9
16 10
16 9


13893 16 10 9
16 10
16 9


13894 16 10 9
16 10
16 9


13895 16 10 9
16 10
16 9


13896 16 10 9
16 10
16 9


13897 16 10 9
16 10
16 9


13898 16 10 9
16 10
16 9


13899 16 10 9
16 10
16 9


13900 16 10 9
16 10
16 9


13901 16 10 9
16 10
16 9


13902 16 10 9
16 10
16 9


13903 16 10 9
16 10
16 9


13904 16 10 9
16 10
16 9


13905 16 10 9
16 10
16 9


13906 16 10 9
16 10
16 9


13907 16 10 9
16 10
16 9


13908 16 10 9
16 10
16 9


13909 16 10 9
16 10
16 9


13910 16 10 9
16 10
16 9


13911 16 10 9
16 10
16 9


13912 16 10 9
16 10
16 9


13913 16 10 9
16 10
16 9


13914 16 10 9
16 10
16 9


13915 16 10 9
16 10
16 9


13916 16 10 9
16 10
16 9


13917 16 10 9
16 10
16 9


13918 16 10 9
16 10
16 9


13919 16 10 9
16 10
16 9


13920 16 10 9
16 10
16 9


13921 16 10 9
16 10
16 9


13922 16 10 9
16 10
16 9


13923 16 10 9
16 10
16 9


13924 16 10 9
16 10
16 9


13925 16 10 9
16 10
16 9


13926 16 10 9
16 10
16 9


13927 16 10 9
16 10
16 9


13928 16 10 9
16 10
16 9


13929 16 10 9
16 10
16 9


13930 16 10 9
16 10
16 9


13931 16 10 9
16 10
16 9


13932 16 10 9
16 10
16 9


13933 16 10 9
16 10
16 9


13934 16 10 9
16 10
16 9


13935 16 10 9
16 10
16 9


13936 16 10 9
16 10
16 9


13937 16 10 9
16 10
16 9


13938 16 10 9
16 10
16 9


13939 16 10 9
16 10
16 9


13940 16 10 9
16 10
16 9


13941 16 10 9
16 10
16 9


13942 16 10 9
16 10
16 9


13943 16 10 9
16 10
16 9


13944 16 10 9
16 10
16 9


13945 16 10 9
16 10
16 9


13946 16 10 9
16 10
16 9


13947 16 10 9
16 10
16 9


13948 16 10 9
16 10
16 9


13949 16 10 9
16 10
16 9


13950 16 10 9
16 10
16 9


13951 16 10 9
16 10
16 9


13952 16 10 9
16 10
16 9


13953 16 10 9
16 10
16 9


13954 16 10 9
16 10
16 9


13955 16 10 9
16 10
16 9


13956 16 10 9
16 10
16 9


13957 16 10 9
16 10
16 9


13958 16 10 9
16 10
16 9


13959 16 10 9
16 10
16 9


13960 16 10 9
16 10
16 9


13961 16 10 9
16 10
16 9


13962 16 10 9
16 10
16 9


13963 16 10 9
16 10
16 9


13964 16 10 9
16 10
16 9


13965 16 10 9
16 10
16 9


13966 16 10 9
16 10
16 9


13967 16 10 9
16 10
16 9


13968 16 10 9
16 10
16 9


13969 16 10 9
16 10
16 9


13970 16 10 9
16 10
16 9


13971 16 10 9
16 10
16 9


13972 16 10 9
16 10
16 9


13973 16 10 9
16 10
16 9


13974 16 10 9
16 10
16 9


13975 16 10 9
16 10
16 9


13976 16 10 9
16 10
16 9


13977 16 10 9
16 10
16 9


13978 16 10 9
16 10
16 9


13979 16 10 9
16 10
16 9


13980 16 10 9
16 10
16 9


13981 16 10 9
16 10
16 9


13982 16 10 9
16 10
16 9


13983 16 10 9
16 10
16 9


13984 16 10 9
16 10
16 9


13985 16 10 9
16 10
16 9


13986 16 10 9
16 10
16 9


13987 16 10 9
16 10
16 9


13988 16 10 9
16 10
16 9


13989 16 10 9
16 10
16 9


13990 16 10 9
16 10
16 9


13991 16 10 9
16 10
16 9


13992 16 10 9
16 10
16 9


13993 16 10 9
16 10
16 9


13994 16 10 9
16 10
16 9


13995 16 10 9
16 10
16 9


13996 16 10 9
16 10
16 9


13997 16 10 9
16 10
16 9


13998 16 10 9
16 10
16 9


13999 16 10 9
16 10
16 9


14000 16 10 9
16 10
16 9


14001 16 10 9
16 10
16 9


14002 16 10 9
16 10
16 9


14003 16 10 9
16 10
16 9


14004 16 10 9
16 10
16 9


14005 16 10 9
16 10
16 9


14006 16 10 9
16 10
16 9


14007 16 10 9
16 10
16 9


14008 16 10 9
16 10
16 9


14009 16 10 9
16 10
16 9


14010 16 10 9
16 10
16 9


14011 16 10 9
16 10
16 9


14012 16 10 9
16 10
16 9


14013 16 10 9
16 10
16 9


14014 16 10 9
16 10
16 9


14015 16 10 9
16 10
16 9


14016 16 10 9
16 10
16 9


14017 16 10 9
16 10
16 9


14018 16 10 9
16 10
16 9


14019 16 10 9
16 10
16 9


14020 16 10 9
16 10
16 9


14021 16 10 9
16 10
16 9


14022 16 10 9
16 10
16 9


14023 16 10 9
16 10
16 9


14024 16 10 9
16 10
16 9


14025 16 10 9
16 10
16 9


14026 16 10 9
16 10
16 9


14027 16 10 9
16 10
16 9


14028 16 10 9
16 10
16 9


14029 16 10 9
16 10
16 9


14030 16 10 9
16 10
16 9


14031 16 10 9
16 10
16 9


14032 16 10 9
16 10
16 9


14033 16 10 9
16 10
16 9


14034 16 10 9
16 10
16 9


14035 16 10 9
16 10
16 9


14036 16 10 9
16 10
16 9


14037 16 10 9
16 10
16 9


14038 16 10 9
16 10
16 9


14039 16 10 9
16 10
16 9


14040 16 10 9
16 10
16 9


14041 16 10 9
16 10
16 9


14042 16 10 9
16 10
16 9


14043 16 10 9
16 10
16 9


14044 16 10 9
16 10
16 9


14045 16 10 9
16 10
16 9


14046 16 10 9
16 10
16 9


14047 16 10 9
16 10
16 9


14048 16 10 9
16 10
16 9


14049 16 10 9
16 10
16 9


14050 16 10 9
16 10
16 9


14051 16 10 9
16 10
16 9


14052 16 10 9
16 10
16 9


14053 16 10 9
16 10
16 9


14054 16 10 9
16 10
16 9


14055 16 10 9
16 10
16 9


14056 16 10 9
16 10
16 9


14057 16 10 9
16 10
16 9


14058 16 10 9
16 10
16 9


14059 16 10 9
16 10
16 9


14060 16 10 9
16 10
16 9


14061 16 10 9
16 10
16 9


14062 16 10 9
16 10
16 9


14063 16 10 9
16 10
16 9


14064 16 10 9
16 10
16 9


14065 16 10 9
16 10
16 9


14066 16 10 9
16 10
16 9


14067 16 10 9
16 10
16 9


14068 16 10 9
16 10
16 9


14069 16 10 9
16 10
16 9


14070 16 10 9
16 10
16 9


14071 16 10 9
16 10
16 9


14072 16 10 9
16 10
16 9


14073 16 10 9
16 10
16 9


14074 16 10 9
16 10
16 9


14075 16 10 9
16 10
16 9


14076 16 10 9
16 10
16 9


14077 16 10 9
16 10
16 9


14078 16 10 9
16 10
16 9


14079 16 10 9
16 10
16 9


14080 16 10 9
16 10
16 9


14081 16 10 9
16 10
16 9


14082 16 10 9
16 10
16 9


14083 16 10 9
16 10
16 9


14084 16 10 9
16 10
16 9


14085 16 10 9
16 10
16 9


14086 16 10 9
16 10
16 9


14087 16 10 9
16 10
16 9


14088 16 10 9
16 10
16 9


14089 16 10 9
16 10
16 9


14090 16 10 9
16 10
16 9


14091 16 10 9
16 10
16 9


14092 16 10 9
16 10
16 9


14093 16 10 9
16 10
16 9


14094 16 10 9
16 10
16 9


14095 16 10 9
16 10
16 9


14096 16 10 9
16 10
16 9


14097 16 10 9
16 10
16 9


14098 16 10 9
16 10
16 9


14099 16 10 9
16 10
16 9


14100 16 10 9
16 10
16 9


14101 16 10 9
16 10
16 9


14102 16 10 9
16 10
16 9


14103 16 10 9
16 10
16 9


14104 16 10 9
16 10
16 9


14105 16 10 9
16 10
16 9


14106 16 10 9
16 10
16 9


14107 16 10 9
16 10
16 9


14108 16 10 9
16 10
16 9


14109 16 10 9
16 10
16 9


14110 16 10 9
16 10
16 9


14111 16 10 9
16 10
16 9


14112 16 10 9
16 10
16 9


14113 16 10 9
16 10
16 9


14114 16 10 9
16 10
16 9


14115 16 10 9
16 10
16 9


19316 39 48 47
39 48
39 47


19317 39 48 47
39 48
39 47


19318 39 48 47
39 48
39 47


19319 39 48 47
39 48
39 47


19320 39 48 47
39 48
39 47


19321 39 48 47
39 48
39 47


19322 39 48 47
39 48
39 47


19323 39 48 47
39 48
39 47


19324 39 48 47
39 48
39 47


19325 39 48 47
39 48
39 47


19326 39 48 47
39 48
39 47


19327 39 48 47
39 48
39 47


19328 39 48 47
39 48
39 47


19329 39 48 47
39 48
39 47


19330 39 48 47
39 48
39 47


19331 39 48 47
39 48
39 47


19332 39 48 47
39 48
39 47


19333 39 48 47
39 48
39 47


19334 39 48 47
39 48
39 47


19335 39 48 47
39 48
39 47


19336 39 48 47
39 48
39 47


19337 39 48 47
39 48
39 47


19338 39 48 47
39 48
39 47


19339 39 48 47
39 48
39 47


19340 39 48 47
39 48
39 47


19341 39 48 47
39 48
39 47


19342 39 48 47
39 48
39 47


19343 39 48 47
39 48
39 47


19344 39 48 47
39 48
39 47


19345 39 48 47
39 48
39 47


19346 39 48 47
39 48
39 47


19347 39 48 47
39 48
39 47


19348 39 48 47
39 48
39 47


19349 39 48 47
39 48
39 47


19350 39 48 47
39 48
39 47


19351 39 48 47
39 48
39 47


19352 39 48 47
39 48
39 47


19353 39 48 47
39 48
39 47


19354 39 48 47
39 48
39 47


19355 39 48 47
39 48
39 47


19356 39 48 47
39 48
39 47


19357 39 48 47
39 48
39 47


19358 39 48 47
39 48
39 47


19359 39 48 47
39 48
39 47


19360 39 48 47
39 48
39 47


19361 39 48 47
39 48
39 47


19362 39 48 47
39 48
39 47


19363 39 48 47
39 48
39 47


19364 39 48 47
39 48
39 47


19365 39 48 47
39 48
39 47


19366 39 48 47
39 48
39 47


19367 39 48 47
39 48
39 47


19368 39 48 47
39 48
39 47


19369 39 48 47
39 48
39 47


19370 39 48 47
39 48
39 47


19371 39 48 47
39 48
39 47


19372 39 48 47
39 48
39 47


19373 39 48 47
39 48
39 47


19374 39 48 47
39 48
39 47


19375 39 48 47
39 48
39 47


19376 39 48 47
39 48
39 47


19377 39 48 47
39 48
39 47


19378 39 48 47
39 48
39 47


19379 39 48 47
39 48
39 47


19380 39 48 47
39 48
39 47


19381 39 48 47
39 48
39 47


19382 39 48 47
39 48
39 47


19383 39 48 47
39 48
39 47


19384 39 48 47
39 48
39 47


19385 39 48 47
39 48
39 47


19386 39 48 47
39 48
39 47


19387 39 48 47
39 48
39 47


19388 39 48 47
39 48
39 47


19389 39 48 47
39 48
39 47


19390 39 48 47
39 48
39 47


19391 39 48 47
39 48
39 47


19392 39 48 47
39 48
39 47


19393 39 48 47
39 48
39 47


19394 39 48 47
39 48
39 47


19395 39 48 47
39 48
39 47


19396 39 48 47
39 48
39 47


19397 39 48 47
39 48
39 47


19398 39 48 47
39 48
39 47


19399 39 48 47
39 48
39 47


19400 39 48 47
39 48
39 47


19401 39 48 47
39 48
39 47


19402 39 48 47
39 48
39 47


19403 39 48 47
39 48
39 47


19404 39 48 47
39 48
39 47


19405 39 48 47
39 48
39 47


19406 39 48 47
39 48
39 47


19407 39 48 47
39 48
39 47


19408 39 48 47
39 48
39 47


19409 39 48 47
39 48
39 47


19410 39 48 47
39 48
39 47


19411 39 48 47
39 48
39 47


19412 39 48 47
39 48
39 47


19413 39 48 47
39 48
39 47


19414 39 48 47
39 48
39 47


19415 39 48 47
39 48
39 47


19416 39 48 47
39 48
39 47


19417 39 48 47
39 48
39 47


19418 39 48 47
39 48
39 47


19419 39 48 47
39 48
39 47


19420 39 48 47
39 48
39 47


19421 39 48 47
39 48
39 47


19422 39 48 47
39 48
39 47


19423 39 48 47
39 48
39 47


19424 39 48 47
39 48
39 47


19425 39 48 47
39 48
39 47


19426 39 48 47
39 48
39 47


19427 39 48 47
39 48
39 47


19428 39 48 47
39 48
39 47


19429 39 48 47
39 48
39 47


19430 39 48 47
39 48
39 47


19431 39 48 47
39 48
39 47


19432 39 48 47
39 48
39 47


19433 39 48 47
39 48
39 47


19434 39 48 47
39 48
39 47


19435 39 48 47
39 48
39 47


19436 39 48 47
39 48
39 47


19437 39 48 47
39 48
39 47


19438 39 48 47
39 48
39 47


19439 39 48 47
39 48
39 47


19440 39 48 47
39 48
39 47


19441 39 48 47
39 48
39 47


19442 39 48 47
39 48
39 47


19443 39 48 47
39 48
39 47


19444 39 48 47
39 48
39 47


19445 39 48 47
39 48
39 47


19446 39 48 47
39 48
39 47


19447 39 48 47
39 48
39 47


19448 39 48 47
39 48
39 47


19449 39 48 47
39 48
39 47


19450 39 48 47
39 48
39 47


19451 39 48 47
39 48
39 47


19452 39 48 47
39 48
39 47


19453 39 48 47
39 48
39 47


19454 39 48 47
39 48
39 47


19455 39 48 47
39 48
39 47


19456 39 48 47
39 48
39 47


19457 39 48 47
39 48
39 47


19458 39 48 47
39 48
39 47


19459 39 48 47
39 48
39 47


19460 39 48 47
39 48
39 47


19461 39 48 47
39 48
39 47


19462 39 48 47
39 48
39 47


19463 39 48 47
39 48
39 47


19464 39 48 47
39 48
39 47


19465 39 48 47
39 48
39 47


19466 39 48 47
39 48
39 47


19467 39 48 47
39 48
39 47


19468 39 48 47
39 48
39 47


19469 39 48 47
39 48
39 47


19470 39 48 47
39 48
39 47


19471 39 48 47
39 48
39 47


19472 39 48 47
39 48
39 47


19473 39 48 47
39 48
39 47


19474 39 48 47
39 48
39 47


19475 39 48 47
39 48
39 47


19476 39 48 47
39 48
39 47


19477 39 48 47
39 48
39 47


19478 39 48 47
39 48
39 47


19479 39 48 47
39 48
39 47


19480 39 48 47
39 48
39 47


19481 39 48 47
39 48
39 47


19482 39 48 47
39 48
39 47


19483 39 48 47
39 48
39 47


19484 39 48 47
39 48
39 47


19485 39 48 47
39 48
39 47


19486 39 48 47
39 48
39 47


19487 39 48 47
39 48
39 47


19488 39 48 47
39 48
39 47


19489 39 48 47
39 48
39 47


19490 39 48 47
39 48
39 47


19491 39 48 47
39 48
39 47


19492 39 48 47
39 48
39 47


19493 39 48 47
39 48
39 47


19494 39 48 47
39 48
39 47


19495 39 48 47
39 48
39 47


19496 39 48 47
39 48
39 47


19497 39 48 47
39 48
39 47


19498 39 48 47
39 48
39 47


19499 39 48 47
39 48
39 47


19500 39 48 47
39 48
39 47


19501 39 48 47
39 48
39 47


19502 39 48 47
39 48
39 47


19503 39 48 47
39 48
39 47


19504 39 48 47
39 48
39 47


19505 39 48 47
39 48
39 47


19506 39 48 47
39 48
39 47


19507 39 48 47
39 48
39 47


19508 39 48 47
39 48
39 47


19509 39 48 47
39 48
39 47


19510 39 48 47
39 48
39 47


19511 39 48 47
39 48
39 47


19512 39 48 47
39 48
39 47


19513 39 48 47
39 48
39 47


19514 39 48 47
39 48
39 47


19515 39 48 47
39 48
39 47


19516 39 48 47
39 48
39 47


19517 39 48 47
39 48
39 47


19518 39 48 47
39 48
39 47


19519 39 48 47
39 48
39 47


19520 39 48 47
39 48
39 47


19521 39 48 47
39 48
39 47


19522 39 48 47
39 48
39 47


19523 39 48 47
39 48
39 47


19524 39 48 47
39 48
39 47


19525 39 48 47
39 48
39 47


19526 39 48 47
39 48
39 47


19527 39 48 47
39 48
39 47


19528 39 48 47
39 48
39 47


19529 39 48 47
39 48
39 47


19530 39 48 47
39 48
39 47


19531 39 48 47
39 48
39 47


19532 39 48 47
39 48
39 47


19533 39 48 47
39 48
39 47


19534 39 48 47
39 48
39 47


19535 39 48 47
39 48
39 47


19536 39 48 47
39 48
39 47


19537 39 48 47
39 48
39 47


19538 39 48 47
39 48
39 47


19539 39 48 47
39 48
39 47


19540 39 48 47
39 48
39 47


19541 39 48 47
39 48
39 47


19542 39 48 47
39 48
39 47


19543 39 48 47
39 48
39 47


19544 39 48 47
39 48
39 47


19545 39 48 47
39 48
39 47


19546 39 48 47
39 48
39 47


19547 39 48 47
39 48
39 47


19548 39 48 47
39 48
39 47


19549 39 48 47
39 48
39 47


19550 39 48 47
39 48
39 47


19551 39 48 47
39 48
39 47


19552 39 48 47
39 48
39 47


19553 39 48 47
39 48
39 47


19554 39 48 47
39 48
39 47


19555 39 48 47
39 48
39 47


19556 39 48 47
39 48
39 47


19557 39 48 47
39 48
39 47


19558 39 48 47
39 48
39 47


19559 39 48 47
39 48
39 47


19560 39 48 47
39 48
39 47


19561 39 48 47
39 48
39 47


19562 39 48 47
39 48
39 47


19563 39 48 47
39 48
39 47


19564 39 48 47
39 48
39 47


19565 39 48 47
39 48
39 47


19566 39 48 47
39 48
39 47


19567 39 48 47
39 48
39 47


19568 39 48 47
39 48
39 47


19569 39 48 47
39 48
39 47


19570 39 48 47
39 48
39 47


19571 39 48 47
39 48
39 47


19572 39 48 47
39 48
39 47


19573 39 48 47
39 48
39 47


19574 39 48 47
39 48
39 47


19575 39 48 47
39 48
39 47


19576 39 48 47
39 48
39 47


19577 39 48 47
39 48
39 47


19578 39 48 47
39 48
39 47


19579 39 48 47
39 48
39 47


19580 39 48 47
39 48
39 47


19581 39 48 47
39 48
39 47


19582 39 48 47
39 48
39 47


19583 39 48 47
39 48
39 47


19584 39 48 47
39 48
39 47


19585 39 48 47
39 48
39 47


19586 39 48 47
39 48
39 47


19587 39 48 47
39 48
39 47


19588 39 48 47
39 48
39 47


19589 39 48 47
39 48
39 47


19590 39 48 47
39 48
39 47


19591 39 48 47
39 48
39 47


19592 39 48 47
39 48
39 47


19593 39 48 47
39 48
39 47


19594 39 48 47
39 48
39 47


19595 39 48 47
39 48
39 47


19596 39 48 47
39 48
39 47


19597 39 48 47
39 48
39 47


19598 39 48 47
39 48
39 47


19599 39 48 47
39 48
39 47


19600 39 48 47
39 48
39 47


19601 39 48 47
39 48
39 47


19602 39 48 47
39 48
39 47


19603 39 48 47
39 48
39 47


19604 39 48 47
39 48
39 47


19605 39 48 47
39 48
39 47


19606 39 48 47
39 48
39 47


19607 39 48 47
39 48
39 47


19608 39 48 47
39 48
39 47


19609 39 48 47
39 48
39 47


19610 39 48 47
39 48
39 47


19611 39 48 47
39 48
39 47


19612 39 48 47
39 48
39 47


19613 39 48 47
39 48
39 47


19614 39 48 47
39 48
39 47


19615 39 48 47
39 48
39 47


19616 39 48 47
39 48
39 47


19617 39 48 47
39 48
39 47


19618 39 48 47
39 48
39 47


19619 39 48 47
39 48
39 47


19620 39 48 47
39 48
39 47


19621 39 48 47
39 48
39 47


19622 39 48 47
39 48
39 47


19623 39 48 47
39 48
39 47


19624 39 48 47
39 48
39 47


19625 39 48 47
39 48
39 47


19626 39 48 47
39 48
39 47


19627 39 48 47
39 48
39 47


19628 39 48 47
39 48
39 47


19629 39 48 47
39 48
39 47


19630 39 48 47
39 48
39 47


19631 39 48 47
39 48
39 47


19632 39 48 47
39 48
39 47


19633 39 48 47
39 48
39 47


19634 39 48 47
39 48
39 47


19635 39 48 47
39 48
39 47


19636 39 48 47
39 48
39 47


19637 39 48 47
39 48
39 47


19638 39 48 47
39 48
39 47


19639 39 48 47
39 48
39 47


19640 39 48 47
39 48
39 47


19641 39 48 47
39 48
39 47


19642 39 48 47
39 48
39 47


19643 39 48 47
39 48
39 47


19644 39 48 47
39 48
39 47


19645 39 48 47
39 48
39 47


19646 39 48 47
39 48
39 47


19647 39 48 47
39 48
39 47


19648 39 48 47
39 48
39 47


19649 39 48 47
39 48
39 47


19650 39 48 47
39 48
39 47


19651 39 48 47
39 48
39 47


19652 39 48 47
39 48
39 47


19653 39 48 47
39 48
39 47


19654 39 48 47
39 48
39 47


19655 39 48 47
39 48
39 47


19656 39 48 47
39 48
39 47


19657 39 48 47
39 48
39 47


19658 39 48 47
39 48
39 47


19659 39 48 47
39 48
39 47


19660 39 48 47
39 48
39 47


19661 39 48 47
39 48
39 47


19662 39 48 47
39 48
39 47


19663 39 48 47
39 48
39 47


19664 39 48 47
39 48
39 47


19665 39 48 47
39 48
39 47


19666 39 48 47
39 48
39 47


19667 39 48 47
39 48
39 47


19668 39 48 47
39 48
39 47


19669 39 48 47
39 48
39 47


19670 39 48 47
39 48
39 47


19671 39 48 47
39 48
39 47


19672 39 48 47
39 48
39 47


19673 39 48 47
39 48
39 47


19674 39 48 47
39 48
39 47


19675 39 48 47
39 48
39 47


19676 39 48 47
39 48
39 47


19677 39 48 47
39 48
39 47


19678 39 48 47
39 48
39 47


19679 39 48 47
39 48
39 47


19680 39 48 47
39 48
39 47


19681 39 48 47
39 48
39 47


19682 39 48 47
39 48
39 47


19683 39 48 47
39 48
39 47


19684 39 48 47
39 48
39 47


19685 39 48 47
39 48
39 47


19686 39 48 47
39 48
39 47


19687 39 48 47
39 48
39 47


19688 39 48 47
39 48
39 47


19689 39 48 47
39 48
39 47


19690 39 48 47
39 48
39 47


19691 39 48 47
39 48
39 47


19692 39 48 47
39 48
39 47


19693 39 48 47
39 48
39 47


19694 39 48 47
39 48
39 47


19695 39 48 47
39 48
39 47


19696 39 48 47
39 48
39 47


19697 39 48 47
39 48
39 47


19698 39 48 47
39 48
39 47


19699 39 48 47
39 48
39 47


19700 39 48 47
39 48
39 47


19701 39 48 47
39 48
39 47


19702 39 48 47
39 48
39 47


19703 39 48 47
39 48
39 47


19704 39 48 47
39 48
39 47


19705 39 48 47
39 48
39 47


19706 39 48 47
39 48
39 47


19707 39 48 47
39 48
39 47


19708 39 48 47
39 48
39 47


19709 39 48 47
39 48
39 47


19710 39 48 47
39 48
39 47


19711 39 48 47
39 48
39 47


19712 39 48 47
39 48
39 47


19713 39 48 47
39 48
39 47


19714 39 48 47
39 48
39 47


19715 39 48 47
39 48
39 47


19716 39 48 47
39 48
39 47


19717 39 48 47
39 48
39 47


19718 39 48 47
39 48
39 47


19719 39 48 47
39 48
39 47


19720 39 48 47
39 48
39 47


19721 39 48 47
39 48
39 47


19722 39 48 47
39 48
39 47


19723 39 48 47
39 48
39 47


19724 39 48 47
39 48
39 47


19725 39 48 47
39 48
39 47


19726 39 48 47
39 48
39 47


19727 39 48 47
39 48
39 47


19728 39 48 47
39 48
39 47


19729 39 48 47
39 48
39 47


19730 39 48 47
39 48
39 47


19731 39 48 47
39 48
39 47


19732 39 48 47
39 48
39 47


19733 39 48 47
39 48
39 47


19734 39 48 47
39 48
39 47


19735 39 48 47
39 48
39 47


19736 39 48 47
39 48
39 47


19737 39 48 47
39 48
39 47


19738 39 48 47
39 48
39 47


19739 39 48 47
39 48
39 47


19740 39 48 47
39 48
39 47


19741 39 48 47
39 48
39 47


19742 39 48 47
39 48
39 47


19743 39 48 47
39 48
39 47


19744 39 48 47
39 48
39 47


19745 39 48 47
39 48
39 47


19746 39 48 47
39 48
39 47


19747 39 48 47
39 48
39 47


19748 39 48 47
39 48
39 47


19749 39 48 47
39 48
39 47


19750 39 48 47
39 48
39 47


19751 39 48 47
39 48
39 47


19752 39 48 47
39 48
39 47


19753 39 48 47
39 48
39 47


19754 39 48 47
39 48
39 47


19755 39 48 47
39 48
39 47


19756 39 48 47
39 48
39 47


19757 39 48 47
39 48
39 47


19758 39 48 47
39 48
39 47


19759 39 48 47
39 48
39 47


19760 39 48 47
39 48
39 47


19761 39 48 47
39 48
39 47


19762 39 48 47
39 48
39 47


19763 39 48 47
39 48
39 47


19764 39 48 47
39 48
39 47


19765 39 48 47
39 48
39 47


19766 39 48 47
39 48
39 47


19767 39 48 47
39 48
39 47


19768 39 48 47
39 48
39 47


19769 39 48 47
39 48
39 47


19770 39 48 47
39 48
39 47


19771 39 48 47
39 48
39 47


19772 39 48 47
39 48
39 47


19773 39 48 47
39 48
39 47


19774 39 48 47
39 48
39 47


19775 39 48 47
39 48
39 47


19776 39 48 47
39 48
39 47


19777 39 48 47
39 48
39 47


19778 39 48 47
39 48
39 47


19779 39 48 47
39 48
39 47


19780 39 48 47
39 48
39 47


19781 39 48 47
39 48
39 47


19782 39 48 47
39 48
39 47


19783 39 48 47
39 48
39 47


19784 39 48 47
39 48
39 47


19785 39 48 47
39 48
39 47


19786 39 48 47
39 48
39 47


19787 39 48 47
39 48
39 47


19788 39 48 47
39 48
39 47


19789 39 48 47
39 48
39 47


19790 39 48 47
39 48
39 47


19791 39 48 47
39 48
39 47


19792 39 48 47
39 48
39 47


19793 39 48 47
39 48
39 47


19794 39 48 47
39 48
39 47


19795 39 48 47
39 48
39 47


19796 39 48 47
39 48
39 47


19797 39 48 47
39 48
39 47


19798 39 48 47
39 48
39 47


19799 39 48 47
39 48
39 47


19800 39 48 47
39 48
39 47


19801 39 48 47
39 48
39 47


19802 39 48 47
39 48
39 47


19803 39 48 47
39 48
39 47


19804 39 48 47
39 48
39 47


19805 39 48 47
39 48
39 47


19806 39 48 47
39 48
39 47


19807 39 48 47
39 48
39 47


19808 39 48 47
39 48
39 47


19809 39 48 47
39 48
39 47


19810 39 48 47
39 48
39 47


19811 39 48 47
39 48
39 47


19812 39 48 47
39 48
39 47


19813 39 48 47
39 48
39 47


19814 39 48 47
39 48
39 47


19815 39 48 47
39 48
39 47


19816 39 48 47
39 48
39 47


19817 39 48 47
39 48
39 47


19818 39 48 47
39 48
39 47


19819 39 48 47
39 48
39 47


19820 39 48 47
39 48
39 47


19821 39 48 47
39 48
39 47


19822 39 48 47
39 48
39 47


19823 39 48 47
39 48
39 47


19824 39 48 47
39 48
39 47


19825 39 48 47
39 48
39 47


19826 39 48 47
39 48
39 47


19827 39 48 47
39 48
39 47


25028 8 15 16
8 15
8 16


25029 8 15 16
8 15
8 16


25030 8 15 16
8 15
8 16


25031 8 15 16
8 15
8 16


25032 8 15 16
8 15
8 16


25033 8 15 16
8 15
8 16


25034 8 15 16
8 15
8 16


25035 8 15 16
8 15
8 16


25036 8 15 16
8 15
8 16


25037 8 15 16
8 15
8 16


25038 8 15 16
8 15
8 16


25039 8 15 16
8 15
8 16


25040 8 15 16
8 15
8 16


25041 8 15 16
8 15
8 16


25042 8 15 16
8 15
8 16


25043 8 15 16
8 15
8 16


25044 8 15 16
8 15
8 16


25045 8 15 16
8 15
8 16


25046 8 15 16
8 15
8 16


25047 8 15 16
8 15
8 16


25048 8 15 16
8 15
8 16


25049 8 15 16
8 15
8 16


25050 8 15 16
8 15
8 16


25051 8 15 16
8 15
8 16


25052 8 15 16
8 15
8 16


25053 8 15 16
8 15
8 16


25054 8 15 16
8 15
8 16


25055 8 15 16
8 15
8 16


25056 8 15 16
8 15
8 16


25057 8 15 16
8 15
8 16


25058 8 15 16
8 15
8 16


25059 8 15 16
8 15
8 16


25060 8 15 16
8 15
8 16


25061 8 15 16
8 15
8 16


25062 8 15 16
8 15
8 16


25063 8 15 16
8 15
8 16


25064 8 15 16
8 15
8 16


25065 8 15 16
8 15
8 16


25066 8 15 16
8 15
8 16


25067 8 15 16
8 15
8 16


25068 8 15 16
8 15
8 16


25069 8 15 16
8 15
8 16


25070 8 15 16
8 15
8 16


25071 8 15 16
8 15
8 16


25072 8 15 16
8 15
8 16


25073 8 15 16
8 15
8 16


25074 8 15 16
8 15
8 16


25075 8 15 16
8 15
8 16


25076 8 15 16
8 15
8 16


25077 8 15 16
8 15
8 16


25078 8 15 16
8 15
8 16


25079 8 15 16
8 15
8 16


25080 8 15 16
8 15
8 16


25081 8 15 16
8 15
8 16


25082 8 15 16
8 15
8 16


25083 8 15 16
8 15
8 16


25084 8 15 16
8 15
8 16


25085 8 15 16
8 15
8 16


25086 8 15 16
8 15
8 16


25087 8 15 16
8 15
8 16


25088 8 15 16
8 15
8 16


25089 8 15 16
8 15
8 16


25090 8 15 16
8 15
8 16


25091 8 15 16
8 15
8 16


25092 8 15 16
8 15
8 16


25093 8 15 16
8 15
8 16


25094 8 15 16
8 15
8 16


25095 8 15 16
8 15
8 16


25096 8 15 16
8 15
8 16


25097 8 15 16
8 15
8 16


25098 8 15 16
8 15
8 16


25099 8 15 16
8 15
8 16


25100 8 15 16
8 15
8 16


25101 8 15 16
8 15
8 16


25102 8 15 16
8 15
8 16


25103 8 15 16
8 15
8 16


25104 8 15 16
8 15
8 16


25105 8 15 16
8 15
8 16


25106 8 15 16
8 15
8 16


25107 8 15 16
8 15
8 16


25108 8 15 16
8 15
8 16


25109 8 15 16
8 15
8 16


25110 8 15 16
8 15
8 16


25111 8 15 16
8 15
8 16


25112 8 15 16
8 15
8 16


25113 8 15 16
8 15
8 16


25114 8 15 16
8 15
8 16


25115 8 15 16
8 15
8 16


25116 8 15 16
8 15
8 16


25117 8 15 16
8 15
8 16


25118 8 15 16
8 15
8 16


25119 8 15 16
8 15
8 16


25120 8 15 16
8 15
8 16


25121 8 15 16
8 15
8 16


25122 8 15 16
8 15
8 16


25123 8 15 16
8 15
8 16


25124 8 15 16
8 15
8 16


25125 8 15 16
8 15
8 16


25126 8 15 16
8 15
8 16


25127 8 15 16
8 15
8 16


25128 8 15 16
8 15
8 16


25129 8 15 16
8 15
8 16


25130 8 15 16
8 15
8 16


25131 8 15 16
8 15
8 16


25132 8 15 16
8 15
8 16


25133 8 15 16
8 15
8 16


25134 8 15 16
8 15
8 16


25135 8 15 16
8 15
8 16


25136 8 15 16
8 15
8 16


25137 8 15 16
8 15
8 16


25138 8 15 16
8 15
8 16


25139 8 15 16
8 15
8 16


25140 8 15 16
8 15
8 16


25141 8 15 16
8 15
8 16


25142 8 15 16
8 15
8 16


25143 8 15 16
8 15
8 16


25144 8 15 16
8 15
8 16


25145 8 15 16
8 15
8 16


25146 8 15 16
8 15
8 16


25147 8 15 16
8 15
8 16


25148 8 15 16
8 15
8 16


25149 8 15 16
8 15
8 16


25150 8 15 16
8 15
8 16


25151 8 15 16
8 15
8 16


25152 8 15 16
8 15
8 16


25153 8 15 16
8 15
8 16


25154 8 15 16
8 15
8 16


25155 8 15 16
8 15
8 16


25156 8 15 16
8 15
8 16


25157 8 15 16
8 15
8 16


25158 8 15 16
8 15
8 16


25159 8 15 16
8 15
8 16


25160 8 15 16
8 15
8 16


25161 8 15 16
8 15
8 16


25162 8 15 16
8 15
8 16


25163 8 15 16
8 15
8 16


25164 8 15 16
8 15
8 16


25165 8 15 16
8 15
8 16


25166 8 15 16
8 15
8 16


25167 8 15 16
8 15
8 16


25168 8 15 16
8 15
8 16


25169 8 15 16
8 15
8 16


25170 8 15 16
8 15
8 16


25171 8 15 16
8 15
8 16


25172 8 15 16
8 15
8 16


25173 8 15 16
8 15
8 16


25174 8 15 16
8 15
8 16


25175 8 15 16
8 15
8 16


25176 8 15 16
8 15
8 16


25177 8 15 16
8 15
8 16


25178 8 15 16
8 15
8 16


25179 8 15 16
8 15
8 16


25180 8 15 16
8 15
8 16


25181 8 15 16
8 15
8 16


25182 8 15 16
8 15
8 16


25183 8 15 16
8 15
8 16


25184 8 15 16
8 15
8 16


25185 8 15 16
8 15
8 16


25186 8 15 16
8 15
8 16


25187 8 15 16
8 15
8 16


25188 8 15 16
8 15
8 16


25189 8 15 16
8 15
8 16


25190 8 15 16
8 15
8 16


25191 8 15 16
8 15
8 16


25192 8 15 16
8 15
8 16


25193 8 15 16
8 15
8 16


25194 8 15 16
8 15
8 16


25195 8 15 16
8 15
8 16


25196 8 15 16
8 15
8 16


25197 8 15 16
8 15
8 16


25198 8 15 16
8 15
8 16


25199 8 15 16
8 15
8 16


25200 8 15 16
8 15
8 16


25201 8 15 16
8 15
8 16


25202 8 15 16
8 15
8 16


25203 8 15 16
8 15
8 16


25204 8 15 16
8 15
8 16


25205 8 15 16
8 15
8 16


25206 8 15 16
8 15
8 16


25207 8 15 16
8 15
8 16


25208 8 15 16
8 15
8 16


25209 8 15 16
8 15
8 16


25210 8 15 16
8 15
8 16


25211 8 15 16
8 15
8 16


25212 8 15 16
8 15
8 16


25213 8 15 16
8 15
8 16


25214 8 15 16
8 15
8 16


25215 8 15 16
8 15
8 16


25216 8 15 16
8 15
8 16


25217 8 15 16
8 15
8 16


25218 8 15 16
8 15
8 16


25219 8 15 16
8 15
8 16


25220 8 15 16
8 15
8 16


25221 8 15 16
8 15
8 16


25222 8 15 16
8 15
8 16


25223 8 15 16
8 15
8 16


25224 8 15 16
8 15
8 16


25225 8 15 16
8 15
8 16


25226 8 15 16
8 15
8 16


25227 8 15 16
8 15
8 16


25228 8 15 16
8 15
8 16


25229 8 15 16
8 15
8 16


25230 8 15 16
8 15
8 16


25231 8 15 16
8 15
8 16


25232 8 15 16
8 15
8 16


25233 8 15 16
8 15
8 16


25234 8 15 16
8 15
8 16


25235 8 15 16
8 15
8 16


25236 8 15 16
8 15
8 16


25237 8 15 16
8 15
8 16


25238 8 15 16
8 15
8 16


25239 8 15 16
8 15
8 16


25240 8 15 16
8 15
8 16


25241 8 15 16
8 15
8 16


25242 8 15 16
8 15
8 16


25243 8 15 16
8 15
8 16


25244 8 15 16
8 15
8 16


25245 8 15 16
8 15
8 16


25246 8 15 16
8 15
8 16


25247 8 15 16
8 15
8 16


25248 8 15 16
8 15
8 16


25249 8 15 16
8 15
8 16


25250 8 15 16
8 15
8 16


25251 8 15 16
8 15
8 16


25252 8 15 16
8 15
8 16


25253 8 15 16
8 15
8 16


25254 8 15 16
8 15
8 16


25255 8 15 16
8 15
8 16


25256 8 15 16
8 15
8 16


25257 8 15 16
8 15
8 16


25258 8 15 16
8 15
8 16


25259 8 15 16
8 15
8 16


25260 8 15 16
8 15
8 16


25261 8 15 16
8 15
8 16


25262 8 15 16
8 15
8 16


25263 8 15 16
8 15
8 16


25264 8 15 16
8 15
8 16


25265 8 15 16
8 15
8 16


25266 8 15 16
8 15
8 16


25267 8 15 16
8 15
8 16


25268 8 15 16
8 15
8 16


25269 8 15 16
8 15
8 16


25270 8 15 16
8 15
8 16


25271 8 15 16
8 15
8 16


25272 8 15 16
8 15
8 16


25273 8 15 16
8 15
8 16


25274 8 15 16
8 15
8 16


25275 8 15 16
8 15
8 16


25276 8 15 16
8 15
8 16


25277 8 15 16
8 15
8 16


25278 8 15 16
8 15
8 16


25279 8 15 16
8 15
8 16


25280 8 15 16
8 15
8 16


25281 8 15 16
8 15
8 16


25282 8 15 16
8 15
8 16


25283 8 15 16
8 15
8 16


25284 8 15 16
8 15
8 16


25285 8 15 16
8 15
8 16


25286 8 15 16
8 15
8 16


25287 8 15 16
8 15
8 16


25288 8 15 16
8 15
8 16


25289 8 15 16
8 15
8 16


25290 8 15 16
8 15
8 16


25291 8 15 16
8 15
8 16


25292 8 15 16
8 15
8 16


25293 8 15 16
8 15
8 16


25294 8 15 16
8 15
8 16


25295 8 15 16
8 15
8 16


25296 8 15 16
8 15
8 16


25297 8 15 16
8 15
8 16


25298 8 15 16
8 15
8 16


25299 8 15 16
8 15
8 16


25300 8 15 16
8 15
8 16


25301 8 15 16
8 15
8 16


25302 8 15 16
8 15
8 16


25303 8 15 16
8 15
8 16


25304 8 15 16
8 15
8 16


25305 8 15 16
8 15
8 16


25306 8 15 16
8 15
8 16


25307 8 15 16
8 15
8 16


25308 8 15 16
8 15
8 16


25309 8 15 16
8 15
8 16


25310 8 15 16
8 15
8 16


25311 8 15 16
8 15
8 16


25312 8 15 16
8 15
8 16


25313 8 15 16
8 15
8 16


25314 8 15 16
8 15
8 16


25315 8 15 16
8 15
8 16


25316 8 15 16
8 15
8 16


25317 8 15 16
8 15
8 16


25318 8 15 16
8 15
8 16


25319 8 15 16
8 15
8 16


25320 8 15 16
8 15
8 16


25321 8 15 16
8 15
8 16


25322 8 15 16
8 15
8 16


25323 8 15 16
8 15
8 16


25324 8 15 16
8 15
8 16


25325 8 15 16
8 15
8 16


25326 8 15 16
8 15
8 16


25327 8 15 16
8 15
8 16


25328 8 15 16
8 15
8 16


25329 8 15 16
8 15
8 16


25330 8 15 16
8 15
8 16


25331 8 15 16
8 15
8 16


25332 8 15 16
8 15
8 16


25333 8 15 16
8 15
8 16


25334 8 15 16
8 15
8 16


25335 8 15 16
8 15
8 16


25336 8 15 16
8 15
8 16


25337 8 15 16
8 15
8 16


25338 8 15 16
8 15
8 16


25339 8 15 16
8 15
8 16


25340 8 15 16
8 15
8 16


25341 8 15 16
8 15
8 16


25342 8 15 16
8 15
8 16


25343 8 15 16
8 15
8 16


25344 8 15 16
8 15
8 16


25345 8 15 16
8 15
8 16


25346 8 15 16
8 15
8 16


25347 8 15 16
8 15
8 16


25348 8 15 16
8 15
8 16


25349 8 15 16
8 15
8 16


25350 8 15 16
8 15
8 16


25351 8 15 16
8 15
8 16


25352 8 15 16
8 15
8 16


25353 8 15 16
8 15
8 16


25354 8 15 16
8 15
8 16


25355 8 15 16
8 15
8 16


25356 8 15 16
8 15
8 16


25357 8 15 16
8 15
8 16


25358 8 15 16
8 15
8 16


25359 8 15 16
8 15
8 16


25360 8 15 16
8 15
8 16


25361 8 15 16
8 15
8 16


25362 8 15 16
8 15
8 16


25363 8 15 16
8 15
8 16


25364 8 15 16
8 15
8 16


25365 8 15 16
8 15
8 16


25366 8 15 16
8 15
8 16


25367 8 15 16
8 15
8 16


25368 8 15 16
8 15
8 16


25369 8 15 16
8 15
8 16


25370 8 15 16
8 15
8 16


25371 8 15 16
8 15
8 16


25372 8 15 16
8 15
8 16


25373 8 15 16
8 15
8 16


25374 8 15 16
8 15
8 16


25375 8 15 16
8 15
8 16


25376 8 15 16
8 15
8 16


25377 8 15 16
8 15
8 16


25378 8 15 16
8 15
8 16


25379 8 15 16
8 15
8 16


25380 8 15 16
8 15
8 16


25381 8 15 16
8 15
8 16


25382 8 15 16
8 15
8 16


25383 8 15 16
8 15
8 16


25384 8 15 16
8 15
8 16


25385 8 15 16
8 15
8 16


25386 8 15 16
8 15
8 16


25387 8 15 16
8 15
8 16


25388 8 15 16
8 15
8 16


25389 8 15 16
8 15
8 16


25390 8 15 16
8 15
8 16


25391 8 15 16
8 15
8 16


25392 8 15 16
8 15
8 16


25393 8 15 16
8 15
8 16


25394 8 15 16
8 15
8 16


25395 8 15 16
8 15
8 16


25396 8 15 16
8 15
8 16


25397 8 15 16
8 15
8 16


25398 8 15 16
8 15
8 16


25399 8 15 16
8 15
8 16


25400 8 15 16
8 15
8 16


25401 8 15 16
8 15
8 16


25402 8 15 16
8 15
8 16


25403 8 15 16
8 15
8 16


25404 8 15 16
8 15
8 16


25405 8 15 16
8 15
8 16


25406 8 15 16
8 15
8 16


25407 8 15 16
8 15
8 16


25408 8 15 16
8 15
8 16


25409 8 15 16
8 15
8 16


25410 8 15 16
8 15
8 16


25411 8 15 16
8 15
8 16


25412 8 15 16
8 15
8 16


25413 8 15 16
8 15
8 16


25414 8 15 16
8 15
8 16


25415 8 15 16
8 15
8 16


25416 8 15 16
8 15
8 16


25417 8 15 16
8 15
8 16


25418 8 15 16
8 15
8 16


25419 8 15 16
8 15
8 16


25420 8 15 16
8 15
8 16


25421 8 15 16
8 15
8 16


25422 8 15 16
8 15
8 16


25423 8 15 16
8 15
8 16


25424 8 15 16
8 15
8 16


25425 8 15 16
8 15
8 16


25426 8 15 16
8 15
8 16


25427 8 15 16
8 15
8 16


25428 8 15 16
8 15
8 16


25429 8 15 16
8 15
8 16


25430 8 15 16
8 15
8 16


25431 8 15 16
8 15
8 16


25432 8 15 16
8 15
8 16


25433 8 15 16
8 15
8 16


25434 8 15 16
8 15
8 16


25435 8 15 16
8 15
8 16


25436 8 15 16
8 15
8 16


25437 8 15 16
8 15
8 16


25438 8 15 16
8 15
8 16


25439 8 15 16
8 15
8 16


25440 8 15 16
8 15
8 16


25441 8 15 16
8 15
8 16


25442 8 15 16
8 15
8 16


25443 8 15 16
8 15
8 16


25444 8 15 16
8 15
8 16


25445 8 15 16
8 15
8 16


25446 8 15 16
8 15
8 16


25447 8 15 16
8 15
8 16


25448 8 15 16
8 15
8 16


25449 8 15 16
8 15
8 16


25450 8 15 16
8 15
8 16


25451 8 15 16
8 15
8 16


25452 8 15 16
8 15
8 16


25453 8 15 16
8 15
8 16


25454 8 15 16
8 15
8 16


25455 8 15 16
8 15
8 16


25456 8 15 16
8 15
8 16


25457 8 15 16
8 15
8 16


25458 8 15 16
8 15
8 16


25459 8 15 16
8 15
8 16


25460 8 15 16
8 15
8 16


25461 8 15 16
8 15
8 16


25462 8 15 16
8 15
8 16


25463 8 15 16
8 15
8 16


25464 8 15 16
8 15
8 16


25465 8 15 16
8 15
8 16


25466 8 15 16
8 15
8 16


25467 8 15 16
8 15
8 16


25468 8 15 16
8 15
8 16


25469 8 15 16
8 15
8 16


25470 8 15 16
8 15
8 16


25471 8 15 16
8 15
8 16


25472 8 15 16
8 15
8 16


25473 8 15 16
8 15
8 16


25474 8 15 16
8 15
8 16


25475 8 15 16
8 15
8 16


25476 8 15 16
8 15
8 16


25477 8 15 16
8 15
8 16


25478 8 15 16
8 15
8 16


25479 8 15 16
8 15
8 16


25480 8 15 16
8 15
8 16


25481 8 15 16
8 15
8 16


25482 8 15 16
8 15
8 16


25483 8 15 16
8 15
8 16


25484 8 15 16
8 15
8 16


25485 8 15 16
8 15
8 16


25486 8 15 16
8 15
8 16


25487 8 15 16
8 15
8 16


25488 8 15 16
8 15
8 16


25489 8 15 16
8 15
8 16


25490 8 15 16
8 15
8 16


25491 8 15 16
8 15
8 16


25492 8 15 16
8 15
8 16


25493 8 15 16
8 15
8 16


25494 8 15 16
8 15
8 16


25495 8 15 16
8 15
8 16


25496 8 15 16
8 15
8 16


25497 8 15 16
8 15
8 16


25498 8 15 16
8 15
8 16


25499 8 15 16
8 15
8 16


25500 8 15 16
8 15
8 16


25501 8 15 16
8 15
8 16


25502 8 15 16
8 15
8 16


25503 8 15 16
8 15
8 16


25504 8 15 16
8 15
8 16


25505 8 15 16
8 15
8 16


25506 8 15 16
8 15
8 16


25507 8 15 16
8 15
8 16


25508 8 15 16
8 15
8 16


25509 8 15 16
8 15
8 16


25510 8 15 16
8 15
8 16


25511 8 15 16
8 15
8 16


25512 8 15 16
8 15
8 16


25513 8 15 16
8 15
8 16


25514 8 15 16
8 15
8 16


25515 8 15 16
8 15
8 16


25516 8 15 16
8 15
8 16


25517 8 15 16
8 15
8 16


25518 8 15 16
8 15
8 16


25519 8 15 16
8 15
8 16


25520 8 15 16
8 15
8 16


25521 8 15 16
8 15
8 16


25522 8 15 16
8 15
8 16


25523 8 15 16
8 15
8 16


25524 8 15 16
8 15
8 16


25525 8 15 16
8 15
8 16


25526 8 15 16
8 15
8 16


25527 8 15 16
8 15
8 16


25528 8 15 16
8 15
8 16


25529 8 15 16
8 15
8 16


25530 8 15 16
8 15
8 16


25531 8 15 16
8 15
8 16


25532 8 15 16
8 15
8 16


25533 8 15 16
8 15
8 16


25534 8 15 16
8 15
8 16


25535 8 15 16
8 15
8 16


25536 8 15 16
8 15
8 16


25537 8 15 16
8 15
8 16


25538 8 15 16
8 15
8 16


25539 8 15 16
8 15
8 16


