0 8 0 16
8 0
8 16


1 8 0 16
8 0
8 16


2 8 0 16
8 0
8 16


3 8 0 16
8 0
8 16


4 8 0 16
8 0
8 16


5 8 0 16
8 0
8 16


6 8 0 16
8 0
8 16


7 8 0 16
8 0
8 16


8 8 0 16
8 0
8 16


9 8 0 16
8 0
8 16


10 8 0 16
8 0
8 16


11 8 0 16
8 0
8 16


12 8 0 16
8 0
8 16


13 8 0 16
8 0
8 16


14 8 0 16
8 0
8 16


15 8 0 16
8 0
8 16


81 17 84 100
17 84
17 100


82 17 84 100
17 84
17 100


83 17 84 100
17 84
17 100


84 17 84 100
17 84
17 100


85 17 84 100
17 84
17 100


86 17 84 100
17 84
17 100


87 17 84 100
17 84
17 100


88 17 84 100
17 84
17 100


89 17 84 100
17 84
17 100


90 17 84 100
17 84
17 100


91 17 84 100
17 84
17 100


92 17 84 100
17 84
17 100


93 17 84 100
17 84
17 100


94 17 84 100
17 84
17 100


95 17 84 100
17 84
17 100


96 17 84 100
17 84
17 100


162 85 56 57
85 56
85 57


163 85 56 57
85 56
85 57


164 85 56 57
85 56
85 57


165 85 56 57
85 56
85 57


166 85 56 57
85 56
85 57


167 85 56 57
85 56
85 57


168 85 56 57
85 56
85 57


169 85 56 57
85 56
85 57


170 85 56 57
85 56
85 57


171 85 56 57
85 56
85 57


172 85 56 57
85 56
85 57


173 85 56 57
85 56
85 57


174 85 56 57
85 56
85 57


175 85 56 57
85 56
85 57


176 85 56 57
85 56
85 57


177 85 56 57
85 56
85 57


243 41 28 29
41 28
41 29


244 41 28 29
41 28
41 29


245 41 28 29
41 28
41 29


246 41 28 29
41 28
41 29


247 41 28 29
41 28
41 29


248 41 28 29
41 28
41 29


249 41 28 29
41 28
41 29


250 41 28 29
41 28
41 29


251 41 28 29
41 28
41 29


252 41 28 29
41 28
41 29


253 41 28 29
41 28
41 29


254 41 28 29
41 28
41 29


255 41 28 29
41 28
41 29


256 41 28 29
41 28
41 29


257 41 28 29
41 28
41 29


258 41 28 29
41 28
41 29


324 13 14 15
13 14
13 15


325 13 14 15
13 14
13 15


326 13 14 15
13 14
13 15


327 13 14 15
13 14
13 15


328 13 14 15
13 14
13 15


329 13 14 15
13 14
13 15


330 13 14 15
13 14
13 15


331 13 14 15
13 14
13 15


332 13 14 15
13 14
13 15


333 13 14 15
13 14
13 15


334 13 14 15
13 14
13 15


335 13 14 15
13 14
13 15


336 13 14 15
13 14
13 15


337 13 14 15
13 14
13 15


338 13 14 15
13 14
13 15


339 13 14 15
13 14
13 15


340 13 14 15
13 14
13 15


341 13 14 15
13 14
13 15


342 13 14 15
13 14
13 15


343 13 14 15
13 14
13 15


344 13 14 15
13 14
13 15


345 13 14 15
13 14
13 15


346 13 14 15
13 14
13 15


347 13 14 15
13 14
13 15


348 13 14 15
13 14
13 15


349 13 14 15
13 14
13 15


350 13 14 15
13 14
13 15


351 13 14 15
13 14
13 15


352 13 14 15
13 14
13 15


353 13 14 15
13 14
13 15


354 13 14 15
13 14
13 15


355 13 14 15
13 14
13 15


356 13 14 15
13 14
13 15


357 13 14 15
13 14
13 15


358 13 14 15
13 14
13 15


359 13 14 15
13 14
13 15


360 13 14 15
13 14
13 15


361 13 14 15
13 14
13 15


362 13 14 15
13 14
13 15


363 13 14 15
13 14
13 15


364 13 14 15
13 14
13 15


365 13 14 15
13 14
13 15


366 13 14 15
13 14
13 15


367 13 14 15
13 14
13 15


368 13 14 15
13 14
13 15


369 13 14 15
13 14
13 15


370 13 14 15
13 14
13 15


371 13 14 15
13 14
13 15


372 13 14 15
13 14
13 15


373 13 14 15
13 14
13 15


374 13 14 15
13 14
13 15


375 13 14 15
13 14
13 15


376 13 14 15
13 14
13 15


377 13 14 15
13 14
13 15


378 13 14 15
13 14
13 15


379 13 14 15
13 14
13 15


380 13 14 15
13 14
13 15


381 13 14 15
13 14
13 15


382 13 14 15
13 14
13 15


383 13 14 15
13 14
13 15


384 13 14 15
13 14
13 15


385 13 14 15
13 14
13 15


386 13 14 15
13 14
13 15


387 13 14 15
13 14
13 15


645 31 46 47
31 46
31 47


646 31 46 47
31 46
31 47


647 31 46 47
31 46
31 47


648 31 46 47
31 46
31 47


649 31 46 47
31 46
31 47


650 31 46 47
31 46
31 47


651 31 46 47
31 46
31 47


652 31 46 47
31 46
31 47


653 31 46 47
31 46
31 47


654 31 46 47
31 46
31 47


655 31 46 47
31 46
31 47


656 31 46 47
31 46
31 47


657 31 46 47
31 46
31 47


658 31 46 47
31 46
31 47


659 31 46 47
31 46
31 47


660 31 46 47
31 46
31 47


661 31 46 47
31 46
31 47


662 31 46 47
31 46
31 47


663 31 46 47
31 46
31 47


664 31 46 47
31 46
31 47


665 31 46 47
31 46
31 47


666 31 46 47
31 46
31 47


667 31 46 47
31 46
31 47


668 31 46 47
31 46
31 47


669 31 46 47
31 46
31 47


670 31 46 47
31 46
31 47


671 31 46 47
31 46
31 47


672 31 46 47
31 46
31 47


673 31 46 47
31 46
31 47


674 31 46 47
31 46
31 47


675 31 46 47
31 46
31 47


676 31 46 47
31 46
31 47


677 31 46 47
31 46
31 47


678 31 46 47
31 46
31 47


679 31 46 47
31 46
31 47


680 31 46 47
31 46
31 47


681 31 46 47
31 46
31 47


682 31 46 47
31 46
31 47


683 31 46 47
31 46
31 47


684 31 46 47
31 46
31 47


685 31 46 47
31 46
31 47


686 31 46 47
31 46
31 47


687 31 46 47
31 46
31 47


688 31 46 47
31 46
31 47


689 31 46 47
31 46
31 47


690 31 46 47
31 46
31 47


691 31 46 47
31 46
31 47


692 31 46 47
31 46
31 47


693 31 46 47
31 46
31 47


694 31 46 47
31 46
31 47


695 31 46 47
31 46
31 47


696 31 46 47
31 46
31 47


697 31 46 47
31 46
31 47


698 31 46 47
31 46
31 47


699 31 46 47
31 46
31 47


700 31 46 47
31 46
31 47


701 31 46 47
31 46
31 47


702 31 46 47
31 46
31 47


703 31 46 47
31 46
31 47


704 31 46 47
31 46
31 47


705 31 46 47
31 46
31 47


706 31 46 47
31 46
31 47


707 31 46 47
31 46
31 47


708 31 46 47
31 46
31 47


709 31 46 47
31 46
31 47


710 31 46 47
31 46
31 47


711 31 46 47
31 46
31 47


712 31 46 47
31 46
31 47


713 31 46 47
31 46
31 47


714 31 46 47
31 46
31 47


715 31 46 47
31 46
31 47


716 31 46 47
31 46
31 47


717 31 46 47
31 46
31 47


718 31 46 47
31 46
31 47


719 31 46 47
31 46
31 47


720 31 46 47
31 46
31 47


721 31 46 47
31 46
31 47


722 31 46 47
31 46
31 47


723 31 46 47
31 46
31 47


724 31 46 47
31 46
31 47


725 31 46 47
31 46
31 47


726 31 46 47
31 46
31 47


727 31 46 47
31 46
31 47


728 31 46 47
31 46
31 47


729 31 46 47
31 46
31 47


730 31 46 47
31 46
31 47


731 31 46 47
31 46
31 47


732 31 46 47
31 46
31 47


733 31 46 47
31 46
31 47


734 31 46 47
31 46
31 47


735 31 46 47
31 46
31 47


736 31 46 47
31 46
31 47


737 31 46 47
31 46
31 47


738 31 46 47
31 46
31 47


739 31 46 47
31 46
31 47


740 31 46 47
31 46
31 47


741 31 46 47
31 46
31 47


742 31 46 47
31 46
31 47


743 31 46 47
31 46
31 47


744 31 46 47
31 46
31 47


745 31 46 47
31 46
31 47


746 31 46 47
31 46
31 47


747 31 46 47
31 46
31 47


748 31 46 47
31 46
31 47


749 31 46 47
31 46
31 47


750 31 46 47
31 46
31 47


751 31 46 47
31 46
31 47


752 31 46 47
31 46
31 47


753 31 46 47
31 46
31 47


754 31 46 47
31 46
31 47


755 31 46 47
31 46
31 47


756 31 46 47
31 46
31 47


757 31 46 47
31 46
31 47


758 31 46 47
31 46
31 47


759 31 46 47
31 46
31 47


760 31 46 47
31 46
31 47


761 31 46 47
31 46
31 47


762 31 46 47
31 46
31 47


763 31 46 47
31 46
31 47


764 31 46 47
31 46
31 47


765 31 46 47
31 46
31 47


766 31 46 47
31 46
31 47


767 31 46 47
31 46
31 47


768 31 46 47
31 46
31 47


769 31 46 47
31 46
31 47


770 31 46 47
31 46
31 47


771 31 46 47
31 46
31 47


772 31 46 47
31 46
31 47


1034 30 63 62
30 63
30 62


1035 30 63 62
30 63
30 62


1036 30 63 62
30 63
30 62


1037 30 63 62
30 63
30 62


1038 30 63 62
30 63
30 62


1039 30 63 62
30 63
30 62


1040 30 63 62
30 63
30 62


1041 30 63 62
30 63
30 62


1042 30 63 62
30 63
30 62


1043 30 63 62
30 63
30 62


1044 30 63 62
30 63
30 62


1045 30 63 62
30 63
30 62


1046 30 63 62
30 63
30 62


1047 30 63 62
30 63
30 62


1048 30 63 62
30 63
30 62


1049 30 63 62
30 63
30 62


1115 61 44 60
61 44
61 60


1116 61 44 60
61 44
61 60


1117 61 44 60
61 44
61 60


1118 61 44 60
61 44
61 60


1119 61 44 60
61 44
61 60


1120 61 44 60
61 44
61 60


1121 61 44 60
61 44
61 60


1122 61 44 60
61 44
61 60


1123 61 44 60
61 44
61 60


1124 61 44 60
61 44
61 60


1125 61 44 60
61 44
61 60


1126 61 44 60
61 44
61 60


1127 61 44 60
61 44
61 60


1128 61 44 60
61 44
61 60


1129 61 44 60
61 44
61 60


1130 61 44 60
61 44
61 60


1973 19 51 50
19 51
19 50


1974 19 51 50
19 51
19 50


1975 19 51 50
19 51
19 50


1976 19 51 50
19 51
19 50


1977 19 51 50
19 51
19 50


1978 19 51 50
19 51
19 50


1979 19 51 50
19 51
19 50


1980 19 51 50
19 51
19 50


1981 19 51 50
19 51
19 50


1982 19 51 50
19 51
19 50


1983 19 51 50
19 51
19 50


1984 19 51 50
19 51
19 50


1985 19 51 50
19 51
19 50


1986 19 51 50
19 51
19 50


1987 19 51 50
19 51
19 50


1988 19 51 50
19 51
19 50


1989 19 51 50
19 51
19 50


1990 19 51 50
19 51
19 50


1991 19 51 50
19 51
19 50


1992 19 51 50
19 51
19 50


1993 19 51 50
19 51
19 50


1994 19 51 50
19 51
19 50


1995 19 51 50
19 51
19 50


1996 19 51 50
19 51
19 50


1997 19 51 50
19 51
19 50


1998 19 51 50
19 51
19 50


1999 19 51 50
19 51
19 50


2000 19 51 50
19 51
19 50


2001 19 51 50
19 51
19 50


2002 19 51 50
19 51
19 50


2003 19 51 50
19 51
19 50


2004 19 51 50
19 51
19 50


2005 19 51 50
19 51
19 50


2006 19 51 50
19 51
19 50


2007 19 51 50
19 51
19 50


2008 19 51 50
19 51
19 50


2009 19 51 50
19 51
19 50


2010 19 51 50
19 51
19 50


2011 19 51 50
19 51
19 50


2012 19 51 50
19 51
19 50


2013 19 51 50
19 51
19 50


2014 19 51 50
19 51
19 50


2015 19 51 50
19 51
19 50


2016 19 51 50
19 51
19 50


2017 19 51 50
19 51
19 50


2018 19 51 50
19 51
19 50


2019 19 51 50
19 51
19 50


2020 19 51 50
19 51
19 50


2021 19 51 50
19 51
19 50


2022 19 51 50
19 51
19 50


2023 19 51 50
19 51
19 50


2024 19 51 50
19 51
19 50


2025 19 51 50
19 51
19 50


2026 19 51 50
19 51
19 50


2027 19 51 50
19 51
19 50


2028 19 51 50
19 51
19 50


2029 19 51 50
19 51
19 50


2030 19 51 50
19 51
19 50


2031 19 51 50
19 51
19 50


2032 19 51 50
19 51
19 50


2033 19 51 50
19 51
19 50


2034 19 51 50
19 51
19 50


2035 19 51 50
19 51
19 50


2036 19 51 50
19 51
19 50


2037 19 51 50
19 51
19 50


2038 19 51 50
19 51
19 50


2039 19 51 50
19 51
19 50


2040 19 51 50
19 51
19 50


2041 19 51 50
19 51
19 50


2042 19 51 50
19 51
19 50


2043 19 51 50
19 51
19 50


2044 19 51 50
19 51
19 50


2045 19 51 50
19 51
19 50


2046 19 51 50
19 51
19 50


2047 19 51 50
19 51
19 50


2048 19 51 50
19 51
19 50


2049 19 51 50
19 51
19 50


2050 19 51 50
19 51
19 50


2051 19 51 50
19 51
19 50


2052 19 51 50
19 51
19 50


2053 19 51 50
19 51
19 50


2054 19 51 50
19 51
19 50


2055 19 51 50
19 51
19 50


2056 19 51 50
19 51
19 50


2057 19 51 50
19 51
19 50


2058 19 51 50
19 51
19 50


2059 19 51 50
19 51
19 50


2060 19 51 50
19 51
19 50


2061 19 51 50
19 51
19 50


2062 19 51 50
19 51
19 50


2063 19 51 50
19 51
19 50


2064 19 51 50
19 51
19 50


2065 19 51 50
19 51
19 50


2066 19 51 50
19 51
19 50


2067 19 51 50
19 51
19 50


2068 19 51 50
19 51
19 50


2069 19 51 50
19 51
19 50


2070 19 51 50
19 51
19 50


2071 19 51 50
19 51
19 50


2072 19 51 50
19 51
19 50


2073 19 51 50
19 51
19 50


2074 19 51 50
19 51
19 50


2075 19 51 50
19 51
19 50


2076 19 51 50
19 51
19 50


2077 19 51 50
19 51
19 50


2078 19 51 50
19 51
19 50


2079 19 51 50
19 51
19 50


2080 19 51 50
19 51
19 50


2081 19 51 50
19 51
19 50


2082 19 51 50
19 51
19 50


2083 19 51 50
19 51
19 50


2084 19 51 50
19 51
19 50


2085 19 51 50
19 51
19 50


2086 19 51 50
19 51
19 50


2087 19 51 50
19 51
19 50


2088 19 51 50
19 51
19 50


2089 19 51 50
19 51
19 50


2090 19 51 50
19 51
19 50


2091 19 51 50
19 51
19 50


2092 19 51 50
19 51
19 50


2093 19 51 50
19 51
19 50


2094 19 51 50
19 51
19 50


2095 19 51 50
19 51
19 50


2096 19 51 50
19 51
19 50


2097 19 51 50
19 51
19 50


2098 19 51 50
19 51
19 50


2099 19 51 50
19 51
19 50


2100 19 51 50
19 51
19 50


3401 114 83 82
114 83
114 82


3402 114 83 82
114 83
114 82


3403 114 83 82
114 83
114 82


3404 114 83 82
114 83
114 82


3405 114 83 82
114 83
114 82


3406 114 83 82
114 83
114 82


3407 114 83 82
114 83
114 82


3408 114 83 82
114 83
114 82


3409 114 83 82
114 83
114 82


3410 114 83 82
114 83
114 82


3411 114 83 82
114 83
114 82


3412 114 83 82
114 83
114 82


3413 114 83 82
114 83
114 82


3414 114 83 82
114 83
114 82


3415 114 83 82
114 83
114 82


3416 114 83 82
114 83
114 82


3417 114 83 82
114 83
114 82


3418 114 83 82
114 83
114 82


3419 114 83 82
114 83
114 82


3420 114 83 82
114 83
114 82


3421 114 83 82
114 83
114 82


3422 114 83 82
114 83
114 82


3423 114 83 82
114 83
114 82


3424 114 83 82
114 83
114 82


3425 114 83 82
114 83
114 82


3426 114 83 82
114 83
114 82


3427 114 83 82
114 83
114 82


3428 114 83 82
114 83
114 82


3429 114 83 82
114 83
114 82


3430 114 83 82
114 83
114 82


3431 114 83 82
114 83
114 82


3432 114 83 82
114 83
114 82


3433 114 83 82
114 83
114 82


3434 114 83 82
114 83
114 82


3435 114 83 82
114 83
114 82


3436 114 83 82
114 83
114 82


3437 114 83 82
114 83
114 82


3438 114 83 82
114 83
114 82


3439 114 83 82
114 83
114 82


3440 114 83 82
114 83
114 82


3441 114 83 82
114 83
114 82


3442 114 83 82
114 83
114 82


3443 114 83 82
114 83
114 82


3444 114 83 82
114 83
114 82


3445 114 83 82
114 83
114 82


3446 114 83 82
114 83
114 82


3447 114 83 82
114 83
114 82


3448 114 83 82
114 83
114 82


3449 114 83 82
114 83
114 82


3450 114 83 82
114 83
114 82


3451 114 83 82
114 83
114 82


3452 114 83 82
114 83
114 82


3453 114 83 82
114 83
114 82


3454 114 83 82
114 83
114 82


3455 114 83 82
114 83
114 82


3456 114 83 82
114 83
114 82


3457 114 83 82
114 83
114 82


3458 114 83 82
114 83
114 82


3459 114 83 82
114 83
114 82


3460 114 83 82
114 83
114 82


3461 114 83 82
114 83
114 82


3462 114 83 82
114 83
114 82


3463 114 83 82
114 83
114 82


3464 114 83 82
114 83
114 82


3465 114 83 82
114 83
114 82


3466 114 83 82
114 83
114 82


3467 114 83 82
114 83
114 82


3468 114 83 82
114 83
114 82


3469 114 83 82
114 83
114 82


3470 114 83 82
114 83
114 82


3471 114 83 82
114 83
114 82


3472 114 83 82
114 83
114 82


3473 114 83 82
114 83
114 82


3474 114 83 82
114 83
114 82


3475 114 83 82
114 83
114 82


3476 114 83 82
114 83
114 82


3477 114 83 82
114 83
114 82


3478 114 83 82
114 83
114 82


3479 114 83 82
114 83
114 82


3480 114 83 82
114 83
114 82


3481 114 83 82
114 83
114 82


3482 114 83 82
114 83
114 82


3483 114 83 82
114 83
114 82


3484 114 83 82
114 83
114 82


3485 114 83 82
114 83
114 82


3486 114 83 82
114 83
114 82


3487 114 83 82
114 83
114 82


3488 114 83 82
114 83
114 82


3489 114 83 82
114 83
114 82


3490 114 83 82
114 83
114 82


3491 114 83 82
114 83
114 82


3492 114 83 82
114 83
114 82


3493 114 83 82
114 83
114 82


3494 114 83 82
114 83
114 82


3495 114 83 82
114 83
114 82


3496 114 83 82
114 83
114 82


3497 114 83 82
114 83
114 82


3498 114 83 82
114 83
114 82


3499 114 83 82
114 83
114 82


3500 114 83 82
114 83
114 82


3501 114 83 82
114 83
114 82


3502 114 83 82
114 83
114 82


3503 114 83 82
114 83
114 82


3504 114 83 82
114 83
114 82


3505 114 83 82
114 83
114 82


3506 114 83 82
114 83
114 82


3507 114 83 82
114 83
114 82


3508 114 83 82
114 83
114 82


3509 114 83 82
114 83
114 82


3510 114 83 82
114 83
114 82


3511 114 83 82
114 83
114 82


3512 114 83 82
114 83
114 82


3513 114 83 82
114 83
114 82


3514 114 83 82
114 83
114 82


3515 114 83 82
114 83
114 82


3516 114 83 82
114 83
114 82


3517 114 83 82
114 83
114 82


3518 114 83 82
114 83
114 82


3519 114 83 82
114 83
114 82


3520 114 83 82
114 83
114 82


3521 114 83 82
114 83
114 82


3522 114 83 82
114 83
114 82


3523 114 83 82
114 83
114 82


3524 114 83 82
114 83
114 82


3525 114 83 82
114 83
114 82


3526 114 83 82
114 83
114 82


3527 114 83 82
114 83
114 82


3528 114 83 82
114 83
114 82


4829 55 38 54
55 38
55 54


4830 55 38 54
55 38
55 54


4831 55 38 54
55 38
55 54


4832 55 38 54
55 38
55 54


4833 55 38 54
55 38
55 54


4834 55 38 54
55 38
55 54


4835 55 38 54
55 38
55 54


4836 55 38 54
55 38
55 54


4837 55 38 54
55 38
55 54


4838 55 38 54
55 38
55 54


4839 55 38 54
55 38
55 54


4840 55 38 54
55 38
55 54


4841 55 38 54
55 38
55 54


4842 55 38 54
55 38
55 54


4843 55 38 54
55 38
55 54


4844 55 38 54
55 38
55 54


4845 55 38 54
55 38
55 54


4846 55 38 54
55 38
55 54


4847 55 38 54
55 38
55 54


4848 55 38 54
55 38
55 54


4849 55 38 54
55 38
55 54


4850 55 38 54
55 38
55 54


4851 55 38 54
55 38
55 54


4852 55 38 54
55 38
55 54


4853 55 38 54
55 38
55 54


4854 55 38 54
55 38
55 54


4855 55 38 54
55 38
55 54


4856 55 38 54
55 38
55 54


4857 55 38 54
55 38
55 54


4858 55 38 54
55 38
55 54


4859 55 38 54
55 38
55 54


4860 55 38 54
55 38
55 54


4861 55 38 54
55 38
55 54


4862 55 38 54
55 38
55 54


4863 55 38 54
55 38
55 54


4864 55 38 54
55 38
55 54


4865 55 38 54
55 38
55 54


4866 55 38 54
55 38
55 54


4867 55 38 54
55 38
55 54


4868 55 38 54
55 38
55 54


4869 55 38 54
55 38
55 54


4870 55 38 54
55 38
55 54


4871 55 38 54
55 38
55 54


4872 55 38 54
55 38
55 54


4873 55 38 54
55 38
55 54


4874 55 38 54
55 38
55 54


4875 55 38 54
55 38
55 54


4876 55 38 54
55 38
55 54


4877 55 38 54
55 38
55 54


4878 55 38 54
55 38
55 54


4879 55 38 54
55 38
55 54


4880 55 38 54
55 38
55 54


4881 55 38 54
55 38
55 54


4882 55 38 54
55 38
55 54


4883 55 38 54
55 38
55 54


4884 55 38 54
55 38
55 54


4885 55 38 54
55 38
55 54


4886 55 38 54
55 38
55 54


4887 55 38 54
55 38
55 54


4888 55 38 54
55 38
55 54


4889 55 38 54
55 38
55 54


4890 55 38 54
55 38
55 54


4891 55 38 54
55 38
55 54


4892 55 38 54
55 38
55 54


4893 55 38 54
55 38
55 54


4894 55 38 54
55 38
55 54


4895 55 38 54
55 38
55 54


4896 55 38 54
55 38
55 54


4897 55 38 54
55 38
55 54


4898 55 38 54
55 38
55 54


4899 55 38 54
55 38
55 54


4900 55 38 54
55 38
55 54


4901 55 38 54
55 38
55 54


4902 55 38 54
55 38
55 54


4903 55 38 54
55 38
55 54


4904 55 38 54
55 38
55 54


4905 55 38 54
55 38
55 54


4906 55 38 54
55 38
55 54


4907 55 38 54
55 38
55 54


4908 55 38 54
55 38
55 54


4909 55 38 54
55 38
55 54


4910 55 38 54
55 38
55 54


4911 55 38 54
55 38
55 54


4912 55 38 54
55 38
55 54


4913 55 38 54
55 38
55 54


4914 55 38 54
55 38
55 54


4915 55 38 54
55 38
55 54


4916 55 38 54
55 38
55 54


4917 55 38 54
55 38
55 54


4918 55 38 54
55 38
55 54


4919 55 38 54
55 38
55 54


4920 55 38 54
55 38
55 54


4921 55 38 54
55 38
55 54


4922 55 38 54
55 38
55 54


4923 55 38 54
55 38
55 54


4924 55 38 54
55 38
55 54


4925 55 38 54
55 38
55 54


4926 55 38 54
55 38
55 54


4927 55 38 54
55 38
55 54


4928 55 38 54
55 38
55 54


4929 55 38 54
55 38
55 54


4930 55 38 54
55 38
55 54


4931 55 38 54
55 38
55 54


4932 55 38 54
55 38
55 54


4933 55 38 54
55 38
55 54


4934 55 38 54
55 38
55 54


4935 55 38 54
55 38
55 54


4936 55 38 54
55 38
55 54


4937 55 38 54
55 38
55 54


4938 55 38 54
55 38
55 54


4939 55 38 54
55 38
55 54


4940 55 38 54
55 38
55 54


4941 55 38 54
55 38
55 54


4942 55 38 54
55 38
55 54


4943 55 38 54
55 38
55 54


4944 55 38 54
55 38
55 54


4945 55 38 54
55 38
55 54


4946 55 38 54
55 38
55 54


4947 55 38 54
55 38
55 54


4948 55 38 54
55 38
55 54


4949 55 38 54
55 38
55 54


4950 55 38 54
55 38
55 54


4951 55 38 54
55 38
55 54


4952 55 38 54
55 38
55 54


4953 55 38 54
55 38
55 54


4954 55 38 54
55 38
55 54


4955 55 38 54
55 38
55 54


4956 55 38 54
55 38
55 54


6257 25 58 59
25 58
25 59


6258 25 58 59
25 58
25 59


6259 25 58 59
25 58
25 59


6260 25 58 59
25 58
25 59


6261 25 58 59
25 58
25 59


6262 25 58 59
25 58
25 59


6263 25 58 59
25 58
25 59


6264 25 58 59
25 58
25 59


6265 25 58 59
25 58
25 59


6266 25 58 59
25 58
25 59


6267 25 58 59
25 58
25 59


6268 25 58 59
25 58
25 59


6269 25 58 59
25 58
25 59


6270 25 58 59
25 58
25 59


6271 25 58 59
25 58
25 59


6272 25 58 59
25 58
25 59


6273 25 58 59
25 58
25 59


6274 25 58 59
25 58
25 59


6275 25 58 59
25 58
25 59


6276 25 58 59
25 58
25 59


6277 25 58 59
25 58
25 59


6278 25 58 59
25 58
25 59


6279 25 58 59
25 58
25 59


6280 25 58 59
25 58
25 59


6281 25 58 59
25 58
25 59


6282 25 58 59
25 58
25 59


6283 25 58 59
25 58
25 59


6284 25 58 59
25 58
25 59


6285 25 58 59
25 58
25 59


6286 25 58 59
25 58
25 59


6287 25 58 59
25 58
25 59


6288 25 58 59
25 58
25 59


6289 25 58 59
25 58
25 59


6290 25 58 59
25 58
25 59


6291 25 58 59
25 58
25 59


6292 25 58 59
25 58
25 59


6293 25 58 59
25 58
25 59


6294 25 58 59
25 58
25 59


6295 25 58 59
25 58
25 59


6296 25 58 59
25 58
25 59


6297 25 58 59
25 58
25 59


6298 25 58 59
25 58
25 59


6299 25 58 59
25 58
25 59


6300 25 58 59
25 58
25 59


6301 25 58 59
25 58
25 59


6302 25 58 59
25 58
25 59


6303 25 58 59
25 58
25 59


6304 25 58 59
25 58
25 59


6305 25 58 59
25 58
25 59


6306 25 58 59
25 58
25 59


6307 25 58 59
25 58
25 59


6308 25 58 59
25 58
25 59


6309 25 58 59
25 58
25 59


6310 25 58 59
25 58
25 59


6311 25 58 59
25 58
25 59


6312 25 58 59
25 58
25 59


6313 25 58 59
25 58
25 59


6314 25 58 59
25 58
25 59


6315 25 58 59
25 58
25 59


6316 25 58 59
25 58
25 59


6317 25 58 59
25 58
25 59


6318 25 58 59
25 58
25 59


6319 25 58 59
25 58
25 59


6320 25 58 59
25 58
25 59


6321 25 58 59
25 58
25 59


6322 25 58 59
25 58
25 59


6323 25 58 59
25 58
25 59


6324 25 58 59
25 58
25 59


6325 25 58 59
25 58
25 59


6326 25 58 59
25 58
25 59


6327 25 58 59
25 58
25 59


6328 25 58 59
25 58
25 59


6329 25 58 59
25 58
25 59


6330 25 58 59
25 58
25 59


6331 25 58 59
25 58
25 59


6332 25 58 59
25 58
25 59


6333 25 58 59
25 58
25 59


6334 25 58 59
25 58
25 59


6335 25 58 59
25 58
25 59


6336 25 58 59
25 58
25 59


6337 25 58 59
25 58
25 59


6338 25 58 59
25 58
25 59


6339 25 58 59
25 58
25 59


6340 25 58 59
25 58
25 59


6341 25 58 59
25 58
25 59


6342 25 58 59
25 58
25 59


6343 25 58 59
25 58
25 59


6344 25 58 59
25 58
25 59


6345 25 58 59
25 58
25 59


6346 25 58 59
25 58
25 59


6347 25 58 59
25 58
25 59


6348 25 58 59
25 58
25 59


6349 25 58 59
25 58
25 59


6350 25 58 59
25 58
25 59


6351 25 58 59
25 58
25 59


6352 25 58 59
25 58
25 59


6353 25 58 59
25 58
25 59


6354 25 58 59
25 58
25 59


6355 25 58 59
25 58
25 59


6356 25 58 59
25 58
25 59


6357 25 58 59
25 58
25 59


6358 25 58 59
25 58
25 59


6359 25 58 59
25 58
25 59


6360 25 58 59
25 58
25 59


6361 25 58 59
25 58
25 59


6362 25 58 59
25 58
25 59


6363 25 58 59
25 58
25 59


6364 25 58 59
25 58
25 59


6365 25 58 59
25 58
25 59


6366 25 58 59
25 58
25 59


6367 25 58 59
25 58
25 59


6368 25 58 59
25 58
25 59


6369 25 58 59
25 58
25 59


6370 25 58 59
25 58
25 59


6371 25 58 59
25 58
25 59


6372 25 58 59
25 58
25 59


6373 25 58 59
25 58
25 59


6374 25 58 59
25 58
25 59


6375 25 58 59
25 58
25 59


6376 25 58 59
25 58
25 59


6377 25 58 59
25 58
25 59


6378 25 58 59
25 58
25 59


6379 25 58 59
25 58
25 59


6380 25 58 59
25 58
25 59


6381 25 58 59
25 58
25 59


6382 25 58 59
25 58
25 59


6383 25 58 59
25 58
25 59


6384 25 58 59
25 58
25 59


