0 4 1 8
4 1
4 8


1 4 1 8
4 1
4 8


2 4 1 8
4 1
4 8


3 4 1 8
4 1
4 8


4 4 1 8
4 1
4 8


5 4 1 8
4 1
4 8


6 4 1 8
4 1
4 8


7 4 1 8
4 1
4 8


8 4 1 8
4 1
4 8


9 4 1 8
4 1
4 8


10 4 1 8
4 1
4 8


11 4 1 8
4 1
4 8


12 4 1 8
4 1
4 8


13 4 1 8
4 1
4 8


14 4 1 8
4 1
4 8


15 4 1 8
4 1
4 8


81 0 30 37
0 30
0 37


82 0 30 37
0 30
0 37


83 0 30 37
0 30
0 37


84 0 30 37
0 30
0 37


85 0 30 37
0 30
0 37


86 0 30 37
0 30
0 37


87 0 30 37
0 30
0 37


88 0 30 37
0 30
0 37


89 0 30 37
0 30
0 37


90 0 30 37
0 30
0 37


91 0 30 37
0 30
0 37


92 0 30 37
0 30
0 37


93 0 30 37
0 30
0 37


94 0 30 37
0 30
0 37


95 0 30 37
0 30
0 37


96 0 30 37
0 30
0 37


162 31 40 33
31 40
31 33


163 31 40 33
31 40
31 33


164 31 40 33
31 40
31 33


165 31 40 33
31 40
31 33


166 31 40 33
31 40
31 33


167 31 40 33
31 40
31 33


168 31 40 33
31 40
31 33


169 31 40 33
31 40
31 33


170 31 40 33
31 40
31 33


171 31 40 33
31 40
31 33


172 31 40 33
31 40
31 33


173 31 40 33
31 40
31 33


174 31 40 33
31 40
31 33


175 31 40 33
31 40
31 33


176 31 40 33
31 40
31 33


177 31 40 33
31 40
31 33


243 39 35 42
39 35
39 42


244 39 35 42
39 35
39 42


245 39 35 42
39 35
39 42


246 39 35 42
39 35
39 42


247 39 35 42
39 35
39 42


248 39 35 42
39 35
39 42


249 39 35 42
39 35
39 42


250 39 35 42
39 35
39 42


251 39 35 42
39 35
39 42


252 39 35 42
39 35
39 42


253 39 35 42
39 35
39 42


254 39 35 42
39 35
39 42


255 39 35 42
39 35
39 42


256 39 35 42
39 35
39 42


257 39 35 42
39 35
39 42


258 39 35 42
39 35
39 42


324 29 0 1
29 0
29 1


325 29 0 1
29 0
29 1


326 29 0 1
29 0
29 1


327 29 0 1
29 0
29 1


328 29 0 1
29 0
29 1


329 29 0 1
29 0
29 1


330 29 0 1
29 0
29 1


331 29 0 1
29 0
29 1


332 29 0 1
29 0
29 1


333 29 0 1
29 0
29 1


334 29 0 1
29 0
29 1


335 29 0 1
29 0
29 1


336 29 0 1
29 0
29 1


337 29 0 1
29 0
29 1


338 29 0 1
29 0
29 1


339 29 0 1
29 0
29 1


340 29 0 1
29 0
29 1


341 29 0 1
29 0
29 1


342 29 0 1
29 0
29 1


343 29 0 1
29 0
29 1


344 29 0 1
29 0
29 1


345 29 0 1
29 0
29 1


346 29 0 1
29 0
29 1


347 29 0 1
29 0
29 1


348 29 0 1
29 0
29 1


349 29 0 1
29 0
29 1


350 29 0 1
29 0
29 1


351 29 0 1
29 0
29 1


352 29 0 1
29 0
29 1


353 29 0 1
29 0
29 1


354 29 0 1
29 0
29 1


355 29 0 1
29 0
29 1


356 29 0 1
29 0
29 1


357 29 0 1
29 0
29 1


358 29 0 1
29 0
29 1


359 29 0 1
29 0
29 1


360 29 0 1
29 0
29 1


361 29 0 1
29 0
29 1


362 29 0 1
29 0
29 1


363 29 0 1
29 0
29 1


364 29 0 1
29 0
29 1


365 29 0 1
29 0
29 1


366 29 0 1
29 0
29 1


367 29 0 1
29 0
29 1


368 29 0 1
29 0
29 1


369 29 0 1
29 0
29 1


370 29 0 1
29 0
29 1


371 29 0 1
29 0
29 1


372 29 0 1
29 0
29 1


373 29 0 1
29 0
29 1


374 29 0 1
29 0
29 1


375 29 0 1
29 0
29 1


376 29 0 1
29 0
29 1


377 29 0 1
29 0
29 1


378 29 0 1
29 0
29 1


379 29 0 1
29 0
29 1


380 29 0 1
29 0
29 1


381 29 0 1
29 0
29 1


382 29 0 1
29 0
29 1


383 29 0 1
29 0
29 1


384 29 0 1
29 0
29 1


385 29 0 1
29 0
29 1


386 29 0 1
29 0
29 1


387 29 0 1
29 0
29 1


645 43 7 14
43 7
43 14


646 43 7 14
43 7
43 14


647 43 7 14
43 7
43 14


648 43 7 14
43 7
43 14


649 43 7 14
43 7
43 14


650 43 7 14
43 7
43 14


651 43 7 14
43 7
43 14


652 43 7 14
43 7
43 14


653 43 7 14
43 7
43 14


654 43 7 14
43 7
43 14


655 43 7 14
43 7
43 14


656 43 7 14
43 7
43 14


657 43 7 14
43 7
43 14


658 43 7 14
43 7
43 14


659 43 7 14
43 7
43 14


660 43 7 14
43 7
43 14


661 43 7 14
43 7
43 14


662 43 7 14
43 7
43 14


663 43 7 14
43 7
43 14


664 43 7 14
43 7
43 14


665 43 7 14
43 7
43 14


666 43 7 14
43 7
43 14


667 43 7 14
43 7
43 14


668 43 7 14
43 7
43 14


669 43 7 14
43 7
43 14


670 43 7 14
43 7
43 14


671 43 7 14
43 7
43 14


672 43 7 14
43 7
43 14


673 43 7 14
43 7
43 14


674 43 7 14
43 7
43 14


675 43 7 14
43 7
43 14


676 43 7 14
43 7
43 14


677 43 7 14
43 7
43 14


678 43 7 14
43 7
43 14


679 43 7 14
43 7
43 14


680 43 7 14
43 7
43 14


681 43 7 14
43 7
43 14


682 43 7 14
43 7
43 14


683 43 7 14
43 7
43 14


684 43 7 14
43 7
43 14


685 43 7 14
43 7
43 14


686 43 7 14
43 7
43 14


687 43 7 14
43 7
43 14


688 43 7 14
43 7
43 14


689 43 7 14
43 7
43 14


690 43 7 14
43 7
43 14


691 43 7 14
43 7
43 14


692 43 7 14
43 7
43 14


693 43 7 14
43 7
43 14


694 43 7 14
43 7
43 14


695 43 7 14
43 7
43 14


696 43 7 14
43 7
43 14


697 43 7 14
43 7
43 14


698 43 7 14
43 7
43 14


699 43 7 14
43 7
43 14


700 43 7 14
43 7
43 14


701 43 7 14
43 7
43 14


702 43 7 14
43 7
43 14


703 43 7 14
43 7
43 14


704 43 7 14
43 7
43 14


705 43 7 14
43 7
43 14


706 43 7 14
43 7
43 14


707 43 7 14
43 7
43 14


708 43 7 14
43 7
43 14


709 43 7 14
43 7
43 14


710 43 7 14
43 7
43 14


711 43 7 14
43 7
43 14


712 43 7 14
43 7
43 14


713 43 7 14
43 7
43 14


714 43 7 14
43 7
43 14


715 43 7 14
43 7
43 14


716 43 7 14
43 7
43 14


717 43 7 14
43 7
43 14


718 43 7 14
43 7
43 14


719 43 7 14
43 7
43 14


720 43 7 14
43 7
43 14


721 43 7 14
43 7
43 14


722 43 7 14
43 7
43 14


723 43 7 14
43 7
43 14


724 43 7 14
43 7
43 14


725 43 7 14
43 7
43 14


726 43 7 14
43 7
43 14


727 43 7 14
43 7
43 14


728 43 7 14
43 7
43 14


729 43 7 14
43 7
43 14


730 43 7 14
43 7
43 14


731 43 7 14
43 7
43 14


732 43 7 14
43 7
43 14


733 43 7 14
43 7
43 14


734 43 7 14
43 7
43 14


735 43 7 14
43 7
43 14


736 43 7 14
43 7
43 14


737 43 7 14
43 7
43 14


738 43 7 14
43 7
43 14


739 43 7 14
43 7
43 14


740 43 7 14
43 7
43 14


741 43 7 14
43 7
43 14


742 43 7 14
43 7
43 14


743 43 7 14
43 7
43 14


744 43 7 14
43 7
43 14


745 43 7 14
43 7
43 14


746 43 7 14
43 7
43 14


747 43 7 14
43 7
43 14


748 43 7 14
43 7
43 14


749 43 7 14
43 7
43 14


750 43 7 14
43 7
43 14


751 43 7 14
43 7
43 14


752 43 7 14
43 7
43 14


753 43 7 14
43 7
43 14


754 43 7 14
43 7
43 14


755 43 7 14
43 7
43 14


756 43 7 14
43 7
43 14


757 43 7 14
43 7
43 14


758 43 7 14
43 7
43 14


759 43 7 14
43 7
43 14


760 43 7 14
43 7
43 14


761 43 7 14
43 7
43 14


762 43 7 14
43 7
43 14


763 43 7 14
43 7
43 14


764 43 7 14
43 7
43 14


765 43 7 14
43 7
43 14


766 43 7 14
43 7
43 14


767 43 7 14
43 7
43 14


768 43 7 14
43 7
43 14


769 43 7 14
43 7
43 14


770 43 7 14
43 7
43 14


771 43 7 14
43 7
43 14


772 43 7 14
43 7
43 14


1034 8 22 15
8 22
8 15


1035 8 22 15
8 22
8 15


1036 8 22 15
8 22
8 15


1037 8 22 15
8 22
8 15


1038 8 22 15
8 22
8 15


1039 8 22 15
8 22
8 15


1040 8 22 15
8 22
8 15


1041 8 22 15
8 22
8 15


1042 8 22 15
8 22
8 15


1043 8 22 15
8 22
8 15


1044 8 22 15
8 22
8 15


1045 8 22 15
8 22
8 15


1046 8 22 15
8 22
8 15


1047 8 22 15
8 22
8 15


1048 8 22 15
8 22
8 15


1049 8 22 15
8 22
8 15


1115 16 23 24
16 23
16 24


1116 16 23 24
16 23
16 24


1117 16 23 24
16 23
16 24


1118 16 23 24
16 23
16 24


1119 16 23 24
16 23
16 24


1120 16 23 24
16 23
16 24


1121 16 23 24
16 23
16 24


1122 16 23 24
16 23
16 24


1123 16 23 24
16 23
16 24


1124 16 23 24
16 23
16 24


1125 16 23 24
16 23
16 24


1126 16 23 24
16 23
16 24


1127 16 23 24
16 23
16 24


1128 16 23 24
16 23
16 24


1129 16 23 24
16 23
16 24


1130 16 23 24
16 23
16 24


1973 23 24 17
23 24
23 17


1974 23 24 17
23 24
23 17


1975 23 24 17
23 24
23 17


1976 23 24 17
23 24
23 17


1977 23 24 17
23 24
23 17


1978 23 24 17
23 24
23 17


1979 23 24 17
23 24
23 17


1980 23 24 17
23 24
23 17


1981 23 24 17
23 24
23 17


1982 23 24 17
23 24
23 17


1983 23 24 17
23 24
23 17


1984 23 24 17
23 24
23 17


1985 23 24 17
23 24
23 17


1986 23 24 17
23 24
23 17


1987 23 24 17
23 24
23 17


1988 23 24 17
23 24
23 17


1989 23 24 17
23 24
23 17


1990 23 24 17
23 24
23 17


1991 23 24 17
23 24
23 17


1992 23 24 17
23 24
23 17


1993 23 24 17
23 24
23 17


1994 23 24 17
23 24
23 17


1995 23 24 17
23 24
23 17


1996 23 24 17
23 24
23 17


1997 23 24 17
23 24
23 17


1998 23 24 17
23 24
23 17


1999 23 24 17
23 24
23 17


2000 23 24 17
23 24
23 17


2001 23 24 17
23 24
23 17


2002 23 24 17
23 24
23 17


2003 23 24 17
23 24
23 17


2004 23 24 17
23 24
23 17


2005 23 24 17
23 24
23 17


2006 23 24 17
23 24
23 17


2007 23 24 17
23 24
23 17


2008 23 24 17
23 24
23 17


2009 23 24 17
23 24
23 17


2010 23 24 17
23 24
23 17


2011 23 24 17
23 24
23 17


2012 23 24 17
23 24
23 17


2013 23 24 17
23 24
23 17


2014 23 24 17
23 24
23 17


2015 23 24 17
23 24
23 17


2016 23 24 17
23 24
23 17


2017 23 24 17
23 24
23 17


2018 23 24 17
23 24
23 17


2019 23 24 17
23 24
23 17


2020 23 24 17
23 24
23 17


2021 23 24 17
23 24
23 17


2022 23 24 17
23 24
23 17


2023 23 24 17
23 24
23 17


2024 23 24 17
23 24
23 17


2025 23 24 17
23 24
23 17


2026 23 24 17
23 24
23 17


2027 23 24 17
23 24
23 17


2028 23 24 17
23 24
23 17


2029 23 24 17
23 24
23 17


2030 23 24 17
23 24
23 17


2031 23 24 17
23 24
23 17


2032 23 24 17
23 24
23 17


2033 23 24 17
23 24
23 17


2034 23 24 17
23 24
23 17


2035 23 24 17
23 24
23 17


2036 23 24 17
23 24
23 17


2037 23 24 17
23 24
23 17


2038 23 24 17
23 24
23 17


2039 23 24 17
23 24
23 17


2040 23 24 17
23 24
23 17


2041 23 24 17
23 24
23 17


2042 23 24 17
23 24
23 17


2043 23 24 17
23 24
23 17


2044 23 24 17
23 24
23 17


2045 23 24 17
23 24
23 17


2046 23 24 17
23 24
23 17


2047 23 24 17
23 24
23 17


2048 23 24 17
23 24
23 17


2049 23 24 17
23 24
23 17


2050 23 24 17
23 24
23 17


2051 23 24 17
23 24
23 17


2052 23 24 17
23 24
23 17


2053 23 24 17
23 24
23 17


2054 23 24 17
23 24
23 17


2055 23 24 17
23 24
23 17


2056 23 24 17
23 24
23 17


2057 23 24 17
23 24
23 17


2058 23 24 17
23 24
23 17


2059 23 24 17
23 24
23 17


2060 23 24 17
23 24
23 17


2061 23 24 17
23 24
23 17


2062 23 24 17
23 24
23 17


2063 23 24 17
23 24
23 17


2064 23 24 17
23 24
23 17


2065 23 24 17
23 24
23 17


2066 23 24 17
23 24
23 17


2067 23 24 17
23 24
23 17


2068 23 24 17
23 24
23 17


2069 23 24 17
23 24
23 17


2070 23 24 17
23 24
23 17


2071 23 24 17
23 24
23 17


2072 23 24 17
23 24
23 17


2073 23 24 17
23 24
23 17


2074 23 24 17
23 24
23 17


2075 23 24 17
23 24
23 17


2076 23 24 17
23 24
23 17


2077 23 24 17
23 24
23 17


2078 23 24 17
23 24
23 17


2079 23 24 17
23 24
23 17


2080 23 24 17
23 24
23 17


2081 23 24 17
23 24
23 17


2082 23 24 17
23 24
23 17


2083 23 24 17
23 24
23 17


2084 23 24 17
23 24
23 17


2085 23 24 17
23 24
23 17


2086 23 24 17
23 24
23 17


2087 23 24 17
23 24
23 17


2088 23 24 17
23 24
23 17


2089 23 24 17
23 24
23 17


2090 23 24 17
23 24
23 17


2091 23 24 17
23 24
23 17


2092 23 24 17
23 24
23 17


2093 23 24 17
23 24
23 17


2094 23 24 17
23 24
23 17


2095 23 24 17
23 24
23 17


2096 23 24 17
23 24
23 17


2097 23 24 17
23 24
23 17


2098 23 24 17
23 24
23 17


2099 23 24 17
23 24
23 17


2100 23 24 17
23 24
23 17


3401 32 41 48
32 41
32 48


3402 32 41 48
32 41
32 48


3403 32 41 48
32 41
32 48


3404 32 41 48
32 41
32 48


3405 32 41 48
32 41
32 48


3406 32 41 48
32 41
32 48


3407 32 41 48
32 41
32 48


3408 32 41 48
32 41
32 48


3409 32 41 48
32 41
32 48


3410 32 41 48
32 41
32 48


3411 32 41 48
32 41
32 48


3412 32 41 48
32 41
32 48


3413 32 41 48
32 41
32 48


3414 32 41 48
32 41
32 48


3415 32 41 48
32 41
32 48


3416 32 41 48
32 41
32 48


3417 32 41 48
32 41
32 48


3418 32 41 48
32 41
32 48


3419 32 41 48
32 41
32 48


3420 32 41 48
32 41
32 48


3421 32 41 48
32 41
32 48


3422 32 41 48
32 41
32 48


3423 32 41 48
32 41
32 48


3424 32 41 48
32 41
32 48


3425 32 41 48
32 41
32 48


3426 32 41 48
32 41
32 48


3427 32 41 48
32 41
32 48


3428 32 41 48
32 41
32 48


3429 32 41 48
32 41
32 48


3430 32 41 48
32 41
32 48


3431 32 41 48
32 41
32 48


3432 32 41 48
32 41
32 48


3433 32 41 48
32 41
32 48


3434 32 41 48
32 41
32 48


3435 32 41 48
32 41
32 48


3436 32 41 48
32 41
32 48


3437 32 41 48
32 41
32 48


3438 32 41 48
32 41
32 48


3439 32 41 48
32 41
32 48


3440 32 41 48
32 41
32 48


3441 32 41 48
32 41
32 48


3442 32 41 48
32 41
32 48


3443 32 41 48
32 41
32 48


3444 32 41 48
32 41
32 48


3445 32 41 48
32 41
32 48


3446 32 41 48
32 41
32 48


3447 32 41 48
32 41
32 48


3448 32 41 48
32 41
32 48


3449 32 41 48
32 41
32 48


3450 32 41 48
32 41
32 48


3451 32 41 48
32 41
32 48


3452 32 41 48
32 41
32 48


3453 32 41 48
32 41
32 48


3454 32 41 48
32 41
32 48


3455 32 41 48
32 41
32 48


3456 32 41 48
32 41
32 48


3457 32 41 48
32 41
32 48


3458 32 41 48
32 41
32 48


3459 32 41 48
32 41
32 48


3460 32 41 48
32 41
32 48


3461 32 41 48
32 41
32 48


3462 32 41 48
32 41
32 48


3463 32 41 48
32 41
32 48


3464 32 41 48
32 41
32 48


3465 32 41 48
32 41
32 48


3466 32 41 48
32 41
32 48


3467 32 41 48
32 41
32 48


3468 32 41 48
32 41
32 48


3469 32 41 48
32 41
32 48


3470 32 41 48
32 41
32 48


3471 32 41 48
32 41
32 48


3472 32 41 48
32 41
32 48


3473 32 41 48
32 41
32 48


3474 32 41 48
32 41
32 48


3475 32 41 48
32 41
32 48


3476 32 41 48
32 41
32 48


3477 32 41 48
32 41
32 48


3478 32 41 48
32 41
32 48


3479 32 41 48
32 41
32 48


3480 32 41 48
32 41
32 48


3481 32 41 48
32 41
32 48


3482 32 41 48
32 41
32 48


3483 32 41 48
32 41
32 48


3484 32 41 48
32 41
32 48


3485 32 41 48
32 41
32 48


3486 32 41 48
32 41
32 48


3487 32 41 48
32 41
32 48


3488 32 41 48
32 41
32 48


3489 32 41 48
32 41
32 48


3490 32 41 48
32 41
32 48


3491 32 41 48
32 41
32 48


3492 32 41 48
32 41
32 48


3493 32 41 48
32 41
32 48


3494 32 41 48
32 41
32 48


3495 32 41 48
32 41
32 48


3496 32 41 48
32 41
32 48


3497 32 41 48
32 41
32 48


3498 32 41 48
32 41
32 48


3499 32 41 48
32 41
32 48


3500 32 41 48
32 41
32 48


3501 32 41 48
32 41
32 48


3502 32 41 48
32 41
32 48


3503 32 41 48
32 41
32 48


3504 32 41 48
32 41
32 48


3505 32 41 48
32 41
32 48


3506 32 41 48
32 41
32 48


3507 32 41 48
32 41
32 48


3508 32 41 48
32 41
32 48


3509 32 41 48
32 41
32 48


3510 32 41 48
32 41
32 48


3511 32 41 48
32 41
32 48


3512 32 41 48
32 41
32 48


3513 32 41 48
32 41
32 48


3514 32 41 48
32 41
32 48


3515 32 41 48
32 41
32 48


3516 32 41 48
32 41
32 48


3517 32 41 48
32 41
32 48


3518 32 41 48
32 41
32 48


3519 32 41 48
32 41
32 48


3520 32 41 48
32 41
32 48


3521 32 41 48
32 41
32 48


3522 32 41 48
32 41
32 48


3523 32 41 48
32 41
32 48


3524 32 41 48
32 41
32 48


3525 32 41 48
32 41
32 48


3526 32 41 48
32 41
32 48


3527 32 41 48
32 41
32 48


3528 32 41 48
32 41
32 48


4829 14 16 23
14 16
14 23


4830 14 16 23
14 16
14 23


4831 14 16 23
14 16
14 23


4832 14 16 23
14 16
14 23


4833 14 16 23
14 16
14 23


4834 14 16 23
14 16
14 23


4835 14 16 23
14 16
14 23


4836 14 16 23
14 16
14 23


4837 14 16 23
14 16
14 23


4838 14 16 23
14 16
14 23


4839 14 16 23
14 16
14 23


4840 14 16 23
14 16
14 23


4841 14 16 23
14 16
14 23


4842 14 16 23
14 16
14 23


4843 14 16 23
14 16
14 23


4844 14 16 23
14 16
14 23


4845 14 16 23
14 16
14 23


4846 14 16 23
14 16
14 23


4847 14 16 23
14 16
14 23


4848 14 16 23
14 16
14 23


4849 14 16 23
14 16
14 23


4850 14 16 23
14 16
14 23


4851 14 16 23
14 16
14 23


4852 14 16 23
14 16
14 23


4853 14 16 23
14 16
14 23


4854 14 16 23
14 16
14 23


4855 14 16 23
14 16
14 23


4856 14 16 23
14 16
14 23


4857 14 16 23
14 16
14 23


4858 14 16 23
14 16
14 23


4859 14 16 23
14 16
14 23


4860 14 16 23
14 16
14 23


4861 14 16 23
14 16
14 23


4862 14 16 23
14 16
14 23


4863 14 16 23
14 16
14 23


4864 14 16 23
14 16
14 23


4865 14 16 23
14 16
14 23


4866 14 16 23
14 16
14 23


4867 14 16 23
14 16
14 23


4868 14 16 23
14 16
14 23


4869 14 16 23
14 16
14 23


4870 14 16 23
14 16
14 23


4871 14 16 23
14 16
14 23


4872 14 16 23
14 16
14 23


4873 14 16 23
14 16
14 23


4874 14 16 23
14 16
14 23


4875 14 16 23
14 16
14 23


4876 14 16 23
14 16
14 23


4877 14 16 23
14 16
14 23


4878 14 16 23
14 16
14 23


4879 14 16 23
14 16
14 23


4880 14 16 23
14 16
14 23


4881 14 16 23
14 16
14 23


4882 14 16 23
14 16
14 23


4883 14 16 23
14 16
14 23


4884 14 16 23
14 16
14 23


4885 14 16 23
14 16
14 23


4886 14 16 23
14 16
14 23


4887 14 16 23
14 16
14 23


4888 14 16 23
14 16
14 23


4889 14 16 23
14 16
14 23


4890 14 16 23
14 16
14 23


4891 14 16 23
14 16
14 23


4892 14 16 23
14 16
14 23


4893 14 16 23
14 16
14 23


4894 14 16 23
14 16
14 23


4895 14 16 23
14 16
14 23


4896 14 16 23
14 16
14 23


4897 14 16 23
14 16
14 23


4898 14 16 23
14 16
14 23


4899 14 16 23
14 16
14 23


4900 14 16 23
14 16
14 23


4901 14 16 23
14 16
14 23


4902 14 16 23
14 16
14 23


4903 14 16 23
14 16
14 23


4904 14 16 23
14 16
14 23


4905 14 16 23
14 16
14 23


4906 14 16 23
14 16
14 23


4907 14 16 23
14 16
14 23


4908 14 16 23
14 16
14 23


4909 14 16 23
14 16
14 23


4910 14 16 23
14 16
14 23


4911 14 16 23
14 16
14 23


4912 14 16 23
14 16
14 23


4913 14 16 23
14 16
14 23


4914 14 16 23
14 16
14 23


4915 14 16 23
14 16
14 23


4916 14 16 23
14 16
14 23


4917 14 16 23
14 16
14 23


4918 14 16 23
14 16
14 23


4919 14 16 23
14 16
14 23


4920 14 16 23
14 16
14 23


4921 14 16 23
14 16
14 23


4922 14 16 23
14 16
14 23


4923 14 16 23
14 16
14 23


4924 14 16 23
14 16
14 23


4925 14 16 23
14 16
14 23


4926 14 16 23
14 16
14 23


4927 14 16 23
14 16
14 23


4928 14 16 23
14 16
14 23


4929 14 16 23
14 16
14 23


4930 14 16 23
14 16
14 23


4931 14 16 23
14 16
14 23


4932 14 16 23
14 16
14 23


4933 14 16 23
14 16
14 23


4934 14 16 23
14 16
14 23


4935 14 16 23
14 16
14 23


4936 14 16 23
14 16
14 23


4937 14 16 23
14 16
14 23


4938 14 16 23
14 16
14 23


4939 14 16 23
14 16
14 23


4940 14 16 23
14 16
14 23


4941 14 16 23
14 16
14 23


4942 14 16 23
14 16
14 23


4943 14 16 23
14 16
14 23


4944 14 16 23
14 16
14 23


4945 14 16 23
14 16
14 23


4946 14 16 23
14 16
14 23


4947 14 16 23
14 16
14 23


4948 14 16 23
14 16
14 23


4949 14 16 23
14 16
14 23


4950 14 16 23
14 16
14 23


4951 14 16 23
14 16
14 23


4952 14 16 23
14 16
14 23


4953 14 16 23
14 16
14 23


4954 14 16 23
14 16
14 23


4955 14 16 23
14 16
14 23


4956 14 16 23
14 16
14 23


6257 18 41 48
18 41
18 48


6258 18 41 48
18 41
18 48


6259 18 41 48
18 41
18 48


6260 18 41 48
18 41
18 48


6261 18 41 48
18 41
18 48


6262 18 41 48
18 41
18 48


6263 18 41 48
18 41
18 48


6264 18 41 48
18 41
18 48


6265 18 41 48
18 41
18 48


6266 18 41 48
18 41
18 48


6267 18 41 48
18 41
18 48


6268 18 41 48
18 41
18 48


6269 18 41 48
18 41
18 48


6270 18 41 48
18 41
18 48


6271 18 41 48
18 41
18 48


6272 18 41 48
18 41
18 48


6273 18 41 48
18 41
18 48


6274 18 41 48
18 41
18 48


6275 18 41 48
18 41
18 48


6276 18 41 48
18 41
18 48


6277 18 41 48
18 41
18 48


6278 18 41 48
18 41
18 48


6279 18 41 48
18 41
18 48


6280 18 41 48
18 41
18 48


6281 18 41 48
18 41
18 48


6282 18 41 48
18 41
18 48


6283 18 41 48
18 41
18 48


6284 18 41 48
18 41
18 48


6285 18 41 48
18 41
18 48


6286 18 41 48
18 41
18 48


6287 18 41 48
18 41
18 48


6288 18 41 48
18 41
18 48


6289 18 41 48
18 41
18 48


6290 18 41 48
18 41
18 48


6291 18 41 48
18 41
18 48


6292 18 41 48
18 41
18 48


6293 18 41 48
18 41
18 48


6294 18 41 48
18 41
18 48


6295 18 41 48
18 41
18 48


6296 18 41 48
18 41
18 48


6297 18 41 48
18 41
18 48


6298 18 41 48
18 41
18 48


6299 18 41 48
18 41
18 48


6300 18 41 48
18 41
18 48


6301 18 41 48
18 41
18 48


6302 18 41 48
18 41
18 48


6303 18 41 48
18 41
18 48


6304 18 41 48
18 41
18 48


6305 18 41 48
18 41
18 48


6306 18 41 48
18 41
18 48


6307 18 41 48
18 41
18 48


6308 18 41 48
18 41
18 48


6309 18 41 48
18 41
18 48


6310 18 41 48
18 41
18 48


6311 18 41 48
18 41
18 48


6312 18 41 48
18 41
18 48


6313 18 41 48
18 41
18 48


6314 18 41 48
18 41
18 48


6315 18 41 48
18 41
18 48


6316 18 41 48
18 41
18 48


6317 18 41 48
18 41
18 48


6318 18 41 48
18 41
18 48


6319 18 41 48
18 41
18 48


6320 18 41 48
18 41
18 48


6321 18 41 48
18 41
18 48


6322 18 41 48
18 41
18 48


6323 18 41 48
18 41
18 48


6324 18 41 48
18 41
18 48


6325 18 41 48
18 41
18 48


6326 18 41 48
18 41
18 48


6327 18 41 48
18 41
18 48


6328 18 41 48
18 41
18 48


6329 18 41 48
18 41
18 48


6330 18 41 48
18 41
18 48


6331 18 41 48
18 41
18 48


6332 18 41 48
18 41
18 48


6333 18 41 48
18 41
18 48


6334 18 41 48
18 41
18 48


6335 18 41 48
18 41
18 48


6336 18 41 48
18 41
18 48


6337 18 41 48
18 41
18 48


6338 18 41 48
18 41
18 48


6339 18 41 48
18 41
18 48


6340 18 41 48
18 41
18 48


6341 18 41 48
18 41
18 48


6342 18 41 48
18 41
18 48


6343 18 41 48
18 41
18 48


6344 18 41 48
18 41
18 48


6345 18 41 48
18 41
18 48


6346 18 41 48
18 41
18 48


6347 18 41 48
18 41
18 48


6348 18 41 48
18 41
18 48


6349 18 41 48
18 41
18 48


6350 18 41 48
18 41
18 48


6351 18 41 48
18 41
18 48


6352 18 41 48
18 41
18 48


6353 18 41 48
18 41
18 48


6354 18 41 48
18 41
18 48


6355 18 41 48
18 41
18 48


6356 18 41 48
18 41
18 48


6357 18 41 48
18 41
18 48


6358 18 41 48
18 41
18 48


6359 18 41 48
18 41
18 48


6360 18 41 48
18 41
18 48


6361 18 41 48
18 41
18 48


6362 18 41 48
18 41
18 48


6363 18 41 48
18 41
18 48


6364 18 41 48
18 41
18 48


6365 18 41 48
18 41
18 48


6366 18 41 48
18 41
18 48


6367 18 41 48
18 41
18 48


6368 18 41 48
18 41
18 48


6369 18 41 48
18 41
18 48


6370 18 41 48
18 41
18 48


6371 18 41 48
18 41
18 48


6372 18 41 48
18 41
18 48


6373 18 41 48
18 41
18 48


6374 18 41 48
18 41
18 48


6375 18 41 48
18 41
18 48


6376 18 41 48
18 41
18 48


6377 18 41 48
18 41
18 48


6378 18 41 48
18 41
18 48


6379 18 41 48
18 41
18 48


6380 18 41 48
18 41
18 48


6381 18 41 48
18 41
18 48


6382 18 41 48
18 41
18 48


6383 18 41 48
18 41
18 48


6384 18 41 48
18 41
18 48


