0 3 1 6
3 1
3 6


1 3 1 6
3 1
3 6


2 3 1 6
3 1
3 6


3 3 1 6
3 1
3 6


4 3 1 6
3 1
3 6


5 3 1 6
3 1
3 6


6 3 1 6
3 1
3 6


7 3 1 6
3 1
3 6


8 3 1 6
3 1
3 6


9 3 1 6
3 1
3 6


10 3 1 6
3 1
3 6


11 3 1 6
3 1
3 6


12 3 1 6
3 1
3 6


13 3 1 6
3 1
3 6


14 3 1 6
3 1
3 6


15 3 1 6
3 1
3 6


16 3 1 6
3 1
3 6


17 3 1 6
3 1
3 6


18 3 1 6
3 1
3 6


19 3 1 6
3 1
3 6


20 3 1 6
3 1
3 6


21 3 1 6
3 1
3 6


22 3 1 6
3 1
3 6


23 3 1 6
3 1
3 6


24 3 1 6
3 1
3 6


25 3 1 6
3 1
3 6


26 3 1 6
3 1
3 6


27 3 1 6
3 1
3 6


28 3 1 6
3 1
3 6


29 3 1 6
3 1
3 6


30 3 1 6
3 1
3 6


31 3 1 6
3 1
3 6


32 3 1 6
3 1
3 6


33 3 1 6
3 1
3 6


34 3 1 6
3 1
3 6


35 3 1 6
3 1
3 6


36 3 1 6
3 1
3 6


37 3 1 6
3 1
3 6


38 3 1 6
3 1
3 6


39 3 1 6
3 1
3 6


40 3 1 6
3 1
3 6


41 3 1 6
3 1
3 6


42 3 1 6
3 1
3 6


43 3 1 6
3 1
3 6


44 3 1 6
3 1
3 6


45 3 1 6
3 1
3 6


46 3 1 6
3 1
3 6


47 3 1 6
3 1
3 6


48 3 1 6
3 1
3 6


49 3 1 6
3 1
3 6


50 3 1 6
3 1
3 6


51 3 1 6
3 1
3 6


52 3 1 6
3 1
3 6


53 3 1 6
3 1
3 6


54 3 1 6
3 1
3 6


55 3 1 6
3 1
3 6


56 3 1 6
3 1
3 6


57 3 1 6
3 1
3 6


58 3 1 6
3 1
3 6


59 3 1 6
3 1
3 6


60 3 1 6
3 1
3 6


61 3 1 6
3 1
3 6


62 3 1 6
3 1
3 6


63 3 1 6
3 1
3 6


324 0 16 11
0 16
0 11


325 0 16 11
0 16
0 11


326 0 16 11
0 16
0 11


327 0 16 11
0 16
0 11


328 0 16 11
0 16
0 11


329 0 16 11
0 16
0 11


330 0 16 11
0 16
0 11


331 0 16 11
0 16
0 11


332 0 16 11
0 16
0 11


333 0 16 11
0 16
0 11


334 0 16 11
0 16
0 11


335 0 16 11
0 16
0 11


336 0 16 11
0 16
0 11


337 0 16 11
0 16
0 11


338 0 16 11
0 16
0 11


339 0 16 11
0 16
0 11


340 0 16 11
0 16
0 11


341 0 16 11
0 16
0 11


342 0 16 11
0 16
0 11


343 0 16 11
0 16
0 11


344 0 16 11
0 16
0 11


345 0 16 11
0 16
0 11


346 0 16 11
0 16
0 11


347 0 16 11
0 16
0 11


348 0 16 11
0 16
0 11


349 0 16 11
0 16
0 11


350 0 16 11
0 16
0 11


351 0 16 11
0 16
0 11


352 0 16 11
0 16
0 11


353 0 16 11
0 16
0 11


354 0 16 11
0 16
0 11


355 0 16 11
0 16
0 11


356 0 16 11
0 16
0 11


357 0 16 11
0 16
0 11


358 0 16 11
0 16
0 11


359 0 16 11
0 16
0 11


360 0 16 11
0 16
0 11


361 0 16 11
0 16
0 11


362 0 16 11
0 16
0 11


363 0 16 11
0 16
0 11


364 0 16 11
0 16
0 11


365 0 16 11
0 16
0 11


366 0 16 11
0 16
0 11


367 0 16 11
0 16
0 11


368 0 16 11
0 16
0 11


369 0 16 11
0 16
0 11


370 0 16 11
0 16
0 11


371 0 16 11
0 16
0 11


372 0 16 11
0 16
0 11


373 0 16 11
0 16
0 11


374 0 16 11
0 16
0 11


375 0 16 11
0 16
0 11


376 0 16 11
0 16
0 11


377 0 16 11
0 16
0 11


378 0 16 11
0 16
0 11


379 0 16 11
0 16
0 11


380 0 16 11
0 16
0 11


381 0 16 11
0 16
0 11


382 0 16 11
0 16
0 11


383 0 16 11
0 16
0 11


384 0 16 11
0 16
0 11


385 0 16 11
0 16
0 11


386 0 16 11
0 16
0 11


387 0 16 11
0 16
0 11


648 5 17 18
5 17
5 18


649 5 17 18
5 17
5 18


650 5 17 18
5 17
5 18


651 5 17 18
5 17
5 18


652 5 17 18
5 17
5 18


653 5 17 18
5 17
5 18


654 5 17 18
5 17
5 18


655 5 17 18
5 17
5 18


656 5 17 18
5 17
5 18


657 5 17 18
5 17
5 18


658 5 17 18
5 17
5 18


659 5 17 18
5 17
5 18


660 5 17 18
5 17
5 18


661 5 17 18
5 17
5 18


662 5 17 18
5 17
5 18


663 5 17 18
5 17
5 18


664 5 17 18
5 17
5 18


665 5 17 18
5 17
5 18


666 5 17 18
5 17
5 18


667 5 17 18
5 17
5 18


668 5 17 18
5 17
5 18


669 5 17 18
5 17
5 18


670 5 17 18
5 17
5 18


671 5 17 18
5 17
5 18


672 5 17 18
5 17
5 18


673 5 17 18
5 17
5 18


674 5 17 18
5 17
5 18


675 5 17 18
5 17
5 18


676 5 17 18
5 17
5 18


677 5 17 18
5 17
5 18


678 5 17 18
5 17
5 18


679 5 17 18
5 17
5 18


680 5 17 18
5 17
5 18


681 5 17 18
5 17
5 18


682 5 17 18
5 17
5 18


683 5 17 18
5 17
5 18


684 5 17 18
5 17
5 18


685 5 17 18
5 17
5 18


686 5 17 18
5 17
5 18


687 5 17 18
5 17
5 18


688 5 17 18
5 17
5 18


689 5 17 18
5 17
5 18


690 5 17 18
5 17
5 18


691 5 17 18
5 17
5 18


692 5 17 18
5 17
5 18


693 5 17 18
5 17
5 18


694 5 17 18
5 17
5 18


695 5 17 18
5 17
5 18


696 5 17 18
5 17
5 18


697 5 17 18
5 17
5 18


698 5 17 18
5 17
5 18


699 5 17 18
5 17
5 18


700 5 17 18
5 17
5 18


701 5 17 18
5 17
5 18


702 5 17 18
5 17
5 18


703 5 17 18
5 17
5 18


704 5 17 18
5 17
5 18


705 5 17 18
5 17
5 18


706 5 17 18
5 17
5 18


707 5 17 18
5 17
5 18


708 5 17 18
5 17
5 18


709 5 17 18
5 17
5 18


710 5 17 18
5 17
5 18


711 5 17 18
5 17
5 18


972 12 8 7
12 8
12 7


973 12 8 7
12 8
12 7


974 12 8 7
12 8
12 7


975 12 8 7
12 8
12 7


976 12 8 7
12 8
12 7


977 12 8 7
12 8
12 7


978 12 8 7
12 8
12 7


979 12 8 7
12 8
12 7


980 12 8 7
12 8
12 7


981 12 8 7
12 8
12 7


982 12 8 7
12 8
12 7


983 12 8 7
12 8
12 7


984 12 8 7
12 8
12 7


985 12 8 7
12 8
12 7


986 12 8 7
12 8
12 7


987 12 8 7
12 8
12 7


988 12 8 7
12 8
12 7


989 12 8 7
12 8
12 7


990 12 8 7
12 8
12 7


991 12 8 7
12 8
12 7


992 12 8 7
12 8
12 7


993 12 8 7
12 8
12 7


994 12 8 7
12 8
12 7


995 12 8 7
12 8
12 7


996 12 8 7
12 8
12 7


997 12 8 7
12 8
12 7


998 12 8 7
12 8
12 7


999 12 8 7
12 8
12 7


1000 12 8 7
12 8
12 7


1001 12 8 7
12 8
12 7


1002 12 8 7
12 8
12 7


1003 12 8 7
12 8
12 7


1004 12 8 7
12 8
12 7


1005 12 8 7
12 8
12 7


1006 12 8 7
12 8
12 7


1007 12 8 7
12 8
12 7


1008 12 8 7
12 8
12 7


1009 12 8 7
12 8
12 7


1010 12 8 7
12 8
12 7


1011 12 8 7
12 8
12 7


1012 12 8 7
12 8
12 7


1013 12 8 7
12 8
12 7


1014 12 8 7
12 8
12 7


1015 12 8 7
12 8
12 7


1016 12 8 7
12 8
12 7


1017 12 8 7
12 8
12 7


1018 12 8 7
12 8
12 7


1019 12 8 7
12 8
12 7


1020 12 8 7
12 8
12 7


1021 12 8 7
12 8
12 7


1022 12 8 7
12 8
12 7


1023 12 8 7
12 8
12 7


1024 12 8 7
12 8
12 7


1025 12 8 7
12 8
12 7


1026 12 8 7
12 8
12 7


1027 12 8 7
12 8
12 7


1028 12 8 7
12 8
12 7


1029 12 8 7
12 8
12 7


1030 12 8 7
12 8
12 7


1031 12 8 7
12 8
12 7


1032 12 8 7
12 8
12 7


1033 12 8 7
12 8
12 7


1034 12 8 7
12 8
12 7


1035 12 8 7
12 8
12 7


1296 13 9 24
13 9
13 24


1297 13 9 24
13 9
13 24


1298 13 9 24
13 9
13 24


1299 13 9 24
13 9
13 24


1300 13 9 24
13 9
13 24


1301 13 9 24
13 9
13 24


1302 13 9 24
13 9
13 24


1303 13 9 24
13 9
13 24


1304 13 9 24
13 9
13 24


1305 13 9 24
13 9
13 24


1306 13 9 24
13 9
13 24


1307 13 9 24
13 9
13 24


1308 13 9 24
13 9
13 24


1309 13 9 24
13 9
13 24


1310 13 9 24
13 9
13 24


1311 13 9 24
13 9
13 24


1312 13 9 24
13 9
13 24


1313 13 9 24
13 9
13 24


1314 13 9 24
13 9
13 24


1315 13 9 24
13 9
13 24


1316 13 9 24
13 9
13 24


1317 13 9 24
13 9
13 24


1318 13 9 24
13 9
13 24


1319 13 9 24
13 9
13 24


1320 13 9 24
13 9
13 24


1321 13 9 24
13 9
13 24


1322 13 9 24
13 9
13 24


1323 13 9 24
13 9
13 24


1324 13 9 24
13 9
13 24


1325 13 9 24
13 9
13 24


1326 13 9 24
13 9
13 24


1327 13 9 24
13 9
13 24


1328 13 9 24
13 9
13 24


1329 13 9 24
13 9
13 24


1330 13 9 24
13 9
13 24


1331 13 9 24
13 9
13 24


1332 13 9 24
13 9
13 24


1333 13 9 24
13 9
13 24


1334 13 9 24
13 9
13 24


1335 13 9 24
13 9
13 24


1336 13 9 24
13 9
13 24


1337 13 9 24
13 9
13 24


1338 13 9 24
13 9
13 24


1339 13 9 24
13 9
13 24


1340 13 9 24
13 9
13 24


1341 13 9 24
13 9
13 24


1342 13 9 24
13 9
13 24


1343 13 9 24
13 9
13 24


1344 13 9 24
13 9
13 24


1345 13 9 24
13 9
13 24


1346 13 9 24
13 9
13 24


1347 13 9 24
13 9
13 24


1348 13 9 24
13 9
13 24


1349 13 9 24
13 9
13 24


1350 13 9 24
13 9
13 24


1351 13 9 24
13 9
13 24


1352 13 9 24
13 9
13 24


1353 13 9 24
13 9
13 24


1354 13 9 24
13 9
13 24


1355 13 9 24
13 9
13 24


1356 13 9 24
13 9
13 24


1357 13 9 24
13 9
13 24


1358 13 9 24
13 9
13 24


1359 13 9 24
13 9
13 24


1360 13 9 24
13 9
13 24


1361 13 9 24
13 9
13 24


1362 13 9 24
13 9
13 24


1363 13 9 24
13 9
13 24


1364 13 9 24
13 9
13 24


1365 13 9 24
13 9
13 24


1366 13 9 24
13 9
13 24


1367 13 9 24
13 9
13 24


1368 13 9 24
13 9
13 24


1369 13 9 24
13 9
13 24


1370 13 9 24
13 9
13 24


1371 13 9 24
13 9
13 24


1372 13 9 24
13 9
13 24


1373 13 9 24
13 9
13 24


1374 13 9 24
13 9
13 24


1375 13 9 24
13 9
13 24


1376 13 9 24
13 9
13 24


1377 13 9 24
13 9
13 24


1378 13 9 24
13 9
13 24


1379 13 9 24
13 9
13 24


1380 13 9 24
13 9
13 24


1381 13 9 24
13 9
13 24


1382 13 9 24
13 9
13 24


1383 13 9 24
13 9
13 24


1384 13 9 24
13 9
13 24


1385 13 9 24
13 9
13 24


1386 13 9 24
13 9
13 24


1387 13 9 24
13 9
13 24


1388 13 9 24
13 9
13 24


1389 13 9 24
13 9
13 24


1390 13 9 24
13 9
13 24


1391 13 9 24
13 9
13 24


1392 13 9 24
13 9
13 24


1393 13 9 24
13 9
13 24


1394 13 9 24
13 9
13 24


1395 13 9 24
13 9
13 24


1396 13 9 24
13 9
13 24


1397 13 9 24
13 9
13 24


1398 13 9 24
13 9
13 24


1399 13 9 24
13 9
13 24


1400 13 9 24
13 9
13 24


1401 13 9 24
13 9
13 24


1402 13 9 24
13 9
13 24


1403 13 9 24
13 9
13 24


1404 13 9 24
13 9
13 24


1405 13 9 24
13 9
13 24


1406 13 9 24
13 9
13 24


1407 13 9 24
13 9
13 24


1408 13 9 24
13 9
13 24


1409 13 9 24
13 9
13 24


1410 13 9 24
13 9
13 24


1411 13 9 24
13 9
13 24


1412 13 9 24
13 9
13 24


1413 13 9 24
13 9
13 24


1414 13 9 24
13 9
13 24


1415 13 9 24
13 9
13 24


1416 13 9 24
13 9
13 24


1417 13 9 24
13 9
13 24


1418 13 9 24
13 9
13 24


1419 13 9 24
13 9
13 24


1420 13 9 24
13 9
13 24


1421 13 9 24
13 9
13 24


1422 13 9 24
13 9
13 24


1423 13 9 24
13 9
13 24


1424 13 9 24
13 9
13 24


1425 13 9 24
13 9
13 24


1426 13 9 24
13 9
13 24


1427 13 9 24
13 9
13 24


1428 13 9 24
13 9
13 24


1429 13 9 24
13 9
13 24


1430 13 9 24
13 9
13 24


1431 13 9 24
13 9
13 24


1432 13 9 24
13 9
13 24


1433 13 9 24
13 9
13 24


1434 13 9 24
13 9
13 24


1435 13 9 24
13 9
13 24


1436 13 9 24
13 9
13 24


1437 13 9 24
13 9
13 24


1438 13 9 24
13 9
13 24


1439 13 9 24
13 9
13 24


1440 13 9 24
13 9
13 24


1441 13 9 24
13 9
13 24


1442 13 9 24
13 9
13 24


1443 13 9 24
13 9
13 24


1444 13 9 24
13 9
13 24


1445 13 9 24
13 9
13 24


1446 13 9 24
13 9
13 24


1447 13 9 24
13 9
13 24


1448 13 9 24
13 9
13 24


1449 13 9 24
13 9
13 24


1450 13 9 24
13 9
13 24


1451 13 9 24
13 9
13 24


1452 13 9 24
13 9
13 24


1453 13 9 24
13 9
13 24


1454 13 9 24
13 9
13 24


1455 13 9 24
13 9
13 24


1456 13 9 24
13 9
13 24


1457 13 9 24
13 9
13 24


1458 13 9 24
13 9
13 24


1459 13 9 24
13 9
13 24


1460 13 9 24
13 9
13 24


1461 13 9 24
13 9
13 24


1462 13 9 24
13 9
13 24


1463 13 9 24
13 9
13 24


1464 13 9 24
13 9
13 24


1465 13 9 24
13 9
13 24


1466 13 9 24
13 9
13 24


1467 13 9 24
13 9
13 24


1468 13 9 24
13 9
13 24


1469 13 9 24
13 9
13 24


1470 13 9 24
13 9
13 24


1471 13 9 24
13 9
13 24


1472 13 9 24
13 9
13 24


1473 13 9 24
13 9
13 24


1474 13 9 24
13 9
13 24


1475 13 9 24
13 9
13 24


1476 13 9 24
13 9
13 24


1477 13 9 24
13 9
13 24


1478 13 9 24
13 9
13 24


1479 13 9 24
13 9
13 24


1480 13 9 24
13 9
13 24


1481 13 9 24
13 9
13 24


1482 13 9 24
13 9
13 24


1483 13 9 24
13 9
13 24


1484 13 9 24
13 9
13 24


1485 13 9 24
13 9
13 24


1486 13 9 24
13 9
13 24


1487 13 9 24
13 9
13 24


1488 13 9 24
13 9
13 24


1489 13 9 24
13 9
13 24


1490 13 9 24
13 9
13 24


1491 13 9 24
13 9
13 24


1492 13 9 24
13 9
13 24


1493 13 9 24
13 9
13 24


1494 13 9 24
13 9
13 24


1495 13 9 24
13 9
13 24


1496 13 9 24
13 9
13 24


1497 13 9 24
13 9
13 24


1498 13 9 24
13 9
13 24


1499 13 9 24
13 9
13 24


1500 13 9 24
13 9
13 24


1501 13 9 24
13 9
13 24


1502 13 9 24
13 9
13 24


1503 13 9 24
13 9
13 24


1504 13 9 24
13 9
13 24


1505 13 9 24
13 9
13 24


1506 13 9 24
13 9
13 24


1507 13 9 24
13 9
13 24


1508 13 9 24
13 9
13 24


1509 13 9 24
13 9
13 24


1510 13 9 24
13 9
13 24


1511 13 9 24
13 9
13 24


1512 13 9 24
13 9
13 24


1513 13 9 24
13 9
13 24


1514 13 9 24
13 9
13 24


1515 13 9 24
13 9
13 24


1516 13 9 24
13 9
13 24


1517 13 9 24
13 9
13 24


1518 13 9 24
13 9
13 24


1519 13 9 24
13 9
13 24


1520 13 9 24
13 9
13 24


1521 13 9 24
13 9
13 24


1522 13 9 24
13 9
13 24


1523 13 9 24
13 9
13 24


1524 13 9 24
13 9
13 24


1525 13 9 24
13 9
13 24


1526 13 9 24
13 9
13 24


1527 13 9 24
13 9
13 24


1528 13 9 24
13 9
13 24


1529 13 9 24
13 9
13 24


1530 13 9 24
13 9
13 24


1531 13 9 24
13 9
13 24


1532 13 9 24
13 9
13 24


1533 13 9 24
13 9
13 24


1534 13 9 24
13 9
13 24


1535 13 9 24
13 9
13 24


1536 13 9 24
13 9
13 24


1537 13 9 24
13 9
13 24


1538 13 9 24
13 9
13 24


1539 13 9 24
13 9
13 24


1540 13 9 24
13 9
13 24


1541 13 9 24
13 9
13 24


1542 13 9 24
13 9
13 24


1543 13 9 24
13 9
13 24


1544 13 9 24
13 9
13 24


1545 13 9 24
13 9
13 24


1546 13 9 24
13 9
13 24


1547 13 9 24
13 9
13 24


1548 13 9 24
13 9
13 24


1549 13 9 24
13 9
13 24


1550 13 9 24
13 9
13 24


1551 13 9 24
13 9
13 24


2580 4 20 0
4 20
4 0


2581 4 20 0
4 20
4 0


2582 4 20 0
4 20
4 0


2583 4 20 0
4 20
4 0


2584 4 20 0
4 20
4 0


2585 4 20 0
4 20
4 0


2586 4 20 0
4 20
4 0


2587 4 20 0
4 20
4 0


2588 4 20 0
4 20
4 0


2589 4 20 0
4 20
4 0


2590 4 20 0
4 20
4 0


2591 4 20 0
4 20
4 0


2592 4 20 0
4 20
4 0


2593 4 20 0
4 20
4 0


2594 4 20 0
4 20
4 0


2595 4 20 0
4 20
4 0


2596 4 20 0
4 20
4 0


2597 4 20 0
4 20
4 0


2598 4 20 0
4 20
4 0


2599 4 20 0
4 20
4 0


2600 4 20 0
4 20
4 0


2601 4 20 0
4 20
4 0


2602 4 20 0
4 20
4 0


2603 4 20 0
4 20
4 0


2604 4 20 0
4 20
4 0


2605 4 20 0
4 20
4 0


2606 4 20 0
4 20
4 0


2607 4 20 0
4 20
4 0


2608 4 20 0
4 20
4 0


2609 4 20 0
4 20
4 0


2610 4 20 0
4 20
4 0


2611 4 20 0
4 20
4 0


2612 4 20 0
4 20
4 0


2613 4 20 0
4 20
4 0


2614 4 20 0
4 20
4 0


2615 4 20 0
4 20
4 0


2616 4 20 0
4 20
4 0


2617 4 20 0
4 20
4 0


2618 4 20 0
4 20
4 0


2619 4 20 0
4 20
4 0


2620 4 20 0
4 20
4 0


2621 4 20 0
4 20
4 0


2622 4 20 0
4 20
4 0


2623 4 20 0
4 20
4 0


2624 4 20 0
4 20
4 0


2625 4 20 0
4 20
4 0


2626 4 20 0
4 20
4 0


2627 4 20 0
4 20
4 0


2628 4 20 0
4 20
4 0


2629 4 20 0
4 20
4 0


2630 4 20 0
4 20
4 0


2631 4 20 0
4 20
4 0


2632 4 20 0
4 20
4 0


2633 4 20 0
4 20
4 0


2634 4 20 0
4 20
4 0


2635 4 20 0
4 20
4 0


2636 4 20 0
4 20
4 0


2637 4 20 0
4 20
4 0


2638 4 20 0
4 20
4 0


2639 4 20 0
4 20
4 0


2640 4 20 0
4 20
4 0


2641 4 20 0
4 20
4 0


2642 4 20 0
4 20
4 0


2643 4 20 0
4 20
4 0


2644 4 20 0
4 20
4 0


2645 4 20 0
4 20
4 0


2646 4 20 0
4 20
4 0


2647 4 20 0
4 20
4 0


2648 4 20 0
4 20
4 0


2649 4 20 0
4 20
4 0


2650 4 20 0
4 20
4 0


2651 4 20 0
4 20
4 0


2652 4 20 0
4 20
4 0


2653 4 20 0
4 20
4 0


2654 4 20 0
4 20
4 0


2655 4 20 0
4 20
4 0


2656 4 20 0
4 20
4 0


2657 4 20 0
4 20
4 0


2658 4 20 0
4 20
4 0


2659 4 20 0
4 20
4 0


2660 4 20 0
4 20
4 0


2661 4 20 0
4 20
4 0


2662 4 20 0
4 20
4 0


2663 4 20 0
4 20
4 0


2664 4 20 0
4 20
4 0


2665 4 20 0
4 20
4 0


2666 4 20 0
4 20
4 0


2667 4 20 0
4 20
4 0


2668 4 20 0
4 20
4 0


2669 4 20 0
4 20
4 0


2670 4 20 0
4 20
4 0


2671 4 20 0
4 20
4 0


2672 4 20 0
4 20
4 0


2673 4 20 0
4 20
4 0


2674 4 20 0
4 20
4 0


2675 4 20 0
4 20
4 0


2676 4 20 0
4 20
4 0


2677 4 20 0
4 20
4 0


2678 4 20 0
4 20
4 0


2679 4 20 0
4 20
4 0


2680 4 20 0
4 20
4 0


2681 4 20 0
4 20
4 0


2682 4 20 0
4 20
4 0


2683 4 20 0
4 20
4 0


2684 4 20 0
4 20
4 0


2685 4 20 0
4 20
4 0


2686 4 20 0
4 20
4 0


2687 4 20 0
4 20
4 0


2688 4 20 0
4 20
4 0


2689 4 20 0
4 20
4 0


2690 4 20 0
4 20
4 0


2691 4 20 0
4 20
4 0


2692 4 20 0
4 20
4 0


2693 4 20 0
4 20
4 0


2694 4 20 0
4 20
4 0


2695 4 20 0
4 20
4 0


2696 4 20 0
4 20
4 0


2697 4 20 0
4 20
4 0


2698 4 20 0
4 20
4 0


2699 4 20 0
4 20
4 0


2700 4 20 0
4 20
4 0


2701 4 20 0
4 20
4 0


2702 4 20 0
4 20
4 0


2703 4 20 0
4 20
4 0


2704 4 20 0
4 20
4 0


2705 4 20 0
4 20
4 0


2706 4 20 0
4 20
4 0


2707 4 20 0
4 20
4 0


2708 4 20 0
4 20
4 0


2709 4 20 0
4 20
4 0


2710 4 20 0
4 20
4 0


2711 4 20 0
4 20
4 0


2712 4 20 0
4 20
4 0


2713 4 20 0
4 20
4 0


2714 4 20 0
4 20
4 0


2715 4 20 0
4 20
4 0


2716 4 20 0
4 20
4 0


2717 4 20 0
4 20
4 0


2718 4 20 0
4 20
4 0


2719 4 20 0
4 20
4 0


2720 4 20 0
4 20
4 0


2721 4 20 0
4 20
4 0


2722 4 20 0
4 20
4 0


2723 4 20 0
4 20
4 0


2724 4 20 0
4 20
4 0


2725 4 20 0
4 20
4 0


2726 4 20 0
4 20
4 0


2727 4 20 0
4 20
4 0


2728 4 20 0
4 20
4 0


2729 4 20 0
4 20
4 0


2730 4 20 0
4 20
4 0


2731 4 20 0
4 20
4 0


2732 4 20 0
4 20
4 0


2733 4 20 0
4 20
4 0


2734 4 20 0
4 20
4 0


2735 4 20 0
4 20
4 0


2736 4 20 0
4 20
4 0


2737 4 20 0
4 20
4 0


2738 4 20 0
4 20
4 0


2739 4 20 0
4 20
4 0


2740 4 20 0
4 20
4 0


2741 4 20 0
4 20
4 0


2742 4 20 0
4 20
4 0


2743 4 20 0
4 20
4 0


2744 4 20 0
4 20
4 0


2745 4 20 0
4 20
4 0


2746 4 20 0
4 20
4 0


2747 4 20 0
4 20
4 0


2748 4 20 0
4 20
4 0


2749 4 20 0
4 20
4 0


2750 4 20 0
4 20
4 0


2751 4 20 0
4 20
4 0


2752 4 20 0
4 20
4 0


2753 4 20 0
4 20
4 0


2754 4 20 0
4 20
4 0


2755 4 20 0
4 20
4 0


2756 4 20 0
4 20
4 0


2757 4 20 0
4 20
4 0


2758 4 20 0
4 20
4 0


2759 4 20 0
4 20
4 0


2760 4 20 0
4 20
4 0


2761 4 20 0
4 20
4 0


2762 4 20 0
4 20
4 0


2763 4 20 0
4 20
4 0


2764 4 20 0
4 20
4 0


2765 4 20 0
4 20
4 0


2766 4 20 0
4 20
4 0


2767 4 20 0
4 20
4 0


2768 4 20 0
4 20
4 0


2769 4 20 0
4 20
4 0


2770 4 20 0
4 20
4 0


2771 4 20 0
4 20
4 0


2772 4 20 0
4 20
4 0


2773 4 20 0
4 20
4 0


2774 4 20 0
4 20
4 0


2775 4 20 0
4 20
4 0


2776 4 20 0
4 20
4 0


2777 4 20 0
4 20
4 0


2778 4 20 0
4 20
4 0


2779 4 20 0
4 20
4 0


2780 4 20 0
4 20
4 0


2781 4 20 0
4 20
4 0


2782 4 20 0
4 20
4 0


2783 4 20 0
4 20
4 0


2784 4 20 0
4 20
4 0


2785 4 20 0
4 20
4 0


2786 4 20 0
4 20
4 0


2787 4 20 0
4 20
4 0


2788 4 20 0
4 20
4 0


2789 4 20 0
4 20
4 0


2790 4 20 0
4 20
4 0


2791 4 20 0
4 20
4 0


2792 4 20 0
4 20
4 0


2793 4 20 0
4 20
4 0


2794 4 20 0
4 20
4 0


2795 4 20 0
4 20
4 0


2796 4 20 0
4 20
4 0


2797 4 20 0
4 20
4 0


2798 4 20 0
4 20
4 0


2799 4 20 0
4 20
4 0


2800 4 20 0
4 20
4 0


2801 4 20 0
4 20
4 0


2802 4 20 0
4 20
4 0


2803 4 20 0
4 20
4 0


2804 4 20 0
4 20
4 0


2805 4 20 0
4 20
4 0


2806 4 20 0
4 20
4 0


2807 4 20 0
4 20
4 0


2808 4 20 0
4 20
4 0


2809 4 20 0
4 20
4 0


2810 4 20 0
4 20
4 0


2811 4 20 0
4 20
4 0


2812 4 20 0
4 20
4 0


2813 4 20 0
4 20
4 0


2814 4 20 0
4 20
4 0


2815 4 20 0
4 20
4 0


2816 4 20 0
4 20
4 0


2817 4 20 0
4 20
4 0


2818 4 20 0
4 20
4 0


2819 4 20 0
4 20
4 0


2820 4 20 0
4 20
4 0


2821 4 20 0
4 20
4 0


2822 4 20 0
4 20
4 0


2823 4 20 0
4 20
4 0


2824 4 20 0
4 20
4 0


2825 4 20 0
4 20
4 0


2826 4 20 0
4 20
4 0


2827 4 20 0
4 20
4 0


2828 4 20 0
4 20
4 0


2829 4 20 0
4 20
4 0


2830 4 20 0
4 20
4 0


2831 4 20 0
4 20
4 0


2832 4 20 0
4 20
4 0


2833 4 20 0
4 20
4 0


2834 4 20 0
4 20
4 0


2835 4 20 0
4 20
4 0


2836 4 20 0
4 20
4 0


2837 4 20 0
4 20
4 0


2838 4 20 0
4 20
4 0


2839 4 20 0
4 20
4 0


2840 4 20 0
4 20
4 0


2841 4 20 0
4 20
4 0


2842 4 20 0
4 20
4 0


2843 4 20 0
4 20
4 0


2844 4 20 0
4 20
4 0


2845 4 20 0
4 20
4 0


2846 4 20 0
4 20
4 0


2847 4 20 0
4 20
4 0


2848 4 20 0
4 20
4 0


2849 4 20 0
4 20
4 0


2850 4 20 0
4 20
4 0


2851 4 20 0
4 20
4 0


2852 4 20 0
4 20
4 0


2853 4 20 0
4 20
4 0


2854 4 20 0
4 20
4 0


2855 4 20 0
4 20
4 0


2856 4 20 0
4 20
4 0


2857 4 20 0
4 20
4 0


2858 4 20 0
4 20
4 0


2859 4 20 0
4 20
4 0


2860 4 20 0
4 20
4 0


2861 4 20 0
4 20
4 0


2862 4 20 0
4 20
4 0


2863 4 20 0
4 20
4 0


2864 4 20 0
4 20
4 0


2865 4 20 0
4 20
4 0


2866 4 20 0
4 20
4 0


2867 4 20 0
4 20
4 0


2868 4 20 0
4 20
4 0


2869 4 20 0
4 20
4 0


2870 4 20 0
4 20
4 0


2871 4 20 0
4 20
4 0


2872 4 20 0
4 20
4 0


2873 4 20 0
4 20
4 0


2874 4 20 0
4 20
4 0


2875 4 20 0
4 20
4 0


2876 4 20 0
4 20
4 0


2877 4 20 0
4 20
4 0


2878 4 20 0
4 20
4 0


2879 4 20 0
4 20
4 0


2880 4 20 0
4 20
4 0


2881 4 20 0
4 20
4 0


2882 4 20 0
4 20
4 0


2883 4 20 0
4 20
4 0


2884 4 20 0
4 20
4 0


2885 4 20 0
4 20
4 0


2886 4 20 0
4 20
4 0


2887 4 20 0
4 20
4 0


2888 4 20 0
4 20
4 0


2889 4 20 0
4 20
4 0


2890 4 20 0
4 20
4 0


2891 4 20 0
4 20
4 0


2892 4 20 0
4 20
4 0


2893 4 20 0
4 20
4 0


2894 4 20 0
4 20
4 0


2895 4 20 0
4 20
4 0


2896 4 20 0
4 20
4 0


2897 4 20 0
4 20
4 0


2898 4 20 0
4 20
4 0


2899 4 20 0
4 20
4 0


2900 4 20 0
4 20
4 0


2901 4 20 0
4 20
4 0


2902 4 20 0
4 20
4 0


2903 4 20 0
4 20
4 0


2904 4 20 0
4 20
4 0


2905 4 20 0
4 20
4 0


2906 4 20 0
4 20
4 0


2907 4 20 0
4 20
4 0


2908 4 20 0
4 20
4 0


2909 4 20 0
4 20
4 0


2910 4 20 0
4 20
4 0


2911 4 20 0
4 20
4 0


2912 4 20 0
4 20
4 0


2913 4 20 0
4 20
4 0


2914 4 20 0
4 20
4 0


2915 4 20 0
4 20
4 0


2916 4 20 0
4 20
4 0


2917 4 20 0
4 20
4 0


2918 4 20 0
4 20
4 0


2919 4 20 0
4 20
4 0


2920 4 20 0
4 20
4 0


2921 4 20 0
4 20
4 0


2922 4 20 0
4 20
4 0


2923 4 20 0
4 20
4 0


2924 4 20 0
4 20
4 0


2925 4 20 0
4 20
4 0


2926 4 20 0
4 20
4 0


2927 4 20 0
4 20
4 0


2928 4 20 0
4 20
4 0


2929 4 20 0
4 20
4 0


2930 4 20 0
4 20
4 0


2931 4 20 0
4 20
4 0


2932 4 20 0
4 20
4 0


2933 4 20 0
4 20
4 0


2934 4 20 0
4 20
4 0


2935 4 20 0
4 20
4 0


2936 4 20 0
4 20
4 0


2937 4 20 0
4 20
4 0


2938 4 20 0
4 20
4 0


2939 4 20 0
4 20
4 0


2940 4 20 0
4 20
4 0


2941 4 20 0
4 20
4 0


2942 4 20 0
4 20
4 0


2943 4 20 0
4 20
4 0


2944 4 20 0
4 20
4 0


2945 4 20 0
4 20
4 0


2946 4 20 0
4 20
4 0


2947 4 20 0
4 20
4 0


2948 4 20 0
4 20
4 0


2949 4 20 0
4 20
4 0


2950 4 20 0
4 20
4 0


2951 4 20 0
4 20
4 0


2952 4 20 0
4 20
4 0


2953 4 20 0
4 20
4 0


2954 4 20 0
4 20
4 0


2955 4 20 0
4 20
4 0


2956 4 20 0
4 20
4 0


2957 4 20 0
4 20
4 0


2958 4 20 0
4 20
4 0


2959 4 20 0
4 20
4 0


2960 4 20 0
4 20
4 0


2961 4 20 0
4 20
4 0


2962 4 20 0
4 20
4 0


2963 4 20 0
4 20
4 0


2964 4 20 0
4 20
4 0


2965 4 20 0
4 20
4 0


2966 4 20 0
4 20
4 0


2967 4 20 0
4 20
4 0


2968 4 20 0
4 20
4 0


2969 4 20 0
4 20
4 0


2970 4 20 0
4 20
4 0


2971 4 20 0
4 20
4 0


2972 4 20 0
4 20
4 0


2973 4 20 0
4 20
4 0


2974 4 20 0
4 20
4 0


2975 4 20 0
4 20
4 0


2976 4 20 0
4 20
4 0


2977 4 20 0
4 20
4 0


2978 4 20 0
4 20
4 0


2979 4 20 0
4 20
4 0


2980 4 20 0
4 20
4 0


2981 4 20 0
4 20
4 0


2982 4 20 0
4 20
4 0


2983 4 20 0
4 20
4 0


2984 4 20 0
4 20
4 0


2985 4 20 0
4 20
4 0


2986 4 20 0
4 20
4 0


2987 4 20 0
4 20
4 0


2988 4 20 0
4 20
4 0


2989 4 20 0
4 20
4 0


2990 4 20 0
4 20
4 0


2991 4 20 0
4 20
4 0


2992 4 20 0
4 20
4 0


2993 4 20 0
4 20
4 0


2994 4 20 0
4 20
4 0


2995 4 20 0
4 20
4 0


2996 4 20 0
4 20
4 0


2997 4 20 0
4 20
4 0


2998 4 20 0
4 20
4 0


2999 4 20 0
4 20
4 0


3000 4 20 0
4 20
4 0


3001 4 20 0
4 20
4 0


3002 4 20 0
4 20
4 0


3003 4 20 0
4 20
4 0


3004 4 20 0
4 20
4 0


3005 4 20 0
4 20
4 0


3006 4 20 0
4 20
4 0


3007 4 20 0
4 20
4 0


3008 4 20 0
4 20
4 0


3009 4 20 0
4 20
4 0


3010 4 20 0
4 20
4 0


3011 4 20 0
4 20
4 0


3012 4 20 0
4 20
4 0


3013 4 20 0
4 20
4 0


3014 4 20 0
4 20
4 0


3015 4 20 0
4 20
4 0


3016 4 20 0
4 20
4 0


3017 4 20 0
4 20
4 0


3018 4 20 0
4 20
4 0


3019 4 20 0
4 20
4 0


3020 4 20 0
4 20
4 0


3021 4 20 0
4 20
4 0


3022 4 20 0
4 20
4 0


3023 4 20 0
4 20
4 0


3024 4 20 0
4 20
4 0


3025 4 20 0
4 20
4 0


3026 4 20 0
4 20
4 0


3027 4 20 0
4 20
4 0


3028 4 20 0
4 20
4 0


3029 4 20 0
4 20
4 0


3030 4 20 0
4 20
4 0


3031 4 20 0
4 20
4 0


3032 4 20 0
4 20
4 0


3033 4 20 0
4 20
4 0


3034 4 20 0
4 20
4 0


3035 4 20 0
4 20
4 0


3036 4 20 0
4 20
4 0


3037 4 20 0
4 20
4 0


3038 4 20 0
4 20
4 0


3039 4 20 0
4 20
4 0


3040 4 20 0
4 20
4 0


3041 4 20 0
4 20
4 0


3042 4 20 0
4 20
4 0


3043 4 20 0
4 20
4 0


3044 4 20 0
4 20
4 0


3045 4 20 0
4 20
4 0


3046 4 20 0
4 20
4 0


3047 4 20 0
4 20
4 0


3048 4 20 0
4 20
4 0


3049 4 20 0
4 20
4 0


3050 4 20 0
4 20
4 0


3051 4 20 0
4 20
4 0


3052 4 20 0
4 20
4 0


3053 4 20 0
4 20
4 0


3054 4 20 0
4 20
4 0


3055 4 20 0
4 20
4 0


3056 4 20 0
4 20
4 0


3057 4 20 0
4 20
4 0


3058 4 20 0
4 20
4 0


3059 4 20 0
4 20
4 0


3060 4 20 0
4 20
4 0


3061 4 20 0
4 20
4 0


3062 4 20 0
4 20
4 0


3063 4 20 0
4 20
4 0


3064 4 20 0
4 20
4 0


3065 4 20 0
4 20
4 0


3066 4 20 0
4 20
4 0


3067 4 20 0
4 20
4 0


3068 4 20 0
4 20
4 0


3069 4 20 0
4 20
4 0


3070 4 20 0
4 20
4 0


3071 4 20 0
4 20
4 0


3072 4 20 0
4 20
4 0


3073 4 20 0
4 20
4 0


3074 4 20 0
4 20
4 0


3075 4 20 0
4 20
4 0


3076 4 20 0
4 20
4 0


3077 4 20 0
4 20
4 0


3078 4 20 0
4 20
4 0


3079 4 20 0
4 20
4 0


3080 4 20 0
4 20
4 0


3081 4 20 0
4 20
4 0


3082 4 20 0
4 20
4 0


3083 4 20 0
4 20
4 0


3084 4 20 0
4 20
4 0


3085 4 20 0
4 20
4 0


3086 4 20 0
4 20
4 0


3087 4 20 0
4 20
4 0


3088 4 20 0
4 20
4 0


3089 4 20 0
4 20
4 0


3090 4 20 0
4 20
4 0


3091 4 20 0
4 20
4 0


4136 21 6 5
21 6
21 5


4137 21 6 5
21 6
21 5


4138 21 6 5
21 6
21 5


4139 21 6 5
21 6
21 5


4140 21 6 5
21 6
21 5


4141 21 6 5
21 6
21 5


4142 21 6 5
21 6
21 5


4143 21 6 5
21 6
21 5


4144 21 6 5
21 6
21 5


4145 21 6 5
21 6
21 5


4146 21 6 5
21 6
21 5


4147 21 6 5
21 6
21 5


4148 21 6 5
21 6
21 5


4149 21 6 5
21 6
21 5


4150 21 6 5
21 6
21 5


4151 21 6 5
21 6
21 5


4152 21 6 5
21 6
21 5


4153 21 6 5
21 6
21 5


4154 21 6 5
21 6
21 5


4155 21 6 5
21 6
21 5


4156 21 6 5
21 6
21 5


4157 21 6 5
21 6
21 5


4158 21 6 5
21 6
21 5


4159 21 6 5
21 6
21 5


4160 21 6 5
21 6
21 5


4161 21 6 5
21 6
21 5


4162 21 6 5
21 6
21 5


4163 21 6 5
21 6
21 5


4164 21 6 5
21 6
21 5


4165 21 6 5
21 6
21 5


4166 21 6 5
21 6
21 5


4167 21 6 5
21 6
21 5


4168 21 6 5
21 6
21 5


4169 21 6 5
21 6
21 5


4170 21 6 5
21 6
21 5


4171 21 6 5
21 6
21 5


4172 21 6 5
21 6
21 5


4173 21 6 5
21 6
21 5


4174 21 6 5
21 6
21 5


4175 21 6 5
21 6
21 5


4176 21 6 5
21 6
21 5


4177 21 6 5
21 6
21 5


4178 21 6 5
21 6
21 5


4179 21 6 5
21 6
21 5


4180 21 6 5
21 6
21 5


4181 21 6 5
21 6
21 5


4182 21 6 5
21 6
21 5


4183 21 6 5
21 6
21 5


4184 21 6 5
21 6
21 5


4185 21 6 5
21 6
21 5


4186 21 6 5
21 6
21 5


4187 21 6 5
21 6
21 5


4188 21 6 5
21 6
21 5


4189 21 6 5
21 6
21 5


4190 21 6 5
21 6
21 5


4191 21 6 5
21 6
21 5


4192 21 6 5
21 6
21 5


4193 21 6 5
21 6
21 5


4194 21 6 5
21 6
21 5


4195 21 6 5
21 6
21 5


4196 21 6 5
21 6
21 5


4197 21 6 5
21 6
21 5


4198 21 6 5
21 6
21 5


4199 21 6 5
21 6
21 5


4460 1 11 12
1 11
1 12


4461 1 11 12
1 11
1 12


4462 1 11 12
1 11
1 12


4463 1 11 12
1 11
1 12


4464 1 11 12
1 11
1 12


4465 1 11 12
1 11
1 12


4466 1 11 12
1 11
1 12


4467 1 11 12
1 11
1 12


4468 1 11 12
1 11
1 12


4469 1 11 12
1 11
1 12


4470 1 11 12
1 11
1 12


4471 1 11 12
1 11
1 12


4472 1 11 12
1 11
1 12


4473 1 11 12
1 11
1 12


4474 1 11 12
1 11
1 12


4475 1 11 12
1 11
1 12


4476 1 11 12
1 11
1 12


4477 1 11 12
1 11
1 12


4478 1 11 12
1 11
1 12


4479 1 11 12
1 11
1 12


4480 1 11 12
1 11
1 12


4481 1 11 12
1 11
1 12


4482 1 11 12
1 11
1 12


4483 1 11 12
1 11
1 12


4484 1 11 12
1 11
1 12


4485 1 11 12
1 11
1 12


4486 1 11 12
1 11
1 12


4487 1 11 12
1 11
1 12


4488 1 11 12
1 11
1 12


4489 1 11 12
1 11
1 12


4490 1 11 12
1 11
1 12


4491 1 11 12
1 11
1 12


4492 1 11 12
1 11
1 12


4493 1 11 12
1 11
1 12


4494 1 11 12
1 11
1 12


4495 1 11 12
1 11
1 12


4496 1 11 12
1 11
1 12


4497 1 11 12
1 11
1 12


4498 1 11 12
1 11
1 12


4499 1 11 12
1 11
1 12


4500 1 11 12
1 11
1 12


4501 1 11 12
1 11
1 12


4502 1 11 12
1 11
1 12


4503 1 11 12
1 11
1 12


4504 1 11 12
1 11
1 12


4505 1 11 12
1 11
1 12


4506 1 11 12
1 11
1 12


4507 1 11 12
1 11
1 12


4508 1 11 12
1 11
1 12


4509 1 11 12
1 11
1 12


4510 1 11 12
1 11
1 12


4511 1 11 12
1 11
1 12


4512 1 11 12
1 11
1 12


4513 1 11 12
1 11
1 12


4514 1 11 12
1 11
1 12


4515 1 11 12
1 11
1 12


4516 1 11 12
1 11
1 12


4517 1 11 12
1 11
1 12


4518 1 11 12
1 11
1 12


4519 1 11 12
1 11
1 12


4520 1 11 12
1 11
1 12


4521 1 11 12
1 11
1 12


4522 1 11 12
1 11
1 12


4523 1 11 12
1 11
1 12


7892 9 0 1
9 0
9 1


7893 9 0 1
9 0
9 1


7894 9 0 1
9 0
9 1


7895 9 0 1
9 0
9 1


7896 9 0 1
9 0
9 1


7897 9 0 1
9 0
9 1


7898 9 0 1
9 0
9 1


7899 9 0 1
9 0
9 1


7900 9 0 1
9 0
9 1


7901 9 0 1
9 0
9 1


7902 9 0 1
9 0
9 1


7903 9 0 1
9 0
9 1


7904 9 0 1
9 0
9 1


7905 9 0 1
9 0
9 1


7906 9 0 1
9 0
9 1


7907 9 0 1
9 0
9 1


7908 9 0 1
9 0
9 1


7909 9 0 1
9 0
9 1


7910 9 0 1
9 0
9 1


7911 9 0 1
9 0
9 1


7912 9 0 1
9 0
9 1


7913 9 0 1
9 0
9 1


7914 9 0 1
9 0
9 1


7915 9 0 1
9 0
9 1


7916 9 0 1
9 0
9 1


7917 9 0 1
9 0
9 1


7918 9 0 1
9 0
9 1


7919 9 0 1
9 0
9 1


7920 9 0 1
9 0
9 1


7921 9 0 1
9 0
9 1


7922 9 0 1
9 0
9 1


7923 9 0 1
9 0
9 1


7924 9 0 1
9 0
9 1


7925 9 0 1
9 0
9 1


7926 9 0 1
9 0
9 1


7927 9 0 1
9 0
9 1


7928 9 0 1
9 0
9 1


7929 9 0 1
9 0
9 1


7930 9 0 1
9 0
9 1


7931 9 0 1
9 0
9 1


7932 9 0 1
9 0
9 1


7933 9 0 1
9 0
9 1


7934 9 0 1
9 0
9 1


7935 9 0 1
9 0
9 1


7936 9 0 1
9 0
9 1


7937 9 0 1
9 0
9 1


7938 9 0 1
9 0
9 1


7939 9 0 1
9 0
9 1


7940 9 0 1
9 0
9 1


7941 9 0 1
9 0
9 1


7942 9 0 1
9 0
9 1


7943 9 0 1
9 0
9 1


7944 9 0 1
9 0
9 1


7945 9 0 1
9 0
9 1


7946 9 0 1
9 0
9 1


7947 9 0 1
9 0
9 1


7948 9 0 1
9 0
9 1


7949 9 0 1
9 0
9 1


7950 9 0 1
9 0
9 1


7951 9 0 1
9 0
9 1


7952 9 0 1
9 0
9 1


7953 9 0 1
9 0
9 1


7954 9 0 1
9 0
9 1


7955 9 0 1
9 0
9 1


7956 9 0 1
9 0
9 1


7957 9 0 1
9 0
9 1


7958 9 0 1
9 0
9 1


7959 9 0 1
9 0
9 1


7960 9 0 1
9 0
9 1


7961 9 0 1
9 0
9 1


7962 9 0 1
9 0
9 1


7963 9 0 1
9 0
9 1


7964 9 0 1
9 0
9 1


7965 9 0 1
9 0
9 1


7966 9 0 1
9 0
9 1


7967 9 0 1
9 0
9 1


7968 9 0 1
9 0
9 1


7969 9 0 1
9 0
9 1


7970 9 0 1
9 0
9 1


7971 9 0 1
9 0
9 1


7972 9 0 1
9 0
9 1


7973 9 0 1
9 0
9 1


7974 9 0 1
9 0
9 1


7975 9 0 1
9 0
9 1


7976 9 0 1
9 0
9 1


7977 9 0 1
9 0
9 1


7978 9 0 1
9 0
9 1


7979 9 0 1
9 0
9 1


7980 9 0 1
9 0
9 1


7981 9 0 1
9 0
9 1


7982 9 0 1
9 0
9 1


7983 9 0 1
9 0
9 1


7984 9 0 1
9 0
9 1


7985 9 0 1
9 0
9 1


7986 9 0 1
9 0
9 1


7987 9 0 1
9 0
9 1


7988 9 0 1
9 0
9 1


7989 9 0 1
9 0
9 1


7990 9 0 1
9 0
9 1


7991 9 0 1
9 0
9 1


7992 9 0 1
9 0
9 1


7993 9 0 1
9 0
9 1


7994 9 0 1
9 0
9 1


7995 9 0 1
9 0
9 1


7996 9 0 1
9 0
9 1


7997 9 0 1
9 0
9 1


7998 9 0 1
9 0
9 1


7999 9 0 1
9 0
9 1


8000 9 0 1
9 0
9 1


8001 9 0 1
9 0
9 1


8002 9 0 1
9 0
9 1


8003 9 0 1
9 0
9 1


8004 9 0 1
9 0
9 1


8005 9 0 1
9 0
9 1


8006 9 0 1
9 0
9 1


8007 9 0 1
9 0
9 1


8008 9 0 1
9 0
9 1


8009 9 0 1
9 0
9 1


8010 9 0 1
9 0
9 1


8011 9 0 1
9 0
9 1


8012 9 0 1
9 0
9 1


8013 9 0 1
9 0
9 1


8014 9 0 1
9 0
9 1


8015 9 0 1
9 0
9 1


8016 9 0 1
9 0
9 1


8017 9 0 1
9 0
9 1


8018 9 0 1
9 0
9 1


8019 9 0 1
9 0
9 1


8020 9 0 1
9 0
9 1


8021 9 0 1
9 0
9 1


8022 9 0 1
9 0
9 1


8023 9 0 1
9 0
9 1


8024 9 0 1
9 0
9 1


8025 9 0 1
9 0
9 1


8026 9 0 1
9 0
9 1


8027 9 0 1
9 0
9 1


8028 9 0 1
9 0
9 1


8029 9 0 1
9 0
9 1


8030 9 0 1
9 0
9 1


8031 9 0 1
9 0
9 1


8032 9 0 1
9 0
9 1


8033 9 0 1
9 0
9 1


8034 9 0 1
9 0
9 1


8035 9 0 1
9 0
9 1


8036 9 0 1
9 0
9 1


8037 9 0 1
9 0
9 1


8038 9 0 1
9 0
9 1


8039 9 0 1
9 0
9 1


8040 9 0 1
9 0
9 1


8041 9 0 1
9 0
9 1


8042 9 0 1
9 0
9 1


8043 9 0 1
9 0
9 1


8044 9 0 1
9 0
9 1


8045 9 0 1
9 0
9 1


8046 9 0 1
9 0
9 1


8047 9 0 1
9 0
9 1


8048 9 0 1
9 0
9 1


8049 9 0 1
9 0
9 1


8050 9 0 1
9 0
9 1


8051 9 0 1
9 0
9 1


8052 9 0 1
9 0
9 1


8053 9 0 1
9 0
9 1


8054 9 0 1
9 0
9 1


8055 9 0 1
9 0
9 1


8056 9 0 1
9 0
9 1


8057 9 0 1
9 0
9 1


8058 9 0 1
9 0
9 1


8059 9 0 1
9 0
9 1


8060 9 0 1
9 0
9 1


8061 9 0 1
9 0
9 1


8062 9 0 1
9 0
9 1


8063 9 0 1
9 0
9 1


8064 9 0 1
9 0
9 1


8065 9 0 1
9 0
9 1


8066 9 0 1
9 0
9 1


8067 9 0 1
9 0
9 1


8068 9 0 1
9 0
9 1


8069 9 0 1
9 0
9 1


8070 9 0 1
9 0
9 1


8071 9 0 1
9 0
9 1


8072 9 0 1
9 0
9 1


8073 9 0 1
9 0
9 1


8074 9 0 1
9 0
9 1


8075 9 0 1
9 0
9 1


8076 9 0 1
9 0
9 1


8077 9 0 1
9 0
9 1


8078 9 0 1
9 0
9 1


8079 9 0 1
9 0
9 1


8080 9 0 1
9 0
9 1


8081 9 0 1
9 0
9 1


8082 9 0 1
9 0
9 1


8083 9 0 1
9 0
9 1


8084 9 0 1
9 0
9 1


8085 9 0 1
9 0
9 1


8086 9 0 1
9 0
9 1


8087 9 0 1
9 0
9 1


8088 9 0 1
9 0
9 1


8089 9 0 1
9 0
9 1


8090 9 0 1
9 0
9 1


8091 9 0 1
9 0
9 1


8092 9 0 1
9 0
9 1


8093 9 0 1
9 0
9 1


8094 9 0 1
9 0
9 1


8095 9 0 1
9 0
9 1


8096 9 0 1
9 0
9 1


8097 9 0 1
9 0
9 1


8098 9 0 1
9 0
9 1


8099 9 0 1
9 0
9 1


8100 9 0 1
9 0
9 1


8101 9 0 1
9 0
9 1


8102 9 0 1
9 0
9 1


8103 9 0 1
9 0
9 1


8104 9 0 1
9 0
9 1


8105 9 0 1
9 0
9 1


8106 9 0 1
9 0
9 1


8107 9 0 1
9 0
9 1


8108 9 0 1
9 0
9 1


8109 9 0 1
9 0
9 1


8110 9 0 1
9 0
9 1


8111 9 0 1
9 0
9 1


8112 9 0 1
9 0
9 1


8113 9 0 1
9 0
9 1


8114 9 0 1
9 0
9 1


8115 9 0 1
9 0
9 1


8116 9 0 1
9 0
9 1


8117 9 0 1
9 0
9 1


8118 9 0 1
9 0
9 1


8119 9 0 1
9 0
9 1


8120 9 0 1
9 0
9 1


8121 9 0 1
9 0
9 1


8122 9 0 1
9 0
9 1


8123 9 0 1
9 0
9 1


8124 9 0 1
9 0
9 1


8125 9 0 1
9 0
9 1


8126 9 0 1
9 0
9 1


8127 9 0 1
9 0
9 1


8128 9 0 1
9 0
9 1


8129 9 0 1
9 0
9 1


8130 9 0 1
9 0
9 1


8131 9 0 1
9 0
9 1


8132 9 0 1
9 0
9 1


8133 9 0 1
9 0
9 1


8134 9 0 1
9 0
9 1


8135 9 0 1
9 0
9 1


8136 9 0 1
9 0
9 1


8137 9 0 1
9 0
9 1


8138 9 0 1
9 0
9 1


8139 9 0 1
9 0
9 1


8140 9 0 1
9 0
9 1


8141 9 0 1
9 0
9 1


8142 9 0 1
9 0
9 1


8143 9 0 1
9 0
9 1


8144 9 0 1
9 0
9 1


8145 9 0 1
9 0
9 1


8146 9 0 1
9 0
9 1


8147 9 0 1
9 0
9 1


8148 9 0 1
9 0
9 1


8149 9 0 1
9 0
9 1


8150 9 0 1
9 0
9 1


8151 9 0 1
9 0
9 1


8152 9 0 1
9 0
9 1


8153 9 0 1
9 0
9 1


8154 9 0 1
9 0
9 1


8155 9 0 1
9 0
9 1


8156 9 0 1
9 0
9 1


8157 9 0 1
9 0
9 1


8158 9 0 1
9 0
9 1


8159 9 0 1
9 0
9 1


8160 9 0 1
9 0
9 1


8161 9 0 1
9 0
9 1


8162 9 0 1
9 0
9 1


8163 9 0 1
9 0
9 1


8164 9 0 1
9 0
9 1


8165 9 0 1
9 0
9 1


8166 9 0 1
9 0
9 1


8167 9 0 1
9 0
9 1


8168 9 0 1
9 0
9 1


8169 9 0 1
9 0
9 1


8170 9 0 1
9 0
9 1


8171 9 0 1
9 0
9 1


8172 9 0 1
9 0
9 1


8173 9 0 1
9 0
9 1


8174 9 0 1
9 0
9 1


8175 9 0 1
9 0
9 1


8176 9 0 1
9 0
9 1


8177 9 0 1
9 0
9 1


8178 9 0 1
9 0
9 1


8179 9 0 1
9 0
9 1


8180 9 0 1
9 0
9 1


8181 9 0 1
9 0
9 1


8182 9 0 1
9 0
9 1


8183 9 0 1
9 0
9 1


8184 9 0 1
9 0
9 1


8185 9 0 1
9 0
9 1


8186 9 0 1
9 0
9 1


8187 9 0 1
9 0
9 1


8188 9 0 1
9 0
9 1


8189 9 0 1
9 0
9 1


8190 9 0 1
9 0
9 1


8191 9 0 1
9 0
9 1


8192 9 0 1
9 0
9 1


8193 9 0 1
9 0
9 1


8194 9 0 1
9 0
9 1


8195 9 0 1
9 0
9 1


8196 9 0 1
9 0
9 1


8197 9 0 1
9 0
9 1


8198 9 0 1
9 0
9 1


8199 9 0 1
9 0
9 1


8200 9 0 1
9 0
9 1


8201 9 0 1
9 0
9 1


8202 9 0 1
9 0
9 1


8203 9 0 1
9 0
9 1


8204 9 0 1
9 0
9 1


8205 9 0 1
9 0
9 1


8206 9 0 1
9 0
9 1


8207 9 0 1
9 0
9 1


8208 9 0 1
9 0
9 1


8209 9 0 1
9 0
9 1


8210 9 0 1
9 0
9 1


8211 9 0 1
9 0
9 1


8212 9 0 1
9 0
9 1


8213 9 0 1
9 0
9 1


8214 9 0 1
9 0
9 1


8215 9 0 1
9 0
9 1


8216 9 0 1
9 0
9 1


8217 9 0 1
9 0
9 1


8218 9 0 1
9 0
9 1


8219 9 0 1
9 0
9 1


8220 9 0 1
9 0
9 1


8221 9 0 1
9 0
9 1


8222 9 0 1
9 0
9 1


8223 9 0 1
9 0
9 1


8224 9 0 1
9 0
9 1


8225 9 0 1
9 0
9 1


8226 9 0 1
9 0
9 1


8227 9 0 1
9 0
9 1


8228 9 0 1
9 0
9 1


8229 9 0 1
9 0
9 1


8230 9 0 1
9 0
9 1


8231 9 0 1
9 0
9 1


8232 9 0 1
9 0
9 1


8233 9 0 1
9 0
9 1


8234 9 0 1
9 0
9 1


8235 9 0 1
9 0
9 1


8236 9 0 1
9 0
9 1


8237 9 0 1
9 0
9 1


8238 9 0 1
9 0
9 1


8239 9 0 1
9 0
9 1


8240 9 0 1
9 0
9 1


8241 9 0 1
9 0
9 1


8242 9 0 1
9 0
9 1


8243 9 0 1
9 0
9 1


8244 9 0 1
9 0
9 1


8245 9 0 1
9 0
9 1


8246 9 0 1
9 0
9 1


8247 9 0 1
9 0
9 1


8248 9 0 1
9 0
9 1


8249 9 0 1
9 0
9 1


8250 9 0 1
9 0
9 1


8251 9 0 1
9 0
9 1


8252 9 0 1
9 0
9 1


8253 9 0 1
9 0
9 1


8254 9 0 1
9 0
9 1


8255 9 0 1
9 0
9 1


8256 9 0 1
9 0
9 1


8257 9 0 1
9 0
9 1


8258 9 0 1
9 0
9 1


8259 9 0 1
9 0
9 1


8260 9 0 1
9 0
9 1


8261 9 0 1
9 0
9 1


8262 9 0 1
9 0
9 1


8263 9 0 1
9 0
9 1


8264 9 0 1
9 0
9 1


8265 9 0 1
9 0
9 1


8266 9 0 1
9 0
9 1


8267 9 0 1
9 0
9 1


8268 9 0 1
9 0
9 1


8269 9 0 1
9 0
9 1


8270 9 0 1
9 0
9 1


8271 9 0 1
9 0
9 1


8272 9 0 1
9 0
9 1


8273 9 0 1
9 0
9 1


8274 9 0 1
9 0
9 1


8275 9 0 1
9 0
9 1


8276 9 0 1
9 0
9 1


8277 9 0 1
9 0
9 1


8278 9 0 1
9 0
9 1


8279 9 0 1
9 0
9 1


8280 9 0 1
9 0
9 1


8281 9 0 1
9 0
9 1


8282 9 0 1
9 0
9 1


8283 9 0 1
9 0
9 1


8284 9 0 1
9 0
9 1


8285 9 0 1
9 0
9 1


8286 9 0 1
9 0
9 1


8287 9 0 1
9 0
9 1


8288 9 0 1
9 0
9 1


8289 9 0 1
9 0
9 1


8290 9 0 1
9 0
9 1


8291 9 0 1
9 0
9 1


8292 9 0 1
9 0
9 1


8293 9 0 1
9 0
9 1


8294 9 0 1
9 0
9 1


8295 9 0 1
9 0
9 1


8296 9 0 1
9 0
9 1


8297 9 0 1
9 0
9 1


8298 9 0 1
9 0
9 1


8299 9 0 1
9 0
9 1


8300 9 0 1
9 0
9 1


8301 9 0 1
9 0
9 1


8302 9 0 1
9 0
9 1


8303 9 0 1
9 0
9 1


8304 9 0 1
9 0
9 1


8305 9 0 1
9 0
9 1


8306 9 0 1
9 0
9 1


8307 9 0 1
9 0
9 1


8308 9 0 1
9 0
9 1


8309 9 0 1
9 0
9 1


8310 9 0 1
9 0
9 1


8311 9 0 1
9 0
9 1


8312 9 0 1
9 0
9 1


8313 9 0 1
9 0
9 1


8314 9 0 1
9 0
9 1


8315 9 0 1
9 0
9 1


8316 9 0 1
9 0
9 1


8317 9 0 1
9 0
9 1


8318 9 0 1
9 0
9 1


8319 9 0 1
9 0
9 1


8320 9 0 1
9 0
9 1


8321 9 0 1
9 0
9 1


8322 9 0 1
9 0
9 1


8323 9 0 1
9 0
9 1


8324 9 0 1
9 0
9 1


8325 9 0 1
9 0
9 1


8326 9 0 1
9 0
9 1


8327 9 0 1
9 0
9 1


8328 9 0 1
9 0
9 1


8329 9 0 1
9 0
9 1


8330 9 0 1
9 0
9 1


8331 9 0 1
9 0
9 1


8332 9 0 1
9 0
9 1


8333 9 0 1
9 0
9 1


8334 9 0 1
9 0
9 1


8335 9 0 1
9 0
9 1


8336 9 0 1
9 0
9 1


8337 9 0 1
9 0
9 1


8338 9 0 1
9 0
9 1


8339 9 0 1
9 0
9 1


8340 9 0 1
9 0
9 1


8341 9 0 1
9 0
9 1


8342 9 0 1
9 0
9 1


8343 9 0 1
9 0
9 1


8344 9 0 1
9 0
9 1


8345 9 0 1
9 0
9 1


8346 9 0 1
9 0
9 1


8347 9 0 1
9 0
9 1


8348 9 0 1
9 0
9 1


8349 9 0 1
9 0
9 1


8350 9 0 1
9 0
9 1


8351 9 0 1
9 0
9 1


8352 9 0 1
9 0
9 1


8353 9 0 1
9 0
9 1


8354 9 0 1
9 0
9 1


8355 9 0 1
9 0
9 1


8356 9 0 1
9 0
9 1


8357 9 0 1
9 0
9 1


8358 9 0 1
9 0
9 1


8359 9 0 1
9 0
9 1


8360 9 0 1
9 0
9 1


8361 9 0 1
9 0
9 1


8362 9 0 1
9 0
9 1


8363 9 0 1
9 0
9 1


8364 9 0 1
9 0
9 1


8365 9 0 1
9 0
9 1


8366 9 0 1
9 0
9 1


8367 9 0 1
9 0
9 1


8368 9 0 1
9 0
9 1


8369 9 0 1
9 0
9 1


8370 9 0 1
9 0
9 1


8371 9 0 1
9 0
9 1


8372 9 0 1
9 0
9 1


8373 9 0 1
9 0
9 1


8374 9 0 1
9 0
9 1


8375 9 0 1
9 0
9 1


8376 9 0 1
9 0
9 1


8377 9 0 1
9 0
9 1


8378 9 0 1
9 0
9 1


8379 9 0 1
9 0
9 1


8380 9 0 1
9 0
9 1


8381 9 0 1
9 0
9 1


8382 9 0 1
9 0
9 1


8383 9 0 1
9 0
9 1


8384 9 0 1
9 0
9 1


8385 9 0 1
9 0
9 1


8386 9 0 1
9 0
9 1


8387 9 0 1
9 0
9 1


8388 9 0 1
9 0
9 1


8389 9 0 1
9 0
9 1


8390 9 0 1
9 0
9 1


8391 9 0 1
9 0
9 1


8392 9 0 1
9 0
9 1


8393 9 0 1
9 0
9 1


8394 9 0 1
9 0
9 1


8395 9 0 1
9 0
9 1


8396 9 0 1
9 0
9 1


8397 9 0 1
9 0
9 1


8398 9 0 1
9 0
9 1


8399 9 0 1
9 0
9 1


8400 9 0 1
9 0
9 1


8401 9 0 1
9 0
9 1


8402 9 0 1
9 0
9 1


8403 9 0 1
9 0
9 1


13604 24 1 6
24 1
24 6


13605 24 1 6
24 1
24 6


13606 24 1 6
24 1
24 6


13607 24 1 6
24 1
24 6


13608 24 1 6
24 1
24 6


13609 24 1 6
24 1
24 6


13610 24 1 6
24 1
24 6


13611 24 1 6
24 1
24 6


13612 24 1 6
24 1
24 6


13613 24 1 6
24 1
24 6


13614 24 1 6
24 1
24 6


13615 24 1 6
24 1
24 6


13616 24 1 6
24 1
24 6


13617 24 1 6
24 1
24 6


13618 24 1 6
24 1
24 6


13619 24 1 6
24 1
24 6


13620 24 1 6
24 1
24 6


13621 24 1 6
24 1
24 6


13622 24 1 6
24 1
24 6


13623 24 1 6
24 1
24 6


13624 24 1 6
24 1
24 6


13625 24 1 6
24 1
24 6


13626 24 1 6
24 1
24 6


13627 24 1 6
24 1
24 6


13628 24 1 6
24 1
24 6


13629 24 1 6
24 1
24 6


13630 24 1 6
24 1
24 6


13631 24 1 6
24 1
24 6


13632 24 1 6
24 1
24 6


13633 24 1 6
24 1
24 6


13634 24 1 6
24 1
24 6


13635 24 1 6
24 1
24 6


13636 24 1 6
24 1
24 6


13637 24 1 6
24 1
24 6


13638 24 1 6
24 1
24 6


13639 24 1 6
24 1
24 6


13640 24 1 6
24 1
24 6


13641 24 1 6
24 1
24 6


13642 24 1 6
24 1
24 6


13643 24 1 6
24 1
24 6


13644 24 1 6
24 1
24 6


13645 24 1 6
24 1
24 6


13646 24 1 6
24 1
24 6


13647 24 1 6
24 1
24 6


13648 24 1 6
24 1
24 6


13649 24 1 6
24 1
24 6


13650 24 1 6
24 1
24 6


13651 24 1 6
24 1
24 6


13652 24 1 6
24 1
24 6


13653 24 1 6
24 1
24 6


13654 24 1 6
24 1
24 6


13655 24 1 6
24 1
24 6


13656 24 1 6
24 1
24 6


13657 24 1 6
24 1
24 6


13658 24 1 6
24 1
24 6


13659 24 1 6
24 1
24 6


13660 24 1 6
24 1
24 6


13661 24 1 6
24 1
24 6


13662 24 1 6
24 1
24 6


13663 24 1 6
24 1
24 6


13664 24 1 6
24 1
24 6


13665 24 1 6
24 1
24 6


13666 24 1 6
24 1
24 6


13667 24 1 6
24 1
24 6


13668 24 1 6
24 1
24 6


13669 24 1 6
24 1
24 6


13670 24 1 6
24 1
24 6


13671 24 1 6
24 1
24 6


13672 24 1 6
24 1
24 6


13673 24 1 6
24 1
24 6


13674 24 1 6
24 1
24 6


13675 24 1 6
24 1
24 6


13676 24 1 6
24 1
24 6


13677 24 1 6
24 1
24 6


13678 24 1 6
24 1
24 6


13679 24 1 6
24 1
24 6


13680 24 1 6
24 1
24 6


13681 24 1 6
24 1
24 6


13682 24 1 6
24 1
24 6


13683 24 1 6
24 1
24 6


13684 24 1 6
24 1
24 6


13685 24 1 6
24 1
24 6


13686 24 1 6
24 1
24 6


13687 24 1 6
24 1
24 6


13688 24 1 6
24 1
24 6


13689 24 1 6
24 1
24 6


13690 24 1 6
24 1
24 6


13691 24 1 6
24 1
24 6


13692 24 1 6
24 1
24 6


13693 24 1 6
24 1
24 6


13694 24 1 6
24 1
24 6


13695 24 1 6
24 1
24 6


13696 24 1 6
24 1
24 6


13697 24 1 6
24 1
24 6


13698 24 1 6
24 1
24 6


13699 24 1 6
24 1
24 6


13700 24 1 6
24 1
24 6


13701 24 1 6
24 1
24 6


13702 24 1 6
24 1
24 6


13703 24 1 6
24 1
24 6


13704 24 1 6
24 1
24 6


13705 24 1 6
24 1
24 6


13706 24 1 6
24 1
24 6


13707 24 1 6
24 1
24 6


13708 24 1 6
24 1
24 6


13709 24 1 6
24 1
24 6


13710 24 1 6
24 1
24 6


13711 24 1 6
24 1
24 6


13712 24 1 6
24 1
24 6


13713 24 1 6
24 1
24 6


13714 24 1 6
24 1
24 6


13715 24 1 6
24 1
24 6


13716 24 1 6
24 1
24 6


13717 24 1 6
24 1
24 6


13718 24 1 6
24 1
24 6


13719 24 1 6
24 1
24 6


13720 24 1 6
24 1
24 6


13721 24 1 6
24 1
24 6


13722 24 1 6
24 1
24 6


13723 24 1 6
24 1
24 6


13724 24 1 6
24 1
24 6


13725 24 1 6
24 1
24 6


13726 24 1 6
24 1
24 6


13727 24 1 6
24 1
24 6


13728 24 1 6
24 1
24 6


13729 24 1 6
24 1
24 6


13730 24 1 6
24 1
24 6


13731 24 1 6
24 1
24 6


13732 24 1 6
24 1
24 6


13733 24 1 6
24 1
24 6


13734 24 1 6
24 1
24 6


13735 24 1 6
24 1
24 6


13736 24 1 6
24 1
24 6


13737 24 1 6
24 1
24 6


13738 24 1 6
24 1
24 6


13739 24 1 6
24 1
24 6


13740 24 1 6
24 1
24 6


13741 24 1 6
24 1
24 6


13742 24 1 6
24 1
24 6


13743 24 1 6
24 1
24 6


13744 24 1 6
24 1
24 6


13745 24 1 6
24 1
24 6


13746 24 1 6
24 1
24 6


13747 24 1 6
24 1
24 6


13748 24 1 6
24 1
24 6


13749 24 1 6
24 1
24 6


13750 24 1 6
24 1
24 6


13751 24 1 6
24 1
24 6


13752 24 1 6
24 1
24 6


13753 24 1 6
24 1
24 6


13754 24 1 6
24 1
24 6


13755 24 1 6
24 1
24 6


13756 24 1 6
24 1
24 6


13757 24 1 6
24 1
24 6


13758 24 1 6
24 1
24 6


13759 24 1 6
24 1
24 6


13760 24 1 6
24 1
24 6


13761 24 1 6
24 1
24 6


13762 24 1 6
24 1
24 6


13763 24 1 6
24 1
24 6


13764 24 1 6
24 1
24 6


13765 24 1 6
24 1
24 6


13766 24 1 6
24 1
24 6


13767 24 1 6
24 1
24 6


13768 24 1 6
24 1
24 6


13769 24 1 6
24 1
24 6


13770 24 1 6
24 1
24 6


13771 24 1 6
24 1
24 6


13772 24 1 6
24 1
24 6


13773 24 1 6
24 1
24 6


13774 24 1 6
24 1
24 6


13775 24 1 6
24 1
24 6


13776 24 1 6
24 1
24 6


13777 24 1 6
24 1
24 6


13778 24 1 6
24 1
24 6


13779 24 1 6
24 1
24 6


13780 24 1 6
24 1
24 6


13781 24 1 6
24 1
24 6


13782 24 1 6
24 1
24 6


13783 24 1 6
24 1
24 6


13784 24 1 6
24 1
24 6


13785 24 1 6
24 1
24 6


13786 24 1 6
24 1
24 6


13787 24 1 6
24 1
24 6


13788 24 1 6
24 1
24 6


13789 24 1 6
24 1
24 6


13790 24 1 6
24 1
24 6


13791 24 1 6
24 1
24 6


13792 24 1 6
24 1
24 6


13793 24 1 6
24 1
24 6


13794 24 1 6
24 1
24 6


13795 24 1 6
24 1
24 6


13796 24 1 6
24 1
24 6


13797 24 1 6
24 1
24 6


13798 24 1 6
24 1
24 6


13799 24 1 6
24 1
24 6


13800 24 1 6
24 1
24 6


13801 24 1 6
24 1
24 6


13802 24 1 6
24 1
24 6


13803 24 1 6
24 1
24 6


13804 24 1 6
24 1
24 6


13805 24 1 6
24 1
24 6


13806 24 1 6
24 1
24 6


13807 24 1 6
24 1
24 6


13808 24 1 6
24 1
24 6


13809 24 1 6
24 1
24 6


13810 24 1 6
24 1
24 6


13811 24 1 6
24 1
24 6


13812 24 1 6
24 1
24 6


13813 24 1 6
24 1
24 6


13814 24 1 6
24 1
24 6


13815 24 1 6
24 1
24 6


13816 24 1 6
24 1
24 6


13817 24 1 6
24 1
24 6


13818 24 1 6
24 1
24 6


13819 24 1 6
24 1
24 6


13820 24 1 6
24 1
24 6


13821 24 1 6
24 1
24 6


13822 24 1 6
24 1
24 6


13823 24 1 6
24 1
24 6


13824 24 1 6
24 1
24 6


13825 24 1 6
24 1
24 6


13826 24 1 6
24 1
24 6


13827 24 1 6
24 1
24 6


13828 24 1 6
24 1
24 6


13829 24 1 6
24 1
24 6


13830 24 1 6
24 1
24 6


13831 24 1 6
24 1
24 6


13832 24 1 6
24 1
24 6


13833 24 1 6
24 1
24 6


13834 24 1 6
24 1
24 6


13835 24 1 6
24 1
24 6


13836 24 1 6
24 1
24 6


13837 24 1 6
24 1
24 6


13838 24 1 6
24 1
24 6


13839 24 1 6
24 1
24 6


13840 24 1 6
24 1
24 6


13841 24 1 6
24 1
24 6


13842 24 1 6
24 1
24 6


13843 24 1 6
24 1
24 6


13844 24 1 6
24 1
24 6


13845 24 1 6
24 1
24 6


13846 24 1 6
24 1
24 6


13847 24 1 6
24 1
24 6


13848 24 1 6
24 1
24 6


13849 24 1 6
24 1
24 6


13850 24 1 6
24 1
24 6


13851 24 1 6
24 1
24 6


13852 24 1 6
24 1
24 6


13853 24 1 6
24 1
24 6


13854 24 1 6
24 1
24 6


13855 24 1 6
24 1
24 6


13856 24 1 6
24 1
24 6


13857 24 1 6
24 1
24 6


13858 24 1 6
24 1
24 6


13859 24 1 6
24 1
24 6


13860 24 1 6
24 1
24 6


13861 24 1 6
24 1
24 6


13862 24 1 6
24 1
24 6


13863 24 1 6
24 1
24 6


13864 24 1 6
24 1
24 6


13865 24 1 6
24 1
24 6


13866 24 1 6
24 1
24 6


13867 24 1 6
24 1
24 6


13868 24 1 6
24 1
24 6


13869 24 1 6
24 1
24 6


13870 24 1 6
24 1
24 6


13871 24 1 6
24 1
24 6


13872 24 1 6
24 1
24 6


13873 24 1 6
24 1
24 6


13874 24 1 6
24 1
24 6


13875 24 1 6
24 1
24 6


13876 24 1 6
24 1
24 6


13877 24 1 6
24 1
24 6


13878 24 1 6
24 1
24 6


13879 24 1 6
24 1
24 6


13880 24 1 6
24 1
24 6


13881 24 1 6
24 1
24 6


13882 24 1 6
24 1
24 6


13883 24 1 6
24 1
24 6


13884 24 1 6
24 1
24 6


13885 24 1 6
24 1
24 6


13886 24 1 6
24 1
24 6


13887 24 1 6
24 1
24 6


13888 24 1 6
24 1
24 6


13889 24 1 6
24 1
24 6


13890 24 1 6
24 1
24 6


13891 24 1 6
24 1
24 6


13892 24 1 6
24 1
24 6


13893 24 1 6
24 1
24 6


13894 24 1 6
24 1
24 6


13895 24 1 6
24 1
24 6


13896 24 1 6
24 1
24 6


13897 24 1 6
24 1
24 6


13898 24 1 6
24 1
24 6


13899 24 1 6
24 1
24 6


13900 24 1 6
24 1
24 6


13901 24 1 6
24 1
24 6


13902 24 1 6
24 1
24 6


13903 24 1 6
24 1
24 6


13904 24 1 6
24 1
24 6


13905 24 1 6
24 1
24 6


13906 24 1 6
24 1
24 6


13907 24 1 6
24 1
24 6


13908 24 1 6
24 1
24 6


13909 24 1 6
24 1
24 6


13910 24 1 6
24 1
24 6


13911 24 1 6
24 1
24 6


13912 24 1 6
24 1
24 6


13913 24 1 6
24 1
24 6


13914 24 1 6
24 1
24 6


13915 24 1 6
24 1
24 6


13916 24 1 6
24 1
24 6


13917 24 1 6
24 1
24 6


13918 24 1 6
24 1
24 6


13919 24 1 6
24 1
24 6


13920 24 1 6
24 1
24 6


13921 24 1 6
24 1
24 6


13922 24 1 6
24 1
24 6


13923 24 1 6
24 1
24 6


13924 24 1 6
24 1
24 6


13925 24 1 6
24 1
24 6


13926 24 1 6
24 1
24 6


13927 24 1 6
24 1
24 6


13928 24 1 6
24 1
24 6


13929 24 1 6
24 1
24 6


13930 24 1 6
24 1
24 6


13931 24 1 6
24 1
24 6


13932 24 1 6
24 1
24 6


13933 24 1 6
24 1
24 6


13934 24 1 6
24 1
24 6


13935 24 1 6
24 1
24 6


13936 24 1 6
24 1
24 6


13937 24 1 6
24 1
24 6


13938 24 1 6
24 1
24 6


13939 24 1 6
24 1
24 6


13940 24 1 6
24 1
24 6


13941 24 1 6
24 1
24 6


13942 24 1 6
24 1
24 6


13943 24 1 6
24 1
24 6


13944 24 1 6
24 1
24 6


13945 24 1 6
24 1
24 6


13946 24 1 6
24 1
24 6


13947 24 1 6
24 1
24 6


13948 24 1 6
24 1
24 6


13949 24 1 6
24 1
24 6


13950 24 1 6
24 1
24 6


13951 24 1 6
24 1
24 6


13952 24 1 6
24 1
24 6


13953 24 1 6
24 1
24 6


13954 24 1 6
24 1
24 6


13955 24 1 6
24 1
24 6


13956 24 1 6
24 1
24 6


13957 24 1 6
24 1
24 6


13958 24 1 6
24 1
24 6


13959 24 1 6
24 1
24 6


13960 24 1 6
24 1
24 6


13961 24 1 6
24 1
24 6


13962 24 1 6
24 1
24 6


13963 24 1 6
24 1
24 6


13964 24 1 6
24 1
24 6


13965 24 1 6
24 1
24 6


13966 24 1 6
24 1
24 6


13967 24 1 6
24 1
24 6


13968 24 1 6
24 1
24 6


13969 24 1 6
24 1
24 6


13970 24 1 6
24 1
24 6


13971 24 1 6
24 1
24 6


13972 24 1 6
24 1
24 6


13973 24 1 6
24 1
24 6


13974 24 1 6
24 1
24 6


13975 24 1 6
24 1
24 6


13976 24 1 6
24 1
24 6


13977 24 1 6
24 1
24 6


13978 24 1 6
24 1
24 6


13979 24 1 6
24 1
24 6


13980 24 1 6
24 1
24 6


13981 24 1 6
24 1
24 6


13982 24 1 6
24 1
24 6


13983 24 1 6
24 1
24 6


13984 24 1 6
24 1
24 6


13985 24 1 6
24 1
24 6


13986 24 1 6
24 1
24 6


13987 24 1 6
24 1
24 6


13988 24 1 6
24 1
24 6


13989 24 1 6
24 1
24 6


13990 24 1 6
24 1
24 6


13991 24 1 6
24 1
24 6


13992 24 1 6
24 1
24 6


13993 24 1 6
24 1
24 6


13994 24 1 6
24 1
24 6


13995 24 1 6
24 1
24 6


13996 24 1 6
24 1
24 6


13997 24 1 6
24 1
24 6


13998 24 1 6
24 1
24 6


13999 24 1 6
24 1
24 6


14000 24 1 6
24 1
24 6


14001 24 1 6
24 1
24 6


14002 24 1 6
24 1
24 6


14003 24 1 6
24 1
24 6


14004 24 1 6
24 1
24 6


14005 24 1 6
24 1
24 6


14006 24 1 6
24 1
24 6


14007 24 1 6
24 1
24 6


14008 24 1 6
24 1
24 6


14009 24 1 6
24 1
24 6


14010 24 1 6
24 1
24 6


14011 24 1 6
24 1
24 6


14012 24 1 6
24 1
24 6


14013 24 1 6
24 1
24 6


14014 24 1 6
24 1
24 6


14015 24 1 6
24 1
24 6


14016 24 1 6
24 1
24 6


14017 24 1 6
24 1
24 6


14018 24 1 6
24 1
24 6


14019 24 1 6
24 1
24 6


14020 24 1 6
24 1
24 6


14021 24 1 6
24 1
24 6


14022 24 1 6
24 1
24 6


14023 24 1 6
24 1
24 6


14024 24 1 6
24 1
24 6


14025 24 1 6
24 1
24 6


14026 24 1 6
24 1
24 6


14027 24 1 6
24 1
24 6


14028 24 1 6
24 1
24 6


14029 24 1 6
24 1
24 6


14030 24 1 6
24 1
24 6


14031 24 1 6
24 1
24 6


14032 24 1 6
24 1
24 6


14033 24 1 6
24 1
24 6


14034 24 1 6
24 1
24 6


14035 24 1 6
24 1
24 6


14036 24 1 6
24 1
24 6


14037 24 1 6
24 1
24 6


14038 24 1 6
24 1
24 6


14039 24 1 6
24 1
24 6


14040 24 1 6
24 1
24 6


14041 24 1 6
24 1
24 6


14042 24 1 6
24 1
24 6


14043 24 1 6
24 1
24 6


14044 24 1 6
24 1
24 6


14045 24 1 6
24 1
24 6


14046 24 1 6
24 1
24 6


14047 24 1 6
24 1
24 6


14048 24 1 6
24 1
24 6


14049 24 1 6
24 1
24 6


14050 24 1 6
24 1
24 6


14051 24 1 6
24 1
24 6


14052 24 1 6
24 1
24 6


14053 24 1 6
24 1
24 6


14054 24 1 6
24 1
24 6


14055 24 1 6
24 1
24 6


14056 24 1 6
24 1
24 6


14057 24 1 6
24 1
24 6


14058 24 1 6
24 1
24 6


14059 24 1 6
24 1
24 6


14060 24 1 6
24 1
24 6


14061 24 1 6
24 1
24 6


14062 24 1 6
24 1
24 6


14063 24 1 6
24 1
24 6


14064 24 1 6
24 1
24 6


14065 24 1 6
24 1
24 6


14066 24 1 6
24 1
24 6


14067 24 1 6
24 1
24 6


14068 24 1 6
24 1
24 6


14069 24 1 6
24 1
24 6


14070 24 1 6
24 1
24 6


14071 24 1 6
24 1
24 6


14072 24 1 6
24 1
24 6


14073 24 1 6
24 1
24 6


14074 24 1 6
24 1
24 6


14075 24 1 6
24 1
24 6


14076 24 1 6
24 1
24 6


14077 24 1 6
24 1
24 6


14078 24 1 6
24 1
24 6


14079 24 1 6
24 1
24 6


14080 24 1 6
24 1
24 6


14081 24 1 6
24 1
24 6


14082 24 1 6
24 1
24 6


14083 24 1 6
24 1
24 6


14084 24 1 6
24 1
24 6


14085 24 1 6
24 1
24 6


14086 24 1 6
24 1
24 6


14087 24 1 6
24 1
24 6


14088 24 1 6
24 1
24 6


14089 24 1 6
24 1
24 6


14090 24 1 6
24 1
24 6


14091 24 1 6
24 1
24 6


14092 24 1 6
24 1
24 6


14093 24 1 6
24 1
24 6


14094 24 1 6
24 1
24 6


14095 24 1 6
24 1
24 6


14096 24 1 6
24 1
24 6


14097 24 1 6
24 1
24 6


14098 24 1 6
24 1
24 6


14099 24 1 6
24 1
24 6


14100 24 1 6
24 1
24 6


14101 24 1 6
24 1
24 6


14102 24 1 6
24 1
24 6


14103 24 1 6
24 1
24 6


14104 24 1 6
24 1
24 6


14105 24 1 6
24 1
24 6


14106 24 1 6
24 1
24 6


14107 24 1 6
24 1
24 6


14108 24 1 6
24 1
24 6


14109 24 1 6
24 1
24 6


14110 24 1 6
24 1
24 6


14111 24 1 6
24 1
24 6


14112 24 1 6
24 1
24 6


14113 24 1 6
24 1
24 6


14114 24 1 6
24 1
24 6


14115 24 1 6
24 1
24 6


19316 21 6 5
21 6
21 5


19317 21 6 5
21 6
21 5


19318 21 6 5
21 6
21 5


19319 21 6 5
21 6
21 5


19320 21 6 5
21 6
21 5


19321 21 6 5
21 6
21 5


19322 21 6 5
21 6
21 5


19323 21 6 5
21 6
21 5


19324 21 6 5
21 6
21 5


19325 21 6 5
21 6
21 5


19326 21 6 5
21 6
21 5


19327 21 6 5
21 6
21 5


19328 21 6 5
21 6
21 5


19329 21 6 5
21 6
21 5


19330 21 6 5
21 6
21 5


19331 21 6 5
21 6
21 5


19332 21 6 5
21 6
21 5


19333 21 6 5
21 6
21 5


19334 21 6 5
21 6
21 5


19335 21 6 5
21 6
21 5


19336 21 6 5
21 6
21 5


19337 21 6 5
21 6
21 5


19338 21 6 5
21 6
21 5


19339 21 6 5
21 6
21 5


19340 21 6 5
21 6
21 5


19341 21 6 5
21 6
21 5


19342 21 6 5
21 6
21 5


19343 21 6 5
21 6
21 5


19344 21 6 5
21 6
21 5


19345 21 6 5
21 6
21 5


19346 21 6 5
21 6
21 5


19347 21 6 5
21 6
21 5


19348 21 6 5
21 6
21 5


19349 21 6 5
21 6
21 5


19350 21 6 5
21 6
21 5


19351 21 6 5
21 6
21 5


19352 21 6 5
21 6
21 5


19353 21 6 5
21 6
21 5


19354 21 6 5
21 6
21 5


19355 21 6 5
21 6
21 5


19356 21 6 5
21 6
21 5


19357 21 6 5
21 6
21 5


19358 21 6 5
21 6
21 5


19359 21 6 5
21 6
21 5


19360 21 6 5
21 6
21 5


19361 21 6 5
21 6
21 5


19362 21 6 5
21 6
21 5


19363 21 6 5
21 6
21 5


19364 21 6 5
21 6
21 5


19365 21 6 5
21 6
21 5


19366 21 6 5
21 6
21 5


19367 21 6 5
21 6
21 5


19368 21 6 5
21 6
21 5


19369 21 6 5
21 6
21 5


19370 21 6 5
21 6
21 5


19371 21 6 5
21 6
21 5


19372 21 6 5
21 6
21 5


19373 21 6 5
21 6
21 5


19374 21 6 5
21 6
21 5


19375 21 6 5
21 6
21 5


19376 21 6 5
21 6
21 5


19377 21 6 5
21 6
21 5


19378 21 6 5
21 6
21 5


19379 21 6 5
21 6
21 5


19380 21 6 5
21 6
21 5


19381 21 6 5
21 6
21 5


19382 21 6 5
21 6
21 5


19383 21 6 5
21 6
21 5


19384 21 6 5
21 6
21 5


19385 21 6 5
21 6
21 5


19386 21 6 5
21 6
21 5


19387 21 6 5
21 6
21 5


19388 21 6 5
21 6
21 5


19389 21 6 5
21 6
21 5


19390 21 6 5
21 6
21 5


19391 21 6 5
21 6
21 5


19392 21 6 5
21 6
21 5


19393 21 6 5
21 6
21 5


19394 21 6 5
21 6
21 5


19395 21 6 5
21 6
21 5


19396 21 6 5
21 6
21 5


19397 21 6 5
21 6
21 5


19398 21 6 5
21 6
21 5


19399 21 6 5
21 6
21 5


19400 21 6 5
21 6
21 5


19401 21 6 5
21 6
21 5


19402 21 6 5
21 6
21 5


19403 21 6 5
21 6
21 5


19404 21 6 5
21 6
21 5


19405 21 6 5
21 6
21 5


19406 21 6 5
21 6
21 5


19407 21 6 5
21 6
21 5


19408 21 6 5
21 6
21 5


19409 21 6 5
21 6
21 5


19410 21 6 5
21 6
21 5


19411 21 6 5
21 6
21 5


19412 21 6 5
21 6
21 5


19413 21 6 5
21 6
21 5


19414 21 6 5
21 6
21 5


19415 21 6 5
21 6
21 5


19416 21 6 5
21 6
21 5


19417 21 6 5
21 6
21 5


19418 21 6 5
21 6
21 5


19419 21 6 5
21 6
21 5


19420 21 6 5
21 6
21 5


19421 21 6 5
21 6
21 5


19422 21 6 5
21 6
21 5


19423 21 6 5
21 6
21 5


19424 21 6 5
21 6
21 5


19425 21 6 5
21 6
21 5


19426 21 6 5
21 6
21 5


19427 21 6 5
21 6
21 5


19428 21 6 5
21 6
21 5


19429 21 6 5
21 6
21 5


19430 21 6 5
21 6
21 5


19431 21 6 5
21 6
21 5


19432 21 6 5
21 6
21 5


19433 21 6 5
21 6
21 5


19434 21 6 5
21 6
21 5


19435 21 6 5
21 6
21 5


19436 21 6 5
21 6
21 5


19437 21 6 5
21 6
21 5


19438 21 6 5
21 6
21 5


19439 21 6 5
21 6
21 5


19440 21 6 5
21 6
21 5


19441 21 6 5
21 6
21 5


19442 21 6 5
21 6
21 5


19443 21 6 5
21 6
21 5


19444 21 6 5
21 6
21 5


19445 21 6 5
21 6
21 5


19446 21 6 5
21 6
21 5


19447 21 6 5
21 6
21 5


19448 21 6 5
21 6
21 5


19449 21 6 5
21 6
21 5


19450 21 6 5
21 6
21 5


19451 21 6 5
21 6
21 5


19452 21 6 5
21 6
21 5


19453 21 6 5
21 6
21 5


19454 21 6 5
21 6
21 5


19455 21 6 5
21 6
21 5


19456 21 6 5
21 6
21 5


19457 21 6 5
21 6
21 5


19458 21 6 5
21 6
21 5


19459 21 6 5
21 6
21 5


19460 21 6 5
21 6
21 5


19461 21 6 5
21 6
21 5


19462 21 6 5
21 6
21 5


19463 21 6 5
21 6
21 5


19464 21 6 5
21 6
21 5


19465 21 6 5
21 6
21 5


19466 21 6 5
21 6
21 5


19467 21 6 5
21 6
21 5


19468 21 6 5
21 6
21 5


19469 21 6 5
21 6
21 5


19470 21 6 5
21 6
21 5


19471 21 6 5
21 6
21 5


19472 21 6 5
21 6
21 5


19473 21 6 5
21 6
21 5


19474 21 6 5
21 6
21 5


19475 21 6 5
21 6
21 5


19476 21 6 5
21 6
21 5


19477 21 6 5
21 6
21 5


19478 21 6 5
21 6
21 5


19479 21 6 5
21 6
21 5


19480 21 6 5
21 6
21 5


19481 21 6 5
21 6
21 5


19482 21 6 5
21 6
21 5


19483 21 6 5
21 6
21 5


19484 21 6 5
21 6
21 5


19485 21 6 5
21 6
21 5


19486 21 6 5
21 6
21 5


19487 21 6 5
21 6
21 5


19488 21 6 5
21 6
21 5


19489 21 6 5
21 6
21 5


19490 21 6 5
21 6
21 5


19491 21 6 5
21 6
21 5


19492 21 6 5
21 6
21 5


19493 21 6 5
21 6
21 5


19494 21 6 5
21 6
21 5


19495 21 6 5
21 6
21 5


19496 21 6 5
21 6
21 5


19497 21 6 5
21 6
21 5


19498 21 6 5
21 6
21 5


19499 21 6 5
21 6
21 5


19500 21 6 5
21 6
21 5


19501 21 6 5
21 6
21 5


19502 21 6 5
21 6
21 5


19503 21 6 5
21 6
21 5


19504 21 6 5
21 6
21 5


19505 21 6 5
21 6
21 5


19506 21 6 5
21 6
21 5


19507 21 6 5
21 6
21 5


19508 21 6 5
21 6
21 5


19509 21 6 5
21 6
21 5


19510 21 6 5
21 6
21 5


19511 21 6 5
21 6
21 5


19512 21 6 5
21 6
21 5


19513 21 6 5
21 6
21 5


19514 21 6 5
21 6
21 5


19515 21 6 5
21 6
21 5


19516 21 6 5
21 6
21 5


19517 21 6 5
21 6
21 5


19518 21 6 5
21 6
21 5


19519 21 6 5
21 6
21 5


19520 21 6 5
21 6
21 5


19521 21 6 5
21 6
21 5


19522 21 6 5
21 6
21 5


19523 21 6 5
21 6
21 5


19524 21 6 5
21 6
21 5


19525 21 6 5
21 6
21 5


19526 21 6 5
21 6
21 5


19527 21 6 5
21 6
21 5


19528 21 6 5
21 6
21 5


19529 21 6 5
21 6
21 5


19530 21 6 5
21 6
21 5


19531 21 6 5
21 6
21 5


19532 21 6 5
21 6
21 5


19533 21 6 5
21 6
21 5


19534 21 6 5
21 6
21 5


19535 21 6 5
21 6
21 5


19536 21 6 5
21 6
21 5


19537 21 6 5
21 6
21 5


19538 21 6 5
21 6
21 5


19539 21 6 5
21 6
21 5


19540 21 6 5
21 6
21 5


19541 21 6 5
21 6
21 5


19542 21 6 5
21 6
21 5


19543 21 6 5
21 6
21 5


19544 21 6 5
21 6
21 5


19545 21 6 5
21 6
21 5


19546 21 6 5
21 6
21 5


19547 21 6 5
21 6
21 5


19548 21 6 5
21 6
21 5


19549 21 6 5
21 6
21 5


19550 21 6 5
21 6
21 5


19551 21 6 5
21 6
21 5


19552 21 6 5
21 6
21 5


19553 21 6 5
21 6
21 5


19554 21 6 5
21 6
21 5


19555 21 6 5
21 6
21 5


19556 21 6 5
21 6
21 5


19557 21 6 5
21 6
21 5


19558 21 6 5
21 6
21 5


19559 21 6 5
21 6
21 5


19560 21 6 5
21 6
21 5


19561 21 6 5
21 6
21 5


19562 21 6 5
21 6
21 5


19563 21 6 5
21 6
21 5


19564 21 6 5
21 6
21 5


19565 21 6 5
21 6
21 5


19566 21 6 5
21 6
21 5


19567 21 6 5
21 6
21 5


19568 21 6 5
21 6
21 5


19569 21 6 5
21 6
21 5


19570 21 6 5
21 6
21 5


19571 21 6 5
21 6
21 5


19572 21 6 5
21 6
21 5


19573 21 6 5
21 6
21 5


19574 21 6 5
21 6
21 5


19575 21 6 5
21 6
21 5


19576 21 6 5
21 6
21 5


19577 21 6 5
21 6
21 5


19578 21 6 5
21 6
21 5


19579 21 6 5
21 6
21 5


19580 21 6 5
21 6
21 5


19581 21 6 5
21 6
21 5


19582 21 6 5
21 6
21 5


19583 21 6 5
21 6
21 5


19584 21 6 5
21 6
21 5


19585 21 6 5
21 6
21 5


19586 21 6 5
21 6
21 5


19587 21 6 5
21 6
21 5


19588 21 6 5
21 6
21 5


19589 21 6 5
21 6
21 5


19590 21 6 5
21 6
21 5


19591 21 6 5
21 6
21 5


19592 21 6 5
21 6
21 5


19593 21 6 5
21 6
21 5


19594 21 6 5
21 6
21 5


19595 21 6 5
21 6
21 5


19596 21 6 5
21 6
21 5


19597 21 6 5
21 6
21 5


19598 21 6 5
21 6
21 5


19599 21 6 5
21 6
21 5


19600 21 6 5
21 6
21 5


19601 21 6 5
21 6
21 5


19602 21 6 5
21 6
21 5


19603 21 6 5
21 6
21 5


19604 21 6 5
21 6
21 5


19605 21 6 5
21 6
21 5


19606 21 6 5
21 6
21 5


19607 21 6 5
21 6
21 5


19608 21 6 5
21 6
21 5


19609 21 6 5
21 6
21 5


19610 21 6 5
21 6
21 5


19611 21 6 5
21 6
21 5


19612 21 6 5
21 6
21 5


19613 21 6 5
21 6
21 5


19614 21 6 5
21 6
21 5


19615 21 6 5
21 6
21 5


19616 21 6 5
21 6
21 5


19617 21 6 5
21 6
21 5


19618 21 6 5
21 6
21 5


19619 21 6 5
21 6
21 5


19620 21 6 5
21 6
21 5


19621 21 6 5
21 6
21 5


19622 21 6 5
21 6
21 5


19623 21 6 5
21 6
21 5


19624 21 6 5
21 6
21 5


19625 21 6 5
21 6
21 5


19626 21 6 5
21 6
21 5


19627 21 6 5
21 6
21 5


19628 21 6 5
21 6
21 5


19629 21 6 5
21 6
21 5


19630 21 6 5
21 6
21 5


19631 21 6 5
21 6
21 5


19632 21 6 5
21 6
21 5


19633 21 6 5
21 6
21 5


19634 21 6 5
21 6
21 5


19635 21 6 5
21 6
21 5


19636 21 6 5
21 6
21 5


19637 21 6 5
21 6
21 5


19638 21 6 5
21 6
21 5


19639 21 6 5
21 6
21 5


19640 21 6 5
21 6
21 5


19641 21 6 5
21 6
21 5


19642 21 6 5
21 6
21 5


19643 21 6 5
21 6
21 5


19644 21 6 5
21 6
21 5


19645 21 6 5
21 6
21 5


19646 21 6 5
21 6
21 5


19647 21 6 5
21 6
21 5


19648 21 6 5
21 6
21 5


19649 21 6 5
21 6
21 5


19650 21 6 5
21 6
21 5


19651 21 6 5
21 6
21 5


19652 21 6 5
21 6
21 5


19653 21 6 5
21 6
21 5


19654 21 6 5
21 6
21 5


19655 21 6 5
21 6
21 5


19656 21 6 5
21 6
21 5


19657 21 6 5
21 6
21 5


19658 21 6 5
21 6
21 5


19659 21 6 5
21 6
21 5


19660 21 6 5
21 6
21 5


19661 21 6 5
21 6
21 5


19662 21 6 5
21 6
21 5


19663 21 6 5
21 6
21 5


19664 21 6 5
21 6
21 5


19665 21 6 5
21 6
21 5


19666 21 6 5
21 6
21 5


19667 21 6 5
21 6
21 5


19668 21 6 5
21 6
21 5


19669 21 6 5
21 6
21 5


19670 21 6 5
21 6
21 5


19671 21 6 5
21 6
21 5


19672 21 6 5
21 6
21 5


19673 21 6 5
21 6
21 5


19674 21 6 5
21 6
21 5


19675 21 6 5
21 6
21 5


19676 21 6 5
21 6
21 5


19677 21 6 5
21 6
21 5


19678 21 6 5
21 6
21 5


19679 21 6 5
21 6
21 5


19680 21 6 5
21 6
21 5


19681 21 6 5
21 6
21 5


19682 21 6 5
21 6
21 5


19683 21 6 5
21 6
21 5


19684 21 6 5
21 6
21 5


19685 21 6 5
21 6
21 5


19686 21 6 5
21 6
21 5


19687 21 6 5
21 6
21 5


19688 21 6 5
21 6
21 5


19689 21 6 5
21 6
21 5


19690 21 6 5
21 6
21 5


19691 21 6 5
21 6
21 5


19692 21 6 5
21 6
21 5


19693 21 6 5
21 6
21 5


19694 21 6 5
21 6
21 5


19695 21 6 5
21 6
21 5


19696 21 6 5
21 6
21 5


19697 21 6 5
21 6
21 5


19698 21 6 5
21 6
21 5


19699 21 6 5
21 6
21 5


19700 21 6 5
21 6
21 5


19701 21 6 5
21 6
21 5


19702 21 6 5
21 6
21 5


19703 21 6 5
21 6
21 5


19704 21 6 5
21 6
21 5


19705 21 6 5
21 6
21 5


19706 21 6 5
21 6
21 5


19707 21 6 5
21 6
21 5


19708 21 6 5
21 6
21 5


19709 21 6 5
21 6
21 5


19710 21 6 5
21 6
21 5


19711 21 6 5
21 6
21 5


19712 21 6 5
21 6
21 5


19713 21 6 5
21 6
21 5


19714 21 6 5
21 6
21 5


19715 21 6 5
21 6
21 5


19716 21 6 5
21 6
21 5


19717 21 6 5
21 6
21 5


19718 21 6 5
21 6
21 5


19719 21 6 5
21 6
21 5


19720 21 6 5
21 6
21 5


19721 21 6 5
21 6
21 5


19722 21 6 5
21 6
21 5


19723 21 6 5
21 6
21 5


19724 21 6 5
21 6
21 5


19725 21 6 5
21 6
21 5


19726 21 6 5
21 6
21 5


19727 21 6 5
21 6
21 5


19728 21 6 5
21 6
21 5


19729 21 6 5
21 6
21 5


19730 21 6 5
21 6
21 5


19731 21 6 5
21 6
21 5


19732 21 6 5
21 6
21 5


19733 21 6 5
21 6
21 5


19734 21 6 5
21 6
21 5


19735 21 6 5
21 6
21 5


19736 21 6 5
21 6
21 5


19737 21 6 5
21 6
21 5


19738 21 6 5
21 6
21 5


19739 21 6 5
21 6
21 5


19740 21 6 5
21 6
21 5


19741 21 6 5
21 6
21 5


19742 21 6 5
21 6
21 5


19743 21 6 5
21 6
21 5


19744 21 6 5
21 6
21 5


19745 21 6 5
21 6
21 5


19746 21 6 5
21 6
21 5


19747 21 6 5
21 6
21 5


19748 21 6 5
21 6
21 5


19749 21 6 5
21 6
21 5


19750 21 6 5
21 6
21 5


19751 21 6 5
21 6
21 5


19752 21 6 5
21 6
21 5


19753 21 6 5
21 6
21 5


19754 21 6 5
21 6
21 5


19755 21 6 5
21 6
21 5


19756 21 6 5
21 6
21 5


19757 21 6 5
21 6
21 5


19758 21 6 5
21 6
21 5


19759 21 6 5
21 6
21 5


19760 21 6 5
21 6
21 5


19761 21 6 5
21 6
21 5


19762 21 6 5
21 6
21 5


19763 21 6 5
21 6
21 5


19764 21 6 5
21 6
21 5


19765 21 6 5
21 6
21 5


19766 21 6 5
21 6
21 5


19767 21 6 5
21 6
21 5


19768 21 6 5
21 6
21 5


19769 21 6 5
21 6
21 5


19770 21 6 5
21 6
21 5


19771 21 6 5
21 6
21 5


19772 21 6 5
21 6
21 5


19773 21 6 5
21 6
21 5


19774 21 6 5
21 6
21 5


19775 21 6 5
21 6
21 5


19776 21 6 5
21 6
21 5


19777 21 6 5
21 6
21 5


19778 21 6 5
21 6
21 5


19779 21 6 5
21 6
21 5


19780 21 6 5
21 6
21 5


19781 21 6 5
21 6
21 5


19782 21 6 5
21 6
21 5


19783 21 6 5
21 6
21 5


19784 21 6 5
21 6
21 5


19785 21 6 5
21 6
21 5


19786 21 6 5
21 6
21 5


19787 21 6 5
21 6
21 5


19788 21 6 5
21 6
21 5


19789 21 6 5
21 6
21 5


19790 21 6 5
21 6
21 5


19791 21 6 5
21 6
21 5


19792 21 6 5
21 6
21 5


19793 21 6 5
21 6
21 5


19794 21 6 5
21 6
21 5


19795 21 6 5
21 6
21 5


19796 21 6 5
21 6
21 5


19797 21 6 5
21 6
21 5


19798 21 6 5
21 6
21 5


19799 21 6 5
21 6
21 5


19800 21 6 5
21 6
21 5


19801 21 6 5
21 6
21 5


19802 21 6 5
21 6
21 5


19803 21 6 5
21 6
21 5


19804 21 6 5
21 6
21 5


19805 21 6 5
21 6
21 5


19806 21 6 5
21 6
21 5


19807 21 6 5
21 6
21 5


19808 21 6 5
21 6
21 5


19809 21 6 5
21 6
21 5


19810 21 6 5
21 6
21 5


19811 21 6 5
21 6
21 5


19812 21 6 5
21 6
21 5


19813 21 6 5
21 6
21 5


19814 21 6 5
21 6
21 5


19815 21 6 5
21 6
21 5


19816 21 6 5
21 6
21 5


19817 21 6 5
21 6
21 5


19818 21 6 5
21 6
21 5


19819 21 6 5
21 6
21 5


19820 21 6 5
21 6
21 5


19821 21 6 5
21 6
21 5


19822 21 6 5
21 6
21 5


19823 21 6 5
21 6
21 5


19824 21 6 5
21 6
21 5


19825 21 6 5
21 6
21 5


19826 21 6 5
21 6
21 5


19827 21 6 5
21 6
21 5


25028 20 5 16
20 5
20 16


25029 20 5 16
20 5
20 16


25030 20 5 16
20 5
20 16


25031 20 5 16
20 5
20 16


25032 20 5 16
20 5
20 16


25033 20 5 16
20 5
20 16


25034 20 5 16
20 5
20 16


25035 20 5 16
20 5
20 16


25036 20 5 16
20 5
20 16


25037 20 5 16
20 5
20 16


25038 20 5 16
20 5
20 16


25039 20 5 16
20 5
20 16


25040 20 5 16
20 5
20 16


25041 20 5 16
20 5
20 16


25042 20 5 16
20 5
20 16


25043 20 5 16
20 5
20 16


25044 20 5 16
20 5
20 16


25045 20 5 16
20 5
20 16


25046 20 5 16
20 5
20 16


25047 20 5 16
20 5
20 16


25048 20 5 16
20 5
20 16


25049 20 5 16
20 5
20 16


25050 20 5 16
20 5
20 16


25051 20 5 16
20 5
20 16


25052 20 5 16
20 5
20 16


25053 20 5 16
20 5
20 16


25054 20 5 16
20 5
20 16


25055 20 5 16
20 5
20 16


25056 20 5 16
20 5
20 16


25057 20 5 16
20 5
20 16


25058 20 5 16
20 5
20 16


25059 20 5 16
20 5
20 16


25060 20 5 16
20 5
20 16


25061 20 5 16
20 5
20 16


25062 20 5 16
20 5
20 16


25063 20 5 16
20 5
20 16


25064 20 5 16
20 5
20 16


25065 20 5 16
20 5
20 16


25066 20 5 16
20 5
20 16


25067 20 5 16
20 5
20 16


25068 20 5 16
20 5
20 16


25069 20 5 16
20 5
20 16


25070 20 5 16
20 5
20 16


25071 20 5 16
20 5
20 16


25072 20 5 16
20 5
20 16


25073 20 5 16
20 5
20 16


25074 20 5 16
20 5
20 16


25075 20 5 16
20 5
20 16


25076 20 5 16
20 5
20 16


25077 20 5 16
20 5
20 16


25078 20 5 16
20 5
20 16


25079 20 5 16
20 5
20 16


25080 20 5 16
20 5
20 16


25081 20 5 16
20 5
20 16


25082 20 5 16
20 5
20 16


25083 20 5 16
20 5
20 16


25084 20 5 16
20 5
20 16


25085 20 5 16
20 5
20 16


25086 20 5 16
20 5
20 16


25087 20 5 16
20 5
20 16


25088 20 5 16
20 5
20 16


25089 20 5 16
20 5
20 16


25090 20 5 16
20 5
20 16


25091 20 5 16
20 5
20 16


25092 20 5 16
20 5
20 16


25093 20 5 16
20 5
20 16


25094 20 5 16
20 5
20 16


25095 20 5 16
20 5
20 16


25096 20 5 16
20 5
20 16


25097 20 5 16
20 5
20 16


25098 20 5 16
20 5
20 16


25099 20 5 16
20 5
20 16


25100 20 5 16
20 5
20 16


25101 20 5 16
20 5
20 16


25102 20 5 16
20 5
20 16


25103 20 5 16
20 5
20 16


25104 20 5 16
20 5
20 16


25105 20 5 16
20 5
20 16


25106 20 5 16
20 5
20 16


25107 20 5 16
20 5
20 16


25108 20 5 16
20 5
20 16


25109 20 5 16
20 5
20 16


25110 20 5 16
20 5
20 16


25111 20 5 16
20 5
20 16


25112 20 5 16
20 5
20 16


25113 20 5 16
20 5
20 16


25114 20 5 16
20 5
20 16


25115 20 5 16
20 5
20 16


25116 20 5 16
20 5
20 16


25117 20 5 16
20 5
20 16


25118 20 5 16
20 5
20 16


25119 20 5 16
20 5
20 16


25120 20 5 16
20 5
20 16


25121 20 5 16
20 5
20 16


25122 20 5 16
20 5
20 16


25123 20 5 16
20 5
20 16


25124 20 5 16
20 5
20 16


25125 20 5 16
20 5
20 16


25126 20 5 16
20 5
20 16


25127 20 5 16
20 5
20 16


25128 20 5 16
20 5
20 16


25129 20 5 16
20 5
20 16


25130 20 5 16
20 5
20 16


25131 20 5 16
20 5
20 16


25132 20 5 16
20 5
20 16


25133 20 5 16
20 5
20 16


25134 20 5 16
20 5
20 16


25135 20 5 16
20 5
20 16


25136 20 5 16
20 5
20 16


25137 20 5 16
20 5
20 16


25138 20 5 16
20 5
20 16


25139 20 5 16
20 5
20 16


25140 20 5 16
20 5
20 16


25141 20 5 16
20 5
20 16


25142 20 5 16
20 5
20 16


25143 20 5 16
20 5
20 16


25144 20 5 16
20 5
20 16


25145 20 5 16
20 5
20 16


25146 20 5 16
20 5
20 16


25147 20 5 16
20 5
20 16


25148 20 5 16
20 5
20 16


25149 20 5 16
20 5
20 16


25150 20 5 16
20 5
20 16


25151 20 5 16
20 5
20 16


25152 20 5 16
20 5
20 16


25153 20 5 16
20 5
20 16


25154 20 5 16
20 5
20 16


25155 20 5 16
20 5
20 16


25156 20 5 16
20 5
20 16


25157 20 5 16
20 5
20 16


25158 20 5 16
20 5
20 16


25159 20 5 16
20 5
20 16


25160 20 5 16
20 5
20 16


25161 20 5 16
20 5
20 16


25162 20 5 16
20 5
20 16


25163 20 5 16
20 5
20 16


25164 20 5 16
20 5
20 16


25165 20 5 16
20 5
20 16


25166 20 5 16
20 5
20 16


25167 20 5 16
20 5
20 16


25168 20 5 16
20 5
20 16


25169 20 5 16
20 5
20 16


25170 20 5 16
20 5
20 16


25171 20 5 16
20 5
20 16


25172 20 5 16
20 5
20 16


25173 20 5 16
20 5
20 16


25174 20 5 16
20 5
20 16


25175 20 5 16
20 5
20 16


25176 20 5 16
20 5
20 16


25177 20 5 16
20 5
20 16


25178 20 5 16
20 5
20 16


25179 20 5 16
20 5
20 16


25180 20 5 16
20 5
20 16


25181 20 5 16
20 5
20 16


25182 20 5 16
20 5
20 16


25183 20 5 16
20 5
20 16


25184 20 5 16
20 5
20 16


25185 20 5 16
20 5
20 16


25186 20 5 16
20 5
20 16


25187 20 5 16
20 5
20 16


25188 20 5 16
20 5
20 16


25189 20 5 16
20 5
20 16


25190 20 5 16
20 5
20 16


25191 20 5 16
20 5
20 16


25192 20 5 16
20 5
20 16


25193 20 5 16
20 5
20 16


25194 20 5 16
20 5
20 16


25195 20 5 16
20 5
20 16


25196 20 5 16
20 5
20 16


25197 20 5 16
20 5
20 16


25198 20 5 16
20 5
20 16


25199 20 5 16
20 5
20 16


25200 20 5 16
20 5
20 16


25201 20 5 16
20 5
20 16


25202 20 5 16
20 5
20 16


25203 20 5 16
20 5
20 16


25204 20 5 16
20 5
20 16


25205 20 5 16
20 5
20 16


25206 20 5 16
20 5
20 16


25207 20 5 16
20 5
20 16


25208 20 5 16
20 5
20 16


25209 20 5 16
20 5
20 16


25210 20 5 16
20 5
20 16


25211 20 5 16
20 5
20 16


25212 20 5 16
20 5
20 16


25213 20 5 16
20 5
20 16


25214 20 5 16
20 5
20 16


25215 20 5 16
20 5
20 16


25216 20 5 16
20 5
20 16


25217 20 5 16
20 5
20 16


25218 20 5 16
20 5
20 16


25219 20 5 16
20 5
20 16


25220 20 5 16
20 5
20 16


25221 20 5 16
20 5
20 16


25222 20 5 16
20 5
20 16


25223 20 5 16
20 5
20 16


25224 20 5 16
20 5
20 16


25225 20 5 16
20 5
20 16


25226 20 5 16
20 5
20 16


25227 20 5 16
20 5
20 16


25228 20 5 16
20 5
20 16


25229 20 5 16
20 5
20 16


25230 20 5 16
20 5
20 16


25231 20 5 16
20 5
20 16


25232 20 5 16
20 5
20 16


25233 20 5 16
20 5
20 16


25234 20 5 16
20 5
20 16


25235 20 5 16
20 5
20 16


25236 20 5 16
20 5
20 16


25237 20 5 16
20 5
20 16


25238 20 5 16
20 5
20 16


25239 20 5 16
20 5
20 16


25240 20 5 16
20 5
20 16


25241 20 5 16
20 5
20 16


25242 20 5 16
20 5
20 16


25243 20 5 16
20 5
20 16


25244 20 5 16
20 5
20 16


25245 20 5 16
20 5
20 16


25246 20 5 16
20 5
20 16


25247 20 5 16
20 5
20 16


25248 20 5 16
20 5
20 16


25249 20 5 16
20 5
20 16


25250 20 5 16
20 5
20 16


25251 20 5 16
20 5
20 16


25252 20 5 16
20 5
20 16


25253 20 5 16
20 5
20 16


25254 20 5 16
20 5
20 16


25255 20 5 16
20 5
20 16


25256 20 5 16
20 5
20 16


25257 20 5 16
20 5
20 16


25258 20 5 16
20 5
20 16


25259 20 5 16
20 5
20 16


25260 20 5 16
20 5
20 16


25261 20 5 16
20 5
20 16


25262 20 5 16
20 5
20 16


25263 20 5 16
20 5
20 16


25264 20 5 16
20 5
20 16


25265 20 5 16
20 5
20 16


25266 20 5 16
20 5
20 16


25267 20 5 16
20 5
20 16


25268 20 5 16
20 5
20 16


25269 20 5 16
20 5
20 16


25270 20 5 16
20 5
20 16


25271 20 5 16
20 5
20 16


25272 20 5 16
20 5
20 16


25273 20 5 16
20 5
20 16


25274 20 5 16
20 5
20 16


25275 20 5 16
20 5
20 16


25276 20 5 16
20 5
20 16


25277 20 5 16
20 5
20 16


25278 20 5 16
20 5
20 16


25279 20 5 16
20 5
20 16


25280 20 5 16
20 5
20 16


25281 20 5 16
20 5
20 16


25282 20 5 16
20 5
20 16


25283 20 5 16
20 5
20 16


25284 20 5 16
20 5
20 16


25285 20 5 16
20 5
20 16


25286 20 5 16
20 5
20 16


25287 20 5 16
20 5
20 16


25288 20 5 16
20 5
20 16


25289 20 5 16
20 5
20 16


25290 20 5 16
20 5
20 16


25291 20 5 16
20 5
20 16


25292 20 5 16
20 5
20 16


25293 20 5 16
20 5
20 16


25294 20 5 16
20 5
20 16


25295 20 5 16
20 5
20 16


25296 20 5 16
20 5
20 16


25297 20 5 16
20 5
20 16


25298 20 5 16
20 5
20 16


25299 20 5 16
20 5
20 16


25300 20 5 16
20 5
20 16


25301 20 5 16
20 5
20 16


25302 20 5 16
20 5
20 16


25303 20 5 16
20 5
20 16


25304 20 5 16
20 5
20 16


25305 20 5 16
20 5
20 16


25306 20 5 16
20 5
20 16


25307 20 5 16
20 5
20 16


25308 20 5 16
20 5
20 16


25309 20 5 16
20 5
20 16


25310 20 5 16
20 5
20 16


25311 20 5 16
20 5
20 16


25312 20 5 16
20 5
20 16


25313 20 5 16
20 5
20 16


25314 20 5 16
20 5
20 16


25315 20 5 16
20 5
20 16


25316 20 5 16
20 5
20 16


25317 20 5 16
20 5
20 16


25318 20 5 16
20 5
20 16


25319 20 5 16
20 5
20 16


25320 20 5 16
20 5
20 16


25321 20 5 16
20 5
20 16


25322 20 5 16
20 5
20 16


25323 20 5 16
20 5
20 16


25324 20 5 16
20 5
20 16


25325 20 5 16
20 5
20 16


25326 20 5 16
20 5
20 16


25327 20 5 16
20 5
20 16


25328 20 5 16
20 5
20 16


25329 20 5 16
20 5
20 16


25330 20 5 16
20 5
20 16


25331 20 5 16
20 5
20 16


25332 20 5 16
20 5
20 16


25333 20 5 16
20 5
20 16


25334 20 5 16
20 5
20 16


25335 20 5 16
20 5
20 16


25336 20 5 16
20 5
20 16


25337 20 5 16
20 5
20 16


25338 20 5 16
20 5
20 16


25339 20 5 16
20 5
20 16


25340 20 5 16
20 5
20 16


25341 20 5 16
20 5
20 16


25342 20 5 16
20 5
20 16


25343 20 5 16
20 5
20 16


25344 20 5 16
20 5
20 16


25345 20 5 16
20 5
20 16


25346 20 5 16
20 5
20 16


25347 20 5 16
20 5
20 16


25348 20 5 16
20 5
20 16


25349 20 5 16
20 5
20 16


25350 20 5 16
20 5
20 16


25351 20 5 16
20 5
20 16


25352 20 5 16
20 5
20 16


25353 20 5 16
20 5
20 16


25354 20 5 16
20 5
20 16


25355 20 5 16
20 5
20 16


25356 20 5 16
20 5
20 16


25357 20 5 16
20 5
20 16


25358 20 5 16
20 5
20 16


25359 20 5 16
20 5
20 16


25360 20 5 16
20 5
20 16


25361 20 5 16
20 5
20 16


25362 20 5 16
20 5
20 16


25363 20 5 16
20 5
20 16


25364 20 5 16
20 5
20 16


25365 20 5 16
20 5
20 16


25366 20 5 16
20 5
20 16


25367 20 5 16
20 5
20 16


25368 20 5 16
20 5
20 16


25369 20 5 16
20 5
20 16


25370 20 5 16
20 5
20 16


25371 20 5 16
20 5
20 16


25372 20 5 16
20 5
20 16


25373 20 5 16
20 5
20 16


25374 20 5 16
20 5
20 16


25375 20 5 16
20 5
20 16


25376 20 5 16
20 5
20 16


25377 20 5 16
20 5
20 16


25378 20 5 16
20 5
20 16


25379 20 5 16
20 5
20 16


25380 20 5 16
20 5
20 16


25381 20 5 16
20 5
20 16


25382 20 5 16
20 5
20 16


25383 20 5 16
20 5
20 16


25384 20 5 16
20 5
20 16


25385 20 5 16
20 5
20 16


25386 20 5 16
20 5
20 16


25387 20 5 16
20 5
20 16


25388 20 5 16
20 5
20 16


25389 20 5 16
20 5
20 16


25390 20 5 16
20 5
20 16


25391 20 5 16
20 5
20 16


25392 20 5 16
20 5
20 16


25393 20 5 16
20 5
20 16


25394 20 5 16
20 5
20 16


25395 20 5 16
20 5
20 16


25396 20 5 16
20 5
20 16


25397 20 5 16
20 5
20 16


25398 20 5 16
20 5
20 16


25399 20 5 16
20 5
20 16


25400 20 5 16
20 5
20 16


25401 20 5 16
20 5
20 16


25402 20 5 16
20 5
20 16


25403 20 5 16
20 5
20 16


25404 20 5 16
20 5
20 16


25405 20 5 16
20 5
20 16


25406 20 5 16
20 5
20 16


25407 20 5 16
20 5
20 16


25408 20 5 16
20 5
20 16


25409 20 5 16
20 5
20 16


25410 20 5 16
20 5
20 16


25411 20 5 16
20 5
20 16


25412 20 5 16
20 5
20 16


25413 20 5 16
20 5
20 16


25414 20 5 16
20 5
20 16


25415 20 5 16
20 5
20 16


25416 20 5 16
20 5
20 16


25417 20 5 16
20 5
20 16


25418 20 5 16
20 5
20 16


25419 20 5 16
20 5
20 16


25420 20 5 16
20 5
20 16


25421 20 5 16
20 5
20 16


25422 20 5 16
20 5
20 16


25423 20 5 16
20 5
20 16


25424 20 5 16
20 5
20 16


25425 20 5 16
20 5
20 16


25426 20 5 16
20 5
20 16


25427 20 5 16
20 5
20 16


25428 20 5 16
20 5
20 16


25429 20 5 16
20 5
20 16


25430 20 5 16
20 5
20 16


25431 20 5 16
20 5
20 16


25432 20 5 16
20 5
20 16


25433 20 5 16
20 5
20 16


25434 20 5 16
20 5
20 16


25435 20 5 16
20 5
20 16


25436 20 5 16
20 5
20 16


25437 20 5 16
20 5
20 16


25438 20 5 16
20 5
20 16


25439 20 5 16
20 5
20 16


25440 20 5 16
20 5
20 16


25441 20 5 16
20 5
20 16


25442 20 5 16
20 5
20 16


25443 20 5 16
20 5
20 16


25444 20 5 16
20 5
20 16


25445 20 5 16
20 5
20 16


25446 20 5 16
20 5
20 16


25447 20 5 16
20 5
20 16


25448 20 5 16
20 5
20 16


25449 20 5 16
20 5
20 16


25450 20 5 16
20 5
20 16


25451 20 5 16
20 5
20 16


25452 20 5 16
20 5
20 16


25453 20 5 16
20 5
20 16


25454 20 5 16
20 5
20 16


25455 20 5 16
20 5
20 16


25456 20 5 16
20 5
20 16


25457 20 5 16
20 5
20 16


25458 20 5 16
20 5
20 16


25459 20 5 16
20 5
20 16


25460 20 5 16
20 5
20 16


25461 20 5 16
20 5
20 16


25462 20 5 16
20 5
20 16


25463 20 5 16
20 5
20 16


25464 20 5 16
20 5
20 16


25465 20 5 16
20 5
20 16


25466 20 5 16
20 5
20 16


25467 20 5 16
20 5
20 16


25468 20 5 16
20 5
20 16


25469 20 5 16
20 5
20 16


25470 20 5 16
20 5
20 16


25471 20 5 16
20 5
20 16


25472 20 5 16
20 5
20 16


25473 20 5 16
20 5
20 16


25474 20 5 16
20 5
20 16


25475 20 5 16
20 5
20 16


25476 20 5 16
20 5
20 16


25477 20 5 16
20 5
20 16


25478 20 5 16
20 5
20 16


25479 20 5 16
20 5
20 16


25480 20 5 16
20 5
20 16


25481 20 5 16
20 5
20 16


25482 20 5 16
20 5
20 16


25483 20 5 16
20 5
20 16


25484 20 5 16
20 5
20 16


25485 20 5 16
20 5
20 16


25486 20 5 16
20 5
20 16


25487 20 5 16
20 5
20 16


25488 20 5 16
20 5
20 16


25489 20 5 16
20 5
20 16


25490 20 5 16
20 5
20 16


25491 20 5 16
20 5
20 16


25492 20 5 16
20 5
20 16


25493 20 5 16
20 5
20 16


25494 20 5 16
20 5
20 16


25495 20 5 16
20 5
20 16


25496 20 5 16
20 5
20 16


25497 20 5 16
20 5
20 16


25498 20 5 16
20 5
20 16


25499 20 5 16
20 5
20 16


25500 20 5 16
20 5
20 16


25501 20 5 16
20 5
20 16


25502 20 5 16
20 5
20 16


25503 20 5 16
20 5
20 16


25504 20 5 16
20 5
20 16


25505 20 5 16
20 5
20 16


25506 20 5 16
20 5
20 16


25507 20 5 16
20 5
20 16


25508 20 5 16
20 5
20 16


25509 20 5 16
20 5
20 16


25510 20 5 16
20 5
20 16


25511 20 5 16
20 5
20 16


25512 20 5 16
20 5
20 16


25513 20 5 16
20 5
20 16


25514 20 5 16
20 5
20 16


25515 20 5 16
20 5
20 16


25516 20 5 16
20 5
20 16


25517 20 5 16
20 5
20 16


25518 20 5 16
20 5
20 16


25519 20 5 16
20 5
20 16


25520 20 5 16
20 5
20 16


25521 20 5 16
20 5
20 16


25522 20 5 16
20 5
20 16


25523 20 5 16
20 5
20 16


25524 20 5 16
20 5
20 16


25525 20 5 16
20 5
20 16


25526 20 5 16
20 5
20 16


25527 20 5 16
20 5
20 16


25528 20 5 16
20 5
20 16


25529 20 5 16
20 5
20 16


25530 20 5 16
20 5
20 16


25531 20 5 16
20 5
20 16


25532 20 5 16
20 5
20 16


25533 20 5 16
20 5
20 16


25534 20 5 16
20 5
20 16


25535 20 5 16
20 5
20 16


25536 20 5 16
20 5
20 16


25537 20 5 16
20 5
20 16


25538 20 5 16
20 5
20 16


25539 20 5 16
20 5
20 16


