0 2 5 3
2 5
2 3


1 2 5 3
2 5
2 3


2 2 5 3
2 5
2 3


3 2 5 3
2 5
2 3


4 2 5 3
2 5
2 3


5 2 5 3
2 5
2 3


6 2 5 3
2 5
2 3


7 2 5 3
2 5
2 3


8 2 5 3
2 5
2 3


9 2 5 3
2 5
2 3


10 2 5 3
2 5
2 3


11 2 5 3
2 5
2 3


12 2 5 3
2 5
2 3


13 2 5 3
2 5
2 3


14 2 5 3
2 5
2 3


15 2 5 3
2 5
2 3


16 2 5 3
2 5
2 3


17 2 5 3
2 5
2 3


18 2 5 3
2 5
2 3


19 2 5 3
2 5
2 3


20 2 5 3
2 5
2 3


21 2 5 3
2 5
2 3


22 2 5 3
2 5
2 3


23 2 5 3
2 5
2 3


24 2 5 3
2 5
2 3


25 2 5 3
2 5
2 3


26 2 5 3
2 5
2 3


27 2 5 3
2 5
2 3


28 2 5 3
2 5
2 3


29 2 5 3
2 5
2 3


30 2 5 3
2 5
2 3


31 2 5 3
2 5
2 3


32 2 5 3
2 5
2 3


33 2 5 3
2 5
2 3


34 2 5 3
2 5
2 3


35 2 5 3
2 5
2 3


36 2 5 3
2 5
2 3


37 2 5 3
2 5
2 3


38 2 5 3
2 5
2 3


39 2 5 3
2 5
2 3


40 2 5 3
2 5
2 3


41 2 5 3
2 5
2 3


42 2 5 3
2 5
2 3


43 2 5 3
2 5
2 3


44 2 5 3
2 5
2 3


45 2 5 3
2 5
2 3


46 2 5 3
2 5
2 3


47 2 5 3
2 5
2 3


48 2 5 3
2 5
2 3


49 2 5 3
2 5
2 3


50 2 5 3
2 5
2 3


51 2 5 3
2 5
2 3


52 2 5 3
2 5
2 3


53 2 5 3
2 5
2 3


54 2 5 3
2 5
2 3


55 2 5 3
2 5
2 3


56 2 5 3
2 5
2 3


57 2 5 3
2 5
2 3


58 2 5 3
2 5
2 3


59 2 5 3
2 5
2 3


60 2 5 3
2 5
2 3


61 2 5 3
2 5
2 3


62 2 5 3
2 5
2 3


63 2 5 3
2 5
2 3


324 0 10 15
0 10
0 15


325 0 10 15
0 10
0 15


326 0 10 15
0 10
0 15


327 0 10 15
0 10
0 15


328 0 10 15
0 10
0 15


329 0 10 15
0 10
0 15


330 0 10 15
0 10
0 15


331 0 10 15
0 10
0 15


332 0 10 15
0 10
0 15


333 0 10 15
0 10
0 15


334 0 10 15
0 10
0 15


335 0 10 15
0 10
0 15


336 0 10 15
0 10
0 15


337 0 10 15
0 10
0 15


338 0 10 15
0 10
0 15


339 0 10 15
0 10
0 15


340 0 10 15
0 10
0 15


341 0 10 15
0 10
0 15


342 0 10 15
0 10
0 15


343 0 10 15
0 10
0 15


344 0 10 15
0 10
0 15


345 0 10 15
0 10
0 15


346 0 10 15
0 10
0 15


347 0 10 15
0 10
0 15


348 0 10 15
0 10
0 15


349 0 10 15
0 10
0 15


350 0 10 15
0 10
0 15


351 0 10 15
0 10
0 15


352 0 10 15
0 10
0 15


353 0 10 15
0 10
0 15


354 0 10 15
0 10
0 15


355 0 10 15
0 10
0 15


356 0 10 15
0 10
0 15


357 0 10 15
0 10
0 15


358 0 10 15
0 10
0 15


359 0 10 15
0 10
0 15


360 0 10 15
0 10
0 15


361 0 10 15
0 10
0 15


362 0 10 15
0 10
0 15


363 0 10 15
0 10
0 15


364 0 10 15
0 10
0 15


365 0 10 15
0 10
0 15


366 0 10 15
0 10
0 15


367 0 10 15
0 10
0 15


368 0 10 15
0 10
0 15


369 0 10 15
0 10
0 15


370 0 10 15
0 10
0 15


371 0 10 15
0 10
0 15


372 0 10 15
0 10
0 15


373 0 10 15
0 10
0 15


374 0 10 15
0 10
0 15


375 0 10 15
0 10
0 15


376 0 10 15
0 10
0 15


377 0 10 15
0 10
0 15


378 0 10 15
0 10
0 15


379 0 10 15
0 10
0 15


380 0 10 15
0 10
0 15


381 0 10 15
0 10
0 15


382 0 10 15
0 10
0 15


383 0 10 15
0 10
0 15


384 0 10 15
0 10
0 15


385 0 10 15
0 10
0 15


386 0 10 15
0 10
0 15


387 0 10 15
0 10
0 15


648 6 12 0
6 12
6 0


649 6 12 0
6 12
6 0


650 6 12 0
6 12
6 0


651 6 12 0
6 12
6 0


652 6 12 0
6 12
6 0


653 6 12 0
6 12
6 0


654 6 12 0
6 12
6 0


655 6 12 0
6 12
6 0


656 6 12 0
6 12
6 0


657 6 12 0
6 12
6 0


658 6 12 0
6 12
6 0


659 6 12 0
6 12
6 0


660 6 12 0
6 12
6 0


661 6 12 0
6 12
6 0


662 6 12 0
6 12
6 0


663 6 12 0
6 12
6 0


664 6 12 0
6 12
6 0


665 6 12 0
6 12
6 0


666 6 12 0
6 12
6 0


667 6 12 0
6 12
6 0


668 6 12 0
6 12
6 0


669 6 12 0
6 12
6 0


670 6 12 0
6 12
6 0


671 6 12 0
6 12
6 0


672 6 12 0
6 12
6 0


673 6 12 0
6 12
6 0


674 6 12 0
6 12
6 0


675 6 12 0
6 12
6 0


676 6 12 0
6 12
6 0


677 6 12 0
6 12
6 0


678 6 12 0
6 12
6 0


679 6 12 0
6 12
6 0


680 6 12 0
6 12
6 0


681 6 12 0
6 12
6 0


682 6 12 0
6 12
6 0


683 6 12 0
6 12
6 0


684 6 12 0
6 12
6 0


685 6 12 0
6 12
6 0


686 6 12 0
6 12
6 0


687 6 12 0
6 12
6 0


688 6 12 0
6 12
6 0


689 6 12 0
6 12
6 0


690 6 12 0
6 12
6 0


691 6 12 0
6 12
6 0


692 6 12 0
6 12
6 0


693 6 12 0
6 12
6 0


694 6 12 0
6 12
6 0


695 6 12 0
6 12
6 0


696 6 12 0
6 12
6 0


697 6 12 0
6 12
6 0


698 6 12 0
6 12
6 0


699 6 12 0
6 12
6 0


700 6 12 0
6 12
6 0


701 6 12 0
6 12
6 0


702 6 12 0
6 12
6 0


703 6 12 0
6 12
6 0


704 6 12 0
6 12
6 0


705 6 12 0
6 12
6 0


706 6 12 0
6 12
6 0


707 6 12 0
6 12
6 0


708 6 12 0
6 12
6 0


709 6 12 0
6 12
6 0


710 6 12 0
6 12
6 0


711 6 12 0
6 12
6 0


972 9 3 6
9 3
9 6


973 9 3 6
9 3
9 6


974 9 3 6
9 3
9 6


975 9 3 6
9 3
9 6


976 9 3 6
9 3
9 6


977 9 3 6
9 3
9 6


978 9 3 6
9 3
9 6


979 9 3 6
9 3
9 6


980 9 3 6
9 3
9 6


981 9 3 6
9 3
9 6


982 9 3 6
9 3
9 6


983 9 3 6
9 3
9 6


984 9 3 6
9 3
9 6


985 9 3 6
9 3
9 6


986 9 3 6
9 3
9 6


987 9 3 6
9 3
9 6


988 9 3 6
9 3
9 6


989 9 3 6
9 3
9 6


990 9 3 6
9 3
9 6


991 9 3 6
9 3
9 6


992 9 3 6
9 3
9 6


993 9 3 6
9 3
9 6


994 9 3 6
9 3
9 6


995 9 3 6
9 3
9 6


996 9 3 6
9 3
9 6


997 9 3 6
9 3
9 6


998 9 3 6
9 3
9 6


999 9 3 6
9 3
9 6


1000 9 3 6
9 3
9 6


1001 9 3 6
9 3
9 6


1002 9 3 6
9 3
9 6


1003 9 3 6
9 3
9 6


1004 9 3 6
9 3
9 6


1005 9 3 6
9 3
9 6


1006 9 3 6
9 3
9 6


1007 9 3 6
9 3
9 6


1008 9 3 6
9 3
9 6


1009 9 3 6
9 3
9 6


1010 9 3 6
9 3
9 6


1011 9 3 6
9 3
9 6


1012 9 3 6
9 3
9 6


1013 9 3 6
9 3
9 6


1014 9 3 6
9 3
9 6


1015 9 3 6
9 3
9 6


1016 9 3 6
9 3
9 6


1017 9 3 6
9 3
9 6


1018 9 3 6
9 3
9 6


1019 9 3 6
9 3
9 6


1020 9 3 6
9 3
9 6


1021 9 3 6
9 3
9 6


1022 9 3 6
9 3
9 6


1023 9 3 6
9 3
9 6


1024 9 3 6
9 3
9 6


1025 9 3 6
9 3
9 6


1026 9 3 6
9 3
9 6


1027 9 3 6
9 3
9 6


1028 9 3 6
9 3
9 6


1029 9 3 6
9 3
9 6


1030 9 3 6
9 3
9 6


1031 9 3 6
9 3
9 6


1032 9 3 6
9 3
9 6


1033 9 3 6
9 3
9 6


1034 9 3 6
9 3
9 6


1035 9 3 6
9 3
9 6


1296 5 15 9
5 15
5 9


1297 5 15 9
5 15
5 9


1298 5 15 9
5 15
5 9


1299 5 15 9
5 15
5 9


1300 5 15 9
5 15
5 9


1301 5 15 9
5 15
5 9


1302 5 15 9
5 15
5 9


1303 5 15 9
5 15
5 9


1304 5 15 9
5 15
5 9


1305 5 15 9
5 15
5 9


1306 5 15 9
5 15
5 9


1307 5 15 9
5 15
5 9


1308 5 15 9
5 15
5 9


1309 5 15 9
5 15
5 9


1310 5 15 9
5 15
5 9


1311 5 15 9
5 15
5 9


1312 5 15 9
5 15
5 9


1313 5 15 9
5 15
5 9


1314 5 15 9
5 15
5 9


1315 5 15 9
5 15
5 9


1316 5 15 9
5 15
5 9


1317 5 15 9
5 15
5 9


1318 5 15 9
5 15
5 9


1319 5 15 9
5 15
5 9


1320 5 15 9
5 15
5 9


1321 5 15 9
5 15
5 9


1322 5 15 9
5 15
5 9


1323 5 15 9
5 15
5 9


1324 5 15 9
5 15
5 9


1325 5 15 9
5 15
5 9


1326 5 15 9
5 15
5 9


1327 5 15 9
5 15
5 9


1328 5 15 9
5 15
5 9


1329 5 15 9
5 15
5 9


1330 5 15 9
5 15
5 9


1331 5 15 9
5 15
5 9


1332 5 15 9
5 15
5 9


1333 5 15 9
5 15
5 9


1334 5 15 9
5 15
5 9


1335 5 15 9
5 15
5 9


1336 5 15 9
5 15
5 9


1337 5 15 9
5 15
5 9


1338 5 15 9
5 15
5 9


1339 5 15 9
5 15
5 9


1340 5 15 9
5 15
5 9


1341 5 15 9
5 15
5 9


1342 5 15 9
5 15
5 9


1343 5 15 9
5 15
5 9


1344 5 15 9
5 15
5 9


1345 5 15 9
5 15
5 9


1346 5 15 9
5 15
5 9


1347 5 15 9
5 15
5 9


1348 5 15 9
5 15
5 9


1349 5 15 9
5 15
5 9


1350 5 15 9
5 15
5 9


1351 5 15 9
5 15
5 9


1352 5 15 9
5 15
5 9


1353 5 15 9
5 15
5 9


1354 5 15 9
5 15
5 9


1355 5 15 9
5 15
5 9


1356 5 15 9
5 15
5 9


1357 5 15 9
5 15
5 9


1358 5 15 9
5 15
5 9


1359 5 15 9
5 15
5 9


1360 5 15 9
5 15
5 9


1361 5 15 9
5 15
5 9


1362 5 15 9
5 15
5 9


1363 5 15 9
5 15
5 9


1364 5 15 9
5 15
5 9


1365 5 15 9
5 15
5 9


1366 5 15 9
5 15
5 9


1367 5 15 9
5 15
5 9


1368 5 15 9
5 15
5 9


1369 5 15 9
5 15
5 9


1370 5 15 9
5 15
5 9


1371 5 15 9
5 15
5 9


1372 5 15 9
5 15
5 9


1373 5 15 9
5 15
5 9


1374 5 15 9
5 15
5 9


1375 5 15 9
5 15
5 9


1376 5 15 9
5 15
5 9


1377 5 15 9
5 15
5 9


1378 5 15 9
5 15
5 9


1379 5 15 9
5 15
5 9


1380 5 15 9
5 15
5 9


1381 5 15 9
5 15
5 9


1382 5 15 9
5 15
5 9


1383 5 15 9
5 15
5 9


1384 5 15 9
5 15
5 9


1385 5 15 9
5 15
5 9


1386 5 15 9
5 15
5 9


1387 5 15 9
5 15
5 9


1388 5 15 9
5 15
5 9


1389 5 15 9
5 15
5 9


1390 5 15 9
5 15
5 9


1391 5 15 9
5 15
5 9


1392 5 15 9
5 15
5 9


1393 5 15 9
5 15
5 9


1394 5 15 9
5 15
5 9


1395 5 15 9
5 15
5 9


1396 5 15 9
5 15
5 9


1397 5 15 9
5 15
5 9


1398 5 15 9
5 15
5 9


1399 5 15 9
5 15
5 9


1400 5 15 9
5 15
5 9


1401 5 15 9
5 15
5 9


1402 5 15 9
5 15
5 9


1403 5 15 9
5 15
5 9


1404 5 15 9
5 15
5 9


1405 5 15 9
5 15
5 9


1406 5 15 9
5 15
5 9


1407 5 15 9
5 15
5 9


1408 5 15 9
5 15
5 9


1409 5 15 9
5 15
5 9


1410 5 15 9
5 15
5 9


1411 5 15 9
5 15
5 9


1412 5 15 9
5 15
5 9


1413 5 15 9
5 15
5 9


1414 5 15 9
5 15
5 9


1415 5 15 9
5 15
5 9


1416 5 15 9
5 15
5 9


1417 5 15 9
5 15
5 9


1418 5 15 9
5 15
5 9


1419 5 15 9
5 15
5 9


1420 5 15 9
5 15
5 9


1421 5 15 9
5 15
5 9


1422 5 15 9
5 15
5 9


1423 5 15 9
5 15
5 9


1424 5 15 9
5 15
5 9


1425 5 15 9
5 15
5 9


1426 5 15 9
5 15
5 9


1427 5 15 9
5 15
5 9


1428 5 15 9
5 15
5 9


1429 5 15 9
5 15
5 9


1430 5 15 9
5 15
5 9


1431 5 15 9
5 15
5 9


1432 5 15 9
5 15
5 9


1433 5 15 9
5 15
5 9


1434 5 15 9
5 15
5 9


1435 5 15 9
5 15
5 9


1436 5 15 9
5 15
5 9


1437 5 15 9
5 15
5 9


1438 5 15 9
5 15
5 9


1439 5 15 9
5 15
5 9


1440 5 15 9
5 15
5 9


1441 5 15 9
5 15
5 9


1442 5 15 9
5 15
5 9


1443 5 15 9
5 15
5 9


1444 5 15 9
5 15
5 9


1445 5 15 9
5 15
5 9


1446 5 15 9
5 15
5 9


1447 5 15 9
5 15
5 9


1448 5 15 9
5 15
5 9


1449 5 15 9
5 15
5 9


1450 5 15 9
5 15
5 9


1451 5 15 9
5 15
5 9


1452 5 15 9
5 15
5 9


1453 5 15 9
5 15
5 9


1454 5 15 9
5 15
5 9


1455 5 15 9
5 15
5 9


1456 5 15 9
5 15
5 9


1457 5 15 9
5 15
5 9


1458 5 15 9
5 15
5 9


1459 5 15 9
5 15
5 9


1460 5 15 9
5 15
5 9


1461 5 15 9
5 15
5 9


1462 5 15 9
5 15
5 9


1463 5 15 9
5 15
5 9


1464 5 15 9
5 15
5 9


1465 5 15 9
5 15
5 9


1466 5 15 9
5 15
5 9


1467 5 15 9
5 15
5 9


1468 5 15 9
5 15
5 9


1469 5 15 9
5 15
5 9


1470 5 15 9
5 15
5 9


1471 5 15 9
5 15
5 9


1472 5 15 9
5 15
5 9


1473 5 15 9
5 15
5 9


1474 5 15 9
5 15
5 9


1475 5 15 9
5 15
5 9


1476 5 15 9
5 15
5 9


1477 5 15 9
5 15
5 9


1478 5 15 9
5 15
5 9


1479 5 15 9
5 15
5 9


1480 5 15 9
5 15
5 9


1481 5 15 9
5 15
5 9


1482 5 15 9
5 15
5 9


1483 5 15 9
5 15
5 9


1484 5 15 9
5 15
5 9


1485 5 15 9
5 15
5 9


1486 5 15 9
5 15
5 9


1487 5 15 9
5 15
5 9


1488 5 15 9
5 15
5 9


1489 5 15 9
5 15
5 9


1490 5 15 9
5 15
5 9


1491 5 15 9
5 15
5 9


1492 5 15 9
5 15
5 9


1493 5 15 9
5 15
5 9


1494 5 15 9
5 15
5 9


1495 5 15 9
5 15
5 9


1496 5 15 9
5 15
5 9


1497 5 15 9
5 15
5 9


1498 5 15 9
5 15
5 9


1499 5 15 9
5 15
5 9


1500 5 15 9
5 15
5 9


1501 5 15 9
5 15
5 9


1502 5 15 9
5 15
5 9


1503 5 15 9
5 15
5 9


1504 5 15 9
5 15
5 9


1505 5 15 9
5 15
5 9


1506 5 15 9
5 15
5 9


1507 5 15 9
5 15
5 9


1508 5 15 9
5 15
5 9


1509 5 15 9
5 15
5 9


1510 5 15 9
5 15
5 9


1511 5 15 9
5 15
5 9


1512 5 15 9
5 15
5 9


1513 5 15 9
5 15
5 9


1514 5 15 9
5 15
5 9


1515 5 15 9
5 15
5 9


1516 5 15 9
5 15
5 9


1517 5 15 9
5 15
5 9


1518 5 15 9
5 15
5 9


1519 5 15 9
5 15
5 9


1520 5 15 9
5 15
5 9


1521 5 15 9
5 15
5 9


1522 5 15 9
5 15
5 9


1523 5 15 9
5 15
5 9


1524 5 15 9
5 15
5 9


1525 5 15 9
5 15
5 9


1526 5 15 9
5 15
5 9


1527 5 15 9
5 15
5 9


1528 5 15 9
5 15
5 9


1529 5 15 9
5 15
5 9


1530 5 15 9
5 15
5 9


1531 5 15 9
5 15
5 9


1532 5 15 9
5 15
5 9


1533 5 15 9
5 15
5 9


1534 5 15 9
5 15
5 9


1535 5 15 9
5 15
5 9


1536 5 15 9
5 15
5 9


1537 5 15 9
5 15
5 9


1538 5 15 9
5 15
5 9


1539 5 15 9
5 15
5 9


1540 5 15 9
5 15
5 9


1541 5 15 9
5 15
5 9


1542 5 15 9
5 15
5 9


1543 5 15 9
5 15
5 9


1544 5 15 9
5 15
5 9


1545 5 15 9
5 15
5 9


1546 5 15 9
5 15
5 9


1547 5 15 9
5 15
5 9


1548 5 15 9
5 15
5 9


1549 5 15 9
5 15
5 9


1550 5 15 9
5 15
5 9


1551 5 15 9
5 15
5 9


2580 10 0 5
10 0
10 5


2581 10 0 5
10 0
10 5


2582 10 0 5
10 0
10 5


2583 10 0 5
10 0
10 5


2584 10 0 5
10 0
10 5


2585 10 0 5
10 0
10 5


2586 10 0 5
10 0
10 5


2587 10 0 5
10 0
10 5


2588 10 0 5
10 0
10 5


2589 10 0 5
10 0
10 5


2590 10 0 5
10 0
10 5


2591 10 0 5
10 0
10 5


2592 10 0 5
10 0
10 5


2593 10 0 5
10 0
10 5


2594 10 0 5
10 0
10 5


2595 10 0 5
10 0
10 5


2596 10 0 5
10 0
10 5


2597 10 0 5
10 0
10 5


2598 10 0 5
10 0
10 5


2599 10 0 5
10 0
10 5


2600 10 0 5
10 0
10 5


2601 10 0 5
10 0
10 5


2602 10 0 5
10 0
10 5


2603 10 0 5
10 0
10 5


2604 10 0 5
10 0
10 5


2605 10 0 5
10 0
10 5


2606 10 0 5
10 0
10 5


2607 10 0 5
10 0
10 5


2608 10 0 5
10 0
10 5


2609 10 0 5
10 0
10 5


2610 10 0 5
10 0
10 5


2611 10 0 5
10 0
10 5


2612 10 0 5
10 0
10 5


2613 10 0 5
10 0
10 5


2614 10 0 5
10 0
10 5


2615 10 0 5
10 0
10 5


2616 10 0 5
10 0
10 5


2617 10 0 5
10 0
10 5


2618 10 0 5
10 0
10 5


2619 10 0 5
10 0
10 5


2620 10 0 5
10 0
10 5


2621 10 0 5
10 0
10 5


2622 10 0 5
10 0
10 5


2623 10 0 5
10 0
10 5


2624 10 0 5
10 0
10 5


2625 10 0 5
10 0
10 5


2626 10 0 5
10 0
10 5


2627 10 0 5
10 0
10 5


2628 10 0 5
10 0
10 5


2629 10 0 5
10 0
10 5


2630 10 0 5
10 0
10 5


2631 10 0 5
10 0
10 5


2632 10 0 5
10 0
10 5


2633 10 0 5
10 0
10 5


2634 10 0 5
10 0
10 5


2635 10 0 5
10 0
10 5


2636 10 0 5
10 0
10 5


2637 10 0 5
10 0
10 5


2638 10 0 5
10 0
10 5


2639 10 0 5
10 0
10 5


2640 10 0 5
10 0
10 5


2641 10 0 5
10 0
10 5


2642 10 0 5
10 0
10 5


2643 10 0 5
10 0
10 5


2644 10 0 5
10 0
10 5


2645 10 0 5
10 0
10 5


2646 10 0 5
10 0
10 5


2647 10 0 5
10 0
10 5


2648 10 0 5
10 0
10 5


2649 10 0 5
10 0
10 5


2650 10 0 5
10 0
10 5


2651 10 0 5
10 0
10 5


2652 10 0 5
10 0
10 5


2653 10 0 5
10 0
10 5


2654 10 0 5
10 0
10 5


2655 10 0 5
10 0
10 5


2656 10 0 5
10 0
10 5


2657 10 0 5
10 0
10 5


2658 10 0 5
10 0
10 5


2659 10 0 5
10 0
10 5


2660 10 0 5
10 0
10 5


2661 10 0 5
10 0
10 5


2662 10 0 5
10 0
10 5


2663 10 0 5
10 0
10 5


2664 10 0 5
10 0
10 5


2665 10 0 5
10 0
10 5


2666 10 0 5
10 0
10 5


2667 10 0 5
10 0
10 5


2668 10 0 5
10 0
10 5


2669 10 0 5
10 0
10 5


2670 10 0 5
10 0
10 5


2671 10 0 5
10 0
10 5


2672 10 0 5
10 0
10 5


2673 10 0 5
10 0
10 5


2674 10 0 5
10 0
10 5


2675 10 0 5
10 0
10 5


2676 10 0 5
10 0
10 5


2677 10 0 5
10 0
10 5


2678 10 0 5
10 0
10 5


2679 10 0 5
10 0
10 5


2680 10 0 5
10 0
10 5


2681 10 0 5
10 0
10 5


2682 10 0 5
10 0
10 5


2683 10 0 5
10 0
10 5


2684 10 0 5
10 0
10 5


2685 10 0 5
10 0
10 5


2686 10 0 5
10 0
10 5


2687 10 0 5
10 0
10 5


2688 10 0 5
10 0
10 5


2689 10 0 5
10 0
10 5


2690 10 0 5
10 0
10 5


2691 10 0 5
10 0
10 5


2692 10 0 5
10 0
10 5


2693 10 0 5
10 0
10 5


2694 10 0 5
10 0
10 5


2695 10 0 5
10 0
10 5


2696 10 0 5
10 0
10 5


2697 10 0 5
10 0
10 5


2698 10 0 5
10 0
10 5


2699 10 0 5
10 0
10 5


2700 10 0 5
10 0
10 5


2701 10 0 5
10 0
10 5


2702 10 0 5
10 0
10 5


2703 10 0 5
10 0
10 5


2704 10 0 5
10 0
10 5


2705 10 0 5
10 0
10 5


2706 10 0 5
10 0
10 5


2707 10 0 5
10 0
10 5


2708 10 0 5
10 0
10 5


2709 10 0 5
10 0
10 5


2710 10 0 5
10 0
10 5


2711 10 0 5
10 0
10 5


2712 10 0 5
10 0
10 5


2713 10 0 5
10 0
10 5


2714 10 0 5
10 0
10 5


2715 10 0 5
10 0
10 5


2716 10 0 5
10 0
10 5


2717 10 0 5
10 0
10 5


2718 10 0 5
10 0
10 5


2719 10 0 5
10 0
10 5


2720 10 0 5
10 0
10 5


2721 10 0 5
10 0
10 5


2722 10 0 5
10 0
10 5


2723 10 0 5
10 0
10 5


2724 10 0 5
10 0
10 5


2725 10 0 5
10 0
10 5


2726 10 0 5
10 0
10 5


2727 10 0 5
10 0
10 5


2728 10 0 5
10 0
10 5


2729 10 0 5
10 0
10 5


2730 10 0 5
10 0
10 5


2731 10 0 5
10 0
10 5


2732 10 0 5
10 0
10 5


2733 10 0 5
10 0
10 5


2734 10 0 5
10 0
10 5


2735 10 0 5
10 0
10 5


2736 10 0 5
10 0
10 5


2737 10 0 5
10 0
10 5


2738 10 0 5
10 0
10 5


2739 10 0 5
10 0
10 5


2740 10 0 5
10 0
10 5


2741 10 0 5
10 0
10 5


2742 10 0 5
10 0
10 5


2743 10 0 5
10 0
10 5


2744 10 0 5
10 0
10 5


2745 10 0 5
10 0
10 5


2746 10 0 5
10 0
10 5


2747 10 0 5
10 0
10 5


2748 10 0 5
10 0
10 5


2749 10 0 5
10 0
10 5


2750 10 0 5
10 0
10 5


2751 10 0 5
10 0
10 5


2752 10 0 5
10 0
10 5


2753 10 0 5
10 0
10 5


2754 10 0 5
10 0
10 5


2755 10 0 5
10 0
10 5


2756 10 0 5
10 0
10 5


2757 10 0 5
10 0
10 5


2758 10 0 5
10 0
10 5


2759 10 0 5
10 0
10 5


2760 10 0 5
10 0
10 5


2761 10 0 5
10 0
10 5


2762 10 0 5
10 0
10 5


2763 10 0 5
10 0
10 5


2764 10 0 5
10 0
10 5


2765 10 0 5
10 0
10 5


2766 10 0 5
10 0
10 5


2767 10 0 5
10 0
10 5


2768 10 0 5
10 0
10 5


2769 10 0 5
10 0
10 5


2770 10 0 5
10 0
10 5


2771 10 0 5
10 0
10 5


2772 10 0 5
10 0
10 5


2773 10 0 5
10 0
10 5


2774 10 0 5
10 0
10 5


2775 10 0 5
10 0
10 5


2776 10 0 5
10 0
10 5


2777 10 0 5
10 0
10 5


2778 10 0 5
10 0
10 5


2779 10 0 5
10 0
10 5


2780 10 0 5
10 0
10 5


2781 10 0 5
10 0
10 5


2782 10 0 5
10 0
10 5


2783 10 0 5
10 0
10 5


2784 10 0 5
10 0
10 5


2785 10 0 5
10 0
10 5


2786 10 0 5
10 0
10 5


2787 10 0 5
10 0
10 5


2788 10 0 5
10 0
10 5


2789 10 0 5
10 0
10 5


2790 10 0 5
10 0
10 5


2791 10 0 5
10 0
10 5


2792 10 0 5
10 0
10 5


2793 10 0 5
10 0
10 5


2794 10 0 5
10 0
10 5


2795 10 0 5
10 0
10 5


2796 10 0 5
10 0
10 5


2797 10 0 5
10 0
10 5


2798 10 0 5
10 0
10 5


2799 10 0 5
10 0
10 5


2800 10 0 5
10 0
10 5


2801 10 0 5
10 0
10 5


2802 10 0 5
10 0
10 5


2803 10 0 5
10 0
10 5


2804 10 0 5
10 0
10 5


2805 10 0 5
10 0
10 5


2806 10 0 5
10 0
10 5


2807 10 0 5
10 0
10 5


2808 10 0 5
10 0
10 5


2809 10 0 5
10 0
10 5


2810 10 0 5
10 0
10 5


2811 10 0 5
10 0
10 5


2812 10 0 5
10 0
10 5


2813 10 0 5
10 0
10 5


2814 10 0 5
10 0
10 5


2815 10 0 5
10 0
10 5


2816 10 0 5
10 0
10 5


2817 10 0 5
10 0
10 5


2818 10 0 5
10 0
10 5


2819 10 0 5
10 0
10 5


2820 10 0 5
10 0
10 5


2821 10 0 5
10 0
10 5


2822 10 0 5
10 0
10 5


2823 10 0 5
10 0
10 5


2824 10 0 5
10 0
10 5


2825 10 0 5
10 0
10 5


2826 10 0 5
10 0
10 5


2827 10 0 5
10 0
10 5


2828 10 0 5
10 0
10 5


2829 10 0 5
10 0
10 5


2830 10 0 5
10 0
10 5


2831 10 0 5
10 0
10 5


2832 10 0 5
10 0
10 5


2833 10 0 5
10 0
10 5


2834 10 0 5
10 0
10 5


2835 10 0 5
10 0
10 5


2836 10 0 5
10 0
10 5


2837 10 0 5
10 0
10 5


2838 10 0 5
10 0
10 5


2839 10 0 5
10 0
10 5


2840 10 0 5
10 0
10 5


2841 10 0 5
10 0
10 5


2842 10 0 5
10 0
10 5


2843 10 0 5
10 0
10 5


2844 10 0 5
10 0
10 5


2845 10 0 5
10 0
10 5


2846 10 0 5
10 0
10 5


2847 10 0 5
10 0
10 5


2848 10 0 5
10 0
10 5


2849 10 0 5
10 0
10 5


2850 10 0 5
10 0
10 5


2851 10 0 5
10 0
10 5


2852 10 0 5
10 0
10 5


2853 10 0 5
10 0
10 5


2854 10 0 5
10 0
10 5


2855 10 0 5
10 0
10 5


2856 10 0 5
10 0
10 5


2857 10 0 5
10 0
10 5


2858 10 0 5
10 0
10 5


2859 10 0 5
10 0
10 5


2860 10 0 5
10 0
10 5


2861 10 0 5
10 0
10 5


2862 10 0 5
10 0
10 5


2863 10 0 5
10 0
10 5


2864 10 0 5
10 0
10 5


2865 10 0 5
10 0
10 5


2866 10 0 5
10 0
10 5


2867 10 0 5
10 0
10 5


2868 10 0 5
10 0
10 5


2869 10 0 5
10 0
10 5


2870 10 0 5
10 0
10 5


2871 10 0 5
10 0
10 5


2872 10 0 5
10 0
10 5


2873 10 0 5
10 0
10 5


2874 10 0 5
10 0
10 5


2875 10 0 5
10 0
10 5


2876 10 0 5
10 0
10 5


2877 10 0 5
10 0
10 5


2878 10 0 5
10 0
10 5


2879 10 0 5
10 0
10 5


2880 10 0 5
10 0
10 5


2881 10 0 5
10 0
10 5


2882 10 0 5
10 0
10 5


2883 10 0 5
10 0
10 5


2884 10 0 5
10 0
10 5


2885 10 0 5
10 0
10 5


2886 10 0 5
10 0
10 5


2887 10 0 5
10 0
10 5


2888 10 0 5
10 0
10 5


2889 10 0 5
10 0
10 5


2890 10 0 5
10 0
10 5


2891 10 0 5
10 0
10 5


2892 10 0 5
10 0
10 5


2893 10 0 5
10 0
10 5


2894 10 0 5
10 0
10 5


2895 10 0 5
10 0
10 5


2896 10 0 5
10 0
10 5


2897 10 0 5
10 0
10 5


2898 10 0 5
10 0
10 5


2899 10 0 5
10 0
10 5


2900 10 0 5
10 0
10 5


2901 10 0 5
10 0
10 5


2902 10 0 5
10 0
10 5


2903 10 0 5
10 0
10 5


2904 10 0 5
10 0
10 5


2905 10 0 5
10 0
10 5


2906 10 0 5
10 0
10 5


2907 10 0 5
10 0
10 5


2908 10 0 5
10 0
10 5


2909 10 0 5
10 0
10 5


2910 10 0 5
10 0
10 5


2911 10 0 5
10 0
10 5


2912 10 0 5
10 0
10 5


2913 10 0 5
10 0
10 5


2914 10 0 5
10 0
10 5


2915 10 0 5
10 0
10 5


2916 10 0 5
10 0
10 5


2917 10 0 5
10 0
10 5


2918 10 0 5
10 0
10 5


2919 10 0 5
10 0
10 5


2920 10 0 5
10 0
10 5


2921 10 0 5
10 0
10 5


2922 10 0 5
10 0
10 5


2923 10 0 5
10 0
10 5


2924 10 0 5
10 0
10 5


2925 10 0 5
10 0
10 5


2926 10 0 5
10 0
10 5


2927 10 0 5
10 0
10 5


2928 10 0 5
10 0
10 5


2929 10 0 5
10 0
10 5


2930 10 0 5
10 0
10 5


2931 10 0 5
10 0
10 5


2932 10 0 5
10 0
10 5


2933 10 0 5
10 0
10 5


2934 10 0 5
10 0
10 5


2935 10 0 5
10 0
10 5


2936 10 0 5
10 0
10 5


2937 10 0 5
10 0
10 5


2938 10 0 5
10 0
10 5


2939 10 0 5
10 0
10 5


2940 10 0 5
10 0
10 5


2941 10 0 5
10 0
10 5


2942 10 0 5
10 0
10 5


2943 10 0 5
10 0
10 5


2944 10 0 5
10 0
10 5


2945 10 0 5
10 0
10 5


2946 10 0 5
10 0
10 5


2947 10 0 5
10 0
10 5


2948 10 0 5
10 0
10 5


2949 10 0 5
10 0
10 5


2950 10 0 5
10 0
10 5


2951 10 0 5
10 0
10 5


2952 10 0 5
10 0
10 5


2953 10 0 5
10 0
10 5


2954 10 0 5
10 0
10 5


2955 10 0 5
10 0
10 5


2956 10 0 5
10 0
10 5


2957 10 0 5
10 0
10 5


2958 10 0 5
10 0
10 5


2959 10 0 5
10 0
10 5


2960 10 0 5
10 0
10 5


2961 10 0 5
10 0
10 5


2962 10 0 5
10 0
10 5


2963 10 0 5
10 0
10 5


2964 10 0 5
10 0
10 5


2965 10 0 5
10 0
10 5


2966 10 0 5
10 0
10 5


2967 10 0 5
10 0
10 5


2968 10 0 5
10 0
10 5


2969 10 0 5
10 0
10 5


2970 10 0 5
10 0
10 5


2971 10 0 5
10 0
10 5


2972 10 0 5
10 0
10 5


2973 10 0 5
10 0
10 5


2974 10 0 5
10 0
10 5


2975 10 0 5
10 0
10 5


2976 10 0 5
10 0
10 5


2977 10 0 5
10 0
10 5


2978 10 0 5
10 0
10 5


2979 10 0 5
10 0
10 5


2980 10 0 5
10 0
10 5


2981 10 0 5
10 0
10 5


2982 10 0 5
10 0
10 5


2983 10 0 5
10 0
10 5


2984 10 0 5
10 0
10 5


2985 10 0 5
10 0
10 5


2986 10 0 5
10 0
10 5


2987 10 0 5
10 0
10 5


2988 10 0 5
10 0
10 5


2989 10 0 5
10 0
10 5


2990 10 0 5
10 0
10 5


2991 10 0 5
10 0
10 5


2992 10 0 5
10 0
10 5


2993 10 0 5
10 0
10 5


2994 10 0 5
10 0
10 5


2995 10 0 5
10 0
10 5


2996 10 0 5
10 0
10 5


2997 10 0 5
10 0
10 5


2998 10 0 5
10 0
10 5


2999 10 0 5
10 0
10 5


3000 10 0 5
10 0
10 5


3001 10 0 5
10 0
10 5


3002 10 0 5
10 0
10 5


3003 10 0 5
10 0
10 5


3004 10 0 5
10 0
10 5


3005 10 0 5
10 0
10 5


3006 10 0 5
10 0
10 5


3007 10 0 5
10 0
10 5


3008 10 0 5
10 0
10 5


3009 10 0 5
10 0
10 5


3010 10 0 5
10 0
10 5


3011 10 0 5
10 0
10 5


3012 10 0 5
10 0
10 5


3013 10 0 5
10 0
10 5


3014 10 0 5
10 0
10 5


3015 10 0 5
10 0
10 5


3016 10 0 5
10 0
10 5


3017 10 0 5
10 0
10 5


3018 10 0 5
10 0
10 5


3019 10 0 5
10 0
10 5


3020 10 0 5
10 0
10 5


3021 10 0 5
10 0
10 5


3022 10 0 5
10 0
10 5


3023 10 0 5
10 0
10 5


3024 10 0 5
10 0
10 5


3025 10 0 5
10 0
10 5


3026 10 0 5
10 0
10 5


3027 10 0 5
10 0
10 5


3028 10 0 5
10 0
10 5


3029 10 0 5
10 0
10 5


3030 10 0 5
10 0
10 5


3031 10 0 5
10 0
10 5


3032 10 0 5
10 0
10 5


3033 10 0 5
10 0
10 5


3034 10 0 5
10 0
10 5


3035 10 0 5
10 0
10 5


3036 10 0 5
10 0
10 5


3037 10 0 5
10 0
10 5


3038 10 0 5
10 0
10 5


3039 10 0 5
10 0
10 5


3040 10 0 5
10 0
10 5


3041 10 0 5
10 0
10 5


3042 10 0 5
10 0
10 5


3043 10 0 5
10 0
10 5


3044 10 0 5
10 0
10 5


3045 10 0 5
10 0
10 5


3046 10 0 5
10 0
10 5


3047 10 0 5
10 0
10 5


3048 10 0 5
10 0
10 5


3049 10 0 5
10 0
10 5


3050 10 0 5
10 0
10 5


3051 10 0 5
10 0
10 5


3052 10 0 5
10 0
10 5


3053 10 0 5
10 0
10 5


3054 10 0 5
10 0
10 5


3055 10 0 5
10 0
10 5


3056 10 0 5
10 0
10 5


3057 10 0 5
10 0
10 5


3058 10 0 5
10 0
10 5


3059 10 0 5
10 0
10 5


3060 10 0 5
10 0
10 5


3061 10 0 5
10 0
10 5


3062 10 0 5
10 0
10 5


3063 10 0 5
10 0
10 5


3064 10 0 5
10 0
10 5


3065 10 0 5
10 0
10 5


3066 10 0 5
10 0
10 5


3067 10 0 5
10 0
10 5


3068 10 0 5
10 0
10 5


3069 10 0 5
10 0
10 5


3070 10 0 5
10 0
10 5


3071 10 0 5
10 0
10 5


3072 10 0 5
10 0
10 5


3073 10 0 5
10 0
10 5


3074 10 0 5
10 0
10 5


3075 10 0 5
10 0
10 5


3076 10 0 5
10 0
10 5


3077 10 0 5
10 0
10 5


3078 10 0 5
10 0
10 5


3079 10 0 5
10 0
10 5


3080 10 0 5
10 0
10 5


3081 10 0 5
10 0
10 5


3082 10 0 5
10 0
10 5


3083 10 0 5
10 0
10 5


3084 10 0 5
10 0
10 5


3085 10 0 5
10 0
10 5


3086 10 0 5
10 0
10 5


3087 10 0 5
10 0
10 5


3088 10 0 5
10 0
10 5


3089 10 0 5
10 0
10 5


3090 10 0 5
10 0
10 5


3091 10 0 5
10 0
10 5


4136 12 6 10
12 6
12 10


4137 12 6 10
12 6
12 10


4138 12 6 10
12 6
12 10


4139 12 6 10
12 6
12 10


4140 12 6 10
12 6
12 10


4141 12 6 10
12 6
12 10


4142 12 6 10
12 6
12 10


4143 12 6 10
12 6
12 10


4144 12 6 10
12 6
12 10


4145 12 6 10
12 6
12 10


4146 12 6 10
12 6
12 10


4147 12 6 10
12 6
12 10


4148 12 6 10
12 6
12 10


4149 12 6 10
12 6
12 10


4150 12 6 10
12 6
12 10


4151 12 6 10
12 6
12 10


4152 12 6 10
12 6
12 10


4153 12 6 10
12 6
12 10


4154 12 6 10
12 6
12 10


4155 12 6 10
12 6
12 10


4156 12 6 10
12 6
12 10


4157 12 6 10
12 6
12 10


4158 12 6 10
12 6
12 10


4159 12 6 10
12 6
12 10


4160 12 6 10
12 6
12 10


4161 12 6 10
12 6
12 10


4162 12 6 10
12 6
12 10


4163 12 6 10
12 6
12 10


4164 12 6 10
12 6
12 10


4165 12 6 10
12 6
12 10


4166 12 6 10
12 6
12 10


4167 12 6 10
12 6
12 10


4168 12 6 10
12 6
12 10


4169 12 6 10
12 6
12 10


4170 12 6 10
12 6
12 10


4171 12 6 10
12 6
12 10


4172 12 6 10
12 6
12 10


4173 12 6 10
12 6
12 10


4174 12 6 10
12 6
12 10


4175 12 6 10
12 6
12 10


4176 12 6 10
12 6
12 10


4177 12 6 10
12 6
12 10


4178 12 6 10
12 6
12 10


4179 12 6 10
12 6
12 10


4180 12 6 10
12 6
12 10


4181 12 6 10
12 6
12 10


4182 12 6 10
12 6
12 10


4183 12 6 10
12 6
12 10


4184 12 6 10
12 6
12 10


4185 12 6 10
12 6
12 10


4186 12 6 10
12 6
12 10


4187 12 6 10
12 6
12 10


4188 12 6 10
12 6
12 10


4189 12 6 10
12 6
12 10


4190 12 6 10
12 6
12 10


4191 12 6 10
12 6
12 10


4192 12 6 10
12 6
12 10


4193 12 6 10
12 6
12 10


4194 12 6 10
12 6
12 10


4195 12 6 10
12 6
12 10


4196 12 6 10
12 6
12 10


4197 12 6 10
12 6
12 10


4198 12 6 10
12 6
12 10


4199 12 6 10
12 6
12 10


4460 3 9 12
3 9
3 12


4461 3 9 12
3 9
3 12


4462 3 9 12
3 9
3 12


4463 3 9 12
3 9
3 12


4464 3 9 12
3 9
3 12


4465 3 9 12
3 9
3 12


4466 3 9 12
3 9
3 12


4467 3 9 12
3 9
3 12


4468 3 9 12
3 9
3 12


4469 3 9 12
3 9
3 12


4470 3 9 12
3 9
3 12


4471 3 9 12
3 9
3 12


4472 3 9 12
3 9
3 12


4473 3 9 12
3 9
3 12


4474 3 9 12
3 9
3 12


4475 3 9 12
3 9
3 12


4476 3 9 12
3 9
3 12


4477 3 9 12
3 9
3 12


4478 3 9 12
3 9
3 12


4479 3 9 12
3 9
3 12


4480 3 9 12
3 9
3 12


4481 3 9 12
3 9
3 12


4482 3 9 12
3 9
3 12


4483 3 9 12
3 9
3 12


4484 3 9 12
3 9
3 12


4485 3 9 12
3 9
3 12


4486 3 9 12
3 9
3 12


4487 3 9 12
3 9
3 12


4488 3 9 12
3 9
3 12


4489 3 9 12
3 9
3 12


4490 3 9 12
3 9
3 12


4491 3 9 12
3 9
3 12


4492 3 9 12
3 9
3 12


4493 3 9 12
3 9
3 12


4494 3 9 12
3 9
3 12


4495 3 9 12
3 9
3 12


4496 3 9 12
3 9
3 12


4497 3 9 12
3 9
3 12


4498 3 9 12
3 9
3 12


4499 3 9 12
3 9
3 12


4500 3 9 12
3 9
3 12


4501 3 9 12
3 9
3 12


4502 3 9 12
3 9
3 12


4503 3 9 12
3 9
3 12


4504 3 9 12
3 9
3 12


4505 3 9 12
3 9
3 12


4506 3 9 12
3 9
3 12


4507 3 9 12
3 9
3 12


4508 3 9 12
3 9
3 12


4509 3 9 12
3 9
3 12


4510 3 9 12
3 9
3 12


4511 3 9 12
3 9
3 12


4512 3 9 12
3 9
3 12


4513 3 9 12
3 9
3 12


4514 3 9 12
3 9
3 12


4515 3 9 12
3 9
3 12


4516 3 9 12
3 9
3 12


4517 3 9 12
3 9
3 12


4518 3 9 12
3 9
3 12


4519 3 9 12
3 9
3 12


4520 3 9 12
3 9
3 12


4521 3 9 12
3 9
3 12


4522 3 9 12
3 9
3 12


4523 3 9 12
3 9
3 12


7892 9 3 6
9 3
9 6


7893 9 3 6
9 3
9 6


7894 9 3 6
9 3
9 6


7895 9 3 6
9 3
9 6


7896 9 3 6
9 3
9 6


7897 9 3 6
9 3
9 6


7898 9 3 6
9 3
9 6


7899 9 3 6
9 3
9 6


7900 9 3 6
9 3
9 6


7901 9 3 6
9 3
9 6


7902 9 3 6
9 3
9 6


7903 9 3 6
9 3
9 6


7904 9 3 6
9 3
9 6


7905 9 3 6
9 3
9 6


7906 9 3 6
9 3
9 6


7907 9 3 6
9 3
9 6


7908 9 3 6
9 3
9 6


7909 9 3 6
9 3
9 6


7910 9 3 6
9 3
9 6


7911 9 3 6
9 3
9 6


7912 9 3 6
9 3
9 6


7913 9 3 6
9 3
9 6


7914 9 3 6
9 3
9 6


7915 9 3 6
9 3
9 6


7916 9 3 6
9 3
9 6


7917 9 3 6
9 3
9 6


7918 9 3 6
9 3
9 6


7919 9 3 6
9 3
9 6


7920 9 3 6
9 3
9 6


7921 9 3 6
9 3
9 6


7922 9 3 6
9 3
9 6


7923 9 3 6
9 3
9 6


7924 9 3 6
9 3
9 6


7925 9 3 6
9 3
9 6


7926 9 3 6
9 3
9 6


7927 9 3 6
9 3
9 6


7928 9 3 6
9 3
9 6


7929 9 3 6
9 3
9 6


7930 9 3 6
9 3
9 6


7931 9 3 6
9 3
9 6


7932 9 3 6
9 3
9 6


7933 9 3 6
9 3
9 6


7934 9 3 6
9 3
9 6


7935 9 3 6
9 3
9 6


7936 9 3 6
9 3
9 6


7937 9 3 6
9 3
9 6


7938 9 3 6
9 3
9 6


7939 9 3 6
9 3
9 6


7940 9 3 6
9 3
9 6


7941 9 3 6
9 3
9 6


7942 9 3 6
9 3
9 6


7943 9 3 6
9 3
9 6


7944 9 3 6
9 3
9 6


7945 9 3 6
9 3
9 6


7946 9 3 6
9 3
9 6


7947 9 3 6
9 3
9 6


7948 9 3 6
9 3
9 6


7949 9 3 6
9 3
9 6


7950 9 3 6
9 3
9 6


7951 9 3 6
9 3
9 6


7952 9 3 6
9 3
9 6


7953 9 3 6
9 3
9 6


7954 9 3 6
9 3
9 6


7955 9 3 6
9 3
9 6


7956 9 3 6
9 3
9 6


7957 9 3 6
9 3
9 6


7958 9 3 6
9 3
9 6


7959 9 3 6
9 3
9 6


7960 9 3 6
9 3
9 6


7961 9 3 6
9 3
9 6


7962 9 3 6
9 3
9 6


7963 9 3 6
9 3
9 6


7964 9 3 6
9 3
9 6


7965 9 3 6
9 3
9 6


7966 9 3 6
9 3
9 6


7967 9 3 6
9 3
9 6


7968 9 3 6
9 3
9 6


7969 9 3 6
9 3
9 6


7970 9 3 6
9 3
9 6


7971 9 3 6
9 3
9 6


7972 9 3 6
9 3
9 6


7973 9 3 6
9 3
9 6


7974 9 3 6
9 3
9 6


7975 9 3 6
9 3
9 6


7976 9 3 6
9 3
9 6


7977 9 3 6
9 3
9 6


7978 9 3 6
9 3
9 6


7979 9 3 6
9 3
9 6


7980 9 3 6
9 3
9 6


7981 9 3 6
9 3
9 6


7982 9 3 6
9 3
9 6


7983 9 3 6
9 3
9 6


7984 9 3 6
9 3
9 6


7985 9 3 6
9 3
9 6


7986 9 3 6
9 3
9 6


7987 9 3 6
9 3
9 6


7988 9 3 6
9 3
9 6


7989 9 3 6
9 3
9 6


7990 9 3 6
9 3
9 6


7991 9 3 6
9 3
9 6


7992 9 3 6
9 3
9 6


7993 9 3 6
9 3
9 6


7994 9 3 6
9 3
9 6


7995 9 3 6
9 3
9 6


7996 9 3 6
9 3
9 6


7997 9 3 6
9 3
9 6


7998 9 3 6
9 3
9 6


7999 9 3 6
9 3
9 6


8000 9 3 6
9 3
9 6


8001 9 3 6
9 3
9 6


8002 9 3 6
9 3
9 6


8003 9 3 6
9 3
9 6


8004 9 3 6
9 3
9 6


8005 9 3 6
9 3
9 6


8006 9 3 6
9 3
9 6


8007 9 3 6
9 3
9 6


8008 9 3 6
9 3
9 6


8009 9 3 6
9 3
9 6


8010 9 3 6
9 3
9 6


8011 9 3 6
9 3
9 6


8012 9 3 6
9 3
9 6


8013 9 3 6
9 3
9 6


8014 9 3 6
9 3
9 6


8015 9 3 6
9 3
9 6


8016 9 3 6
9 3
9 6


8017 9 3 6
9 3
9 6


8018 9 3 6
9 3
9 6


8019 9 3 6
9 3
9 6


8020 9 3 6
9 3
9 6


8021 9 3 6
9 3
9 6


8022 9 3 6
9 3
9 6


8023 9 3 6
9 3
9 6


8024 9 3 6
9 3
9 6


8025 9 3 6
9 3
9 6


8026 9 3 6
9 3
9 6


8027 9 3 6
9 3
9 6


8028 9 3 6
9 3
9 6


8029 9 3 6
9 3
9 6


8030 9 3 6
9 3
9 6


8031 9 3 6
9 3
9 6


8032 9 3 6
9 3
9 6


8033 9 3 6
9 3
9 6


8034 9 3 6
9 3
9 6


8035 9 3 6
9 3
9 6


8036 9 3 6
9 3
9 6


8037 9 3 6
9 3
9 6


8038 9 3 6
9 3
9 6


8039 9 3 6
9 3
9 6


8040 9 3 6
9 3
9 6


8041 9 3 6
9 3
9 6


8042 9 3 6
9 3
9 6


8043 9 3 6
9 3
9 6


8044 9 3 6
9 3
9 6


8045 9 3 6
9 3
9 6


8046 9 3 6
9 3
9 6


8047 9 3 6
9 3
9 6


8048 9 3 6
9 3
9 6


8049 9 3 6
9 3
9 6


8050 9 3 6
9 3
9 6


8051 9 3 6
9 3
9 6


8052 9 3 6
9 3
9 6


8053 9 3 6
9 3
9 6


8054 9 3 6
9 3
9 6


8055 9 3 6
9 3
9 6


8056 9 3 6
9 3
9 6


8057 9 3 6
9 3
9 6


8058 9 3 6
9 3
9 6


8059 9 3 6
9 3
9 6


8060 9 3 6
9 3
9 6


8061 9 3 6
9 3
9 6


8062 9 3 6
9 3
9 6


8063 9 3 6
9 3
9 6


8064 9 3 6
9 3
9 6


8065 9 3 6
9 3
9 6


8066 9 3 6
9 3
9 6


8067 9 3 6
9 3
9 6


8068 9 3 6
9 3
9 6


8069 9 3 6
9 3
9 6


8070 9 3 6
9 3
9 6


8071 9 3 6
9 3
9 6


8072 9 3 6
9 3
9 6


8073 9 3 6
9 3
9 6


8074 9 3 6
9 3
9 6


8075 9 3 6
9 3
9 6


8076 9 3 6
9 3
9 6


8077 9 3 6
9 3
9 6


8078 9 3 6
9 3
9 6


8079 9 3 6
9 3
9 6


8080 9 3 6
9 3
9 6


8081 9 3 6
9 3
9 6


8082 9 3 6
9 3
9 6


8083 9 3 6
9 3
9 6


8084 9 3 6
9 3
9 6


8085 9 3 6
9 3
9 6


8086 9 3 6
9 3
9 6


8087 9 3 6
9 3
9 6


8088 9 3 6
9 3
9 6


8089 9 3 6
9 3
9 6


8090 9 3 6
9 3
9 6


8091 9 3 6
9 3
9 6


8092 9 3 6
9 3
9 6


8093 9 3 6
9 3
9 6


8094 9 3 6
9 3
9 6


8095 9 3 6
9 3
9 6


8096 9 3 6
9 3
9 6


8097 9 3 6
9 3
9 6


8098 9 3 6
9 3
9 6


8099 9 3 6
9 3
9 6


8100 9 3 6
9 3
9 6


8101 9 3 6
9 3
9 6


8102 9 3 6
9 3
9 6


8103 9 3 6
9 3
9 6


8104 9 3 6
9 3
9 6


8105 9 3 6
9 3
9 6


8106 9 3 6
9 3
9 6


8107 9 3 6
9 3
9 6


8108 9 3 6
9 3
9 6


8109 9 3 6
9 3
9 6


8110 9 3 6
9 3
9 6


8111 9 3 6
9 3
9 6


8112 9 3 6
9 3
9 6


8113 9 3 6
9 3
9 6


8114 9 3 6
9 3
9 6


8115 9 3 6
9 3
9 6


8116 9 3 6
9 3
9 6


8117 9 3 6
9 3
9 6


8118 9 3 6
9 3
9 6


8119 9 3 6
9 3
9 6


8120 9 3 6
9 3
9 6


8121 9 3 6
9 3
9 6


8122 9 3 6
9 3
9 6


8123 9 3 6
9 3
9 6


8124 9 3 6
9 3
9 6


8125 9 3 6
9 3
9 6


8126 9 3 6
9 3
9 6


8127 9 3 6
9 3
9 6


8128 9 3 6
9 3
9 6


8129 9 3 6
9 3
9 6


8130 9 3 6
9 3
9 6


8131 9 3 6
9 3
9 6


8132 9 3 6
9 3
9 6


8133 9 3 6
9 3
9 6


8134 9 3 6
9 3
9 6


8135 9 3 6
9 3
9 6


8136 9 3 6
9 3
9 6


8137 9 3 6
9 3
9 6


8138 9 3 6
9 3
9 6


8139 9 3 6
9 3
9 6


8140 9 3 6
9 3
9 6


8141 9 3 6
9 3
9 6


8142 9 3 6
9 3
9 6


8143 9 3 6
9 3
9 6


8144 9 3 6
9 3
9 6


8145 9 3 6
9 3
9 6


8146 9 3 6
9 3
9 6


8147 9 3 6
9 3
9 6


8148 9 3 6
9 3
9 6


8149 9 3 6
9 3
9 6


8150 9 3 6
9 3
9 6


8151 9 3 6
9 3
9 6


8152 9 3 6
9 3
9 6


8153 9 3 6
9 3
9 6


8154 9 3 6
9 3
9 6


8155 9 3 6
9 3
9 6


8156 9 3 6
9 3
9 6


8157 9 3 6
9 3
9 6


8158 9 3 6
9 3
9 6


8159 9 3 6
9 3
9 6


8160 9 3 6
9 3
9 6


8161 9 3 6
9 3
9 6


8162 9 3 6
9 3
9 6


8163 9 3 6
9 3
9 6


8164 9 3 6
9 3
9 6


8165 9 3 6
9 3
9 6


8166 9 3 6
9 3
9 6


8167 9 3 6
9 3
9 6


8168 9 3 6
9 3
9 6


8169 9 3 6
9 3
9 6


8170 9 3 6
9 3
9 6


8171 9 3 6
9 3
9 6


8172 9 3 6
9 3
9 6


8173 9 3 6
9 3
9 6


8174 9 3 6
9 3
9 6


8175 9 3 6
9 3
9 6


8176 9 3 6
9 3
9 6


8177 9 3 6
9 3
9 6


8178 9 3 6
9 3
9 6


8179 9 3 6
9 3
9 6


8180 9 3 6
9 3
9 6


8181 9 3 6
9 3
9 6


8182 9 3 6
9 3
9 6


8183 9 3 6
9 3
9 6


8184 9 3 6
9 3
9 6


8185 9 3 6
9 3
9 6


8186 9 3 6
9 3
9 6


8187 9 3 6
9 3
9 6


8188 9 3 6
9 3
9 6


8189 9 3 6
9 3
9 6


8190 9 3 6
9 3
9 6


8191 9 3 6
9 3
9 6


8192 9 3 6
9 3
9 6


8193 9 3 6
9 3
9 6


8194 9 3 6
9 3
9 6


8195 9 3 6
9 3
9 6


8196 9 3 6
9 3
9 6


8197 9 3 6
9 3
9 6


8198 9 3 6
9 3
9 6


8199 9 3 6
9 3
9 6


8200 9 3 6
9 3
9 6


8201 9 3 6
9 3
9 6


8202 9 3 6
9 3
9 6


8203 9 3 6
9 3
9 6


8204 9 3 6
9 3
9 6


8205 9 3 6
9 3
9 6


8206 9 3 6
9 3
9 6


8207 9 3 6
9 3
9 6


8208 9 3 6
9 3
9 6


8209 9 3 6
9 3
9 6


8210 9 3 6
9 3
9 6


8211 9 3 6
9 3
9 6


8212 9 3 6
9 3
9 6


8213 9 3 6
9 3
9 6


8214 9 3 6
9 3
9 6


8215 9 3 6
9 3
9 6


8216 9 3 6
9 3
9 6


8217 9 3 6
9 3
9 6


8218 9 3 6
9 3
9 6


8219 9 3 6
9 3
9 6


8220 9 3 6
9 3
9 6


8221 9 3 6
9 3
9 6


8222 9 3 6
9 3
9 6


8223 9 3 6
9 3
9 6


8224 9 3 6
9 3
9 6


8225 9 3 6
9 3
9 6


8226 9 3 6
9 3
9 6


8227 9 3 6
9 3
9 6


8228 9 3 6
9 3
9 6


8229 9 3 6
9 3
9 6


8230 9 3 6
9 3
9 6


8231 9 3 6
9 3
9 6


8232 9 3 6
9 3
9 6


8233 9 3 6
9 3
9 6


8234 9 3 6
9 3
9 6


8235 9 3 6
9 3
9 6


8236 9 3 6
9 3
9 6


8237 9 3 6
9 3
9 6


8238 9 3 6
9 3
9 6


8239 9 3 6
9 3
9 6


8240 9 3 6
9 3
9 6


8241 9 3 6
9 3
9 6


8242 9 3 6
9 3
9 6


8243 9 3 6
9 3
9 6


8244 9 3 6
9 3
9 6


8245 9 3 6
9 3
9 6


8246 9 3 6
9 3
9 6


8247 9 3 6
9 3
9 6


8248 9 3 6
9 3
9 6


8249 9 3 6
9 3
9 6


8250 9 3 6
9 3
9 6


8251 9 3 6
9 3
9 6


8252 9 3 6
9 3
9 6


8253 9 3 6
9 3
9 6


8254 9 3 6
9 3
9 6


8255 9 3 6
9 3
9 6


8256 9 3 6
9 3
9 6


8257 9 3 6
9 3
9 6


8258 9 3 6
9 3
9 6


8259 9 3 6
9 3
9 6


8260 9 3 6
9 3
9 6


8261 9 3 6
9 3
9 6


8262 9 3 6
9 3
9 6


8263 9 3 6
9 3
9 6


8264 9 3 6
9 3
9 6


8265 9 3 6
9 3
9 6


8266 9 3 6
9 3
9 6


8267 9 3 6
9 3
9 6


8268 9 3 6
9 3
9 6


8269 9 3 6
9 3
9 6


8270 9 3 6
9 3
9 6


8271 9 3 6
9 3
9 6


8272 9 3 6
9 3
9 6


8273 9 3 6
9 3
9 6


8274 9 3 6
9 3
9 6


8275 9 3 6
9 3
9 6


8276 9 3 6
9 3
9 6


8277 9 3 6
9 3
9 6


8278 9 3 6
9 3
9 6


8279 9 3 6
9 3
9 6


8280 9 3 6
9 3
9 6


8281 9 3 6
9 3
9 6


8282 9 3 6
9 3
9 6


8283 9 3 6
9 3
9 6


8284 9 3 6
9 3
9 6


8285 9 3 6
9 3
9 6


8286 9 3 6
9 3
9 6


8287 9 3 6
9 3
9 6


8288 9 3 6
9 3
9 6


8289 9 3 6
9 3
9 6


8290 9 3 6
9 3
9 6


8291 9 3 6
9 3
9 6


8292 9 3 6
9 3
9 6


8293 9 3 6
9 3
9 6


8294 9 3 6
9 3
9 6


8295 9 3 6
9 3
9 6


8296 9 3 6
9 3
9 6


8297 9 3 6
9 3
9 6


8298 9 3 6
9 3
9 6


8299 9 3 6
9 3
9 6


8300 9 3 6
9 3
9 6


8301 9 3 6
9 3
9 6


8302 9 3 6
9 3
9 6


8303 9 3 6
9 3
9 6


8304 9 3 6
9 3
9 6


8305 9 3 6
9 3
9 6


8306 9 3 6
9 3
9 6


8307 9 3 6
9 3
9 6


8308 9 3 6
9 3
9 6


8309 9 3 6
9 3
9 6


8310 9 3 6
9 3
9 6


8311 9 3 6
9 3
9 6


8312 9 3 6
9 3
9 6


8313 9 3 6
9 3
9 6


8314 9 3 6
9 3
9 6


8315 9 3 6
9 3
9 6


8316 9 3 6
9 3
9 6


8317 9 3 6
9 3
9 6


8318 9 3 6
9 3
9 6


8319 9 3 6
9 3
9 6


8320 9 3 6
9 3
9 6


8321 9 3 6
9 3
9 6


8322 9 3 6
9 3
9 6


8323 9 3 6
9 3
9 6


8324 9 3 6
9 3
9 6


8325 9 3 6
9 3
9 6


8326 9 3 6
9 3
9 6


8327 9 3 6
9 3
9 6


8328 9 3 6
9 3
9 6


8329 9 3 6
9 3
9 6


8330 9 3 6
9 3
9 6


8331 9 3 6
9 3
9 6


8332 9 3 6
9 3
9 6


8333 9 3 6
9 3
9 6


8334 9 3 6
9 3
9 6


8335 9 3 6
9 3
9 6


8336 9 3 6
9 3
9 6


8337 9 3 6
9 3
9 6


8338 9 3 6
9 3
9 6


8339 9 3 6
9 3
9 6


8340 9 3 6
9 3
9 6


8341 9 3 6
9 3
9 6


8342 9 3 6
9 3
9 6


8343 9 3 6
9 3
9 6


8344 9 3 6
9 3
9 6


8345 9 3 6
9 3
9 6


8346 9 3 6
9 3
9 6


8347 9 3 6
9 3
9 6


8348 9 3 6
9 3
9 6


8349 9 3 6
9 3
9 6


8350 9 3 6
9 3
9 6


8351 9 3 6
9 3
9 6


8352 9 3 6
9 3
9 6


8353 9 3 6
9 3
9 6


8354 9 3 6
9 3
9 6


8355 9 3 6
9 3
9 6


8356 9 3 6
9 3
9 6


8357 9 3 6
9 3
9 6


8358 9 3 6
9 3
9 6


8359 9 3 6
9 3
9 6


8360 9 3 6
9 3
9 6


8361 9 3 6
9 3
9 6


8362 9 3 6
9 3
9 6


8363 9 3 6
9 3
9 6


8364 9 3 6
9 3
9 6


8365 9 3 6
9 3
9 6


8366 9 3 6
9 3
9 6


8367 9 3 6
9 3
9 6


8368 9 3 6
9 3
9 6


8369 9 3 6
9 3
9 6


8370 9 3 6
9 3
9 6


8371 9 3 6
9 3
9 6


8372 9 3 6
9 3
9 6


8373 9 3 6
9 3
9 6


8374 9 3 6
9 3
9 6


8375 9 3 6
9 3
9 6


8376 9 3 6
9 3
9 6


8377 9 3 6
9 3
9 6


8378 9 3 6
9 3
9 6


8379 9 3 6
9 3
9 6


8380 9 3 6
9 3
9 6


8381 9 3 6
9 3
9 6


8382 9 3 6
9 3
9 6


8383 9 3 6
9 3
9 6


8384 9 3 6
9 3
9 6


8385 9 3 6
9 3
9 6


8386 9 3 6
9 3
9 6


8387 9 3 6
9 3
9 6


8388 9 3 6
9 3
9 6


8389 9 3 6
9 3
9 6


8390 9 3 6
9 3
9 6


8391 9 3 6
9 3
9 6


8392 9 3 6
9 3
9 6


8393 9 3 6
9 3
9 6


8394 9 3 6
9 3
9 6


8395 9 3 6
9 3
9 6


8396 9 3 6
9 3
9 6


8397 9 3 6
9 3
9 6


8398 9 3 6
9 3
9 6


8399 9 3 6
9 3
9 6


8400 9 3 6
9 3
9 6


8401 9 3 6
9 3
9 6


8402 9 3 6
9 3
9 6


8403 9 3 6
9 3
9 6


13604 0 10 15
0 10
0 15


13605 0 10 15
0 10
0 15


13606 0 10 15
0 10
0 15


13607 0 10 15
0 10
0 15


13608 0 10 15
0 10
0 15


13609 0 10 15
0 10
0 15


13610 0 10 15
0 10
0 15


13611 0 10 15
0 10
0 15


13612 0 10 15
0 10
0 15


13613 0 10 15
0 10
0 15


13614 0 10 15
0 10
0 15


13615 0 10 15
0 10
0 15


13616 0 10 15
0 10
0 15


13617 0 10 15
0 10
0 15


13618 0 10 15
0 10
0 15


13619 0 10 15
0 10
0 15


13620 0 10 15
0 10
0 15


13621 0 10 15
0 10
0 15


13622 0 10 15
0 10
0 15


13623 0 10 15
0 10
0 15


13624 0 10 15
0 10
0 15


13625 0 10 15
0 10
0 15


13626 0 10 15
0 10
0 15


13627 0 10 15
0 10
0 15


13628 0 10 15
0 10
0 15


13629 0 10 15
0 10
0 15


13630 0 10 15
0 10
0 15


13631 0 10 15
0 10
0 15


13632 0 10 15
0 10
0 15


13633 0 10 15
0 10
0 15


13634 0 10 15
0 10
0 15


13635 0 10 15
0 10
0 15


13636 0 10 15
0 10
0 15


13637 0 10 15
0 10
0 15


13638 0 10 15
0 10
0 15


13639 0 10 15
0 10
0 15


13640 0 10 15
0 10
0 15


13641 0 10 15
0 10
0 15


13642 0 10 15
0 10
0 15


13643 0 10 15
0 10
0 15


13644 0 10 15
0 10
0 15


13645 0 10 15
0 10
0 15


13646 0 10 15
0 10
0 15


13647 0 10 15
0 10
0 15


13648 0 10 15
0 10
0 15


13649 0 10 15
0 10
0 15


13650 0 10 15
0 10
0 15


13651 0 10 15
0 10
0 15


13652 0 10 15
0 10
0 15


13653 0 10 15
0 10
0 15


13654 0 10 15
0 10
0 15


13655 0 10 15
0 10
0 15


13656 0 10 15
0 10
0 15


13657 0 10 15
0 10
0 15


13658 0 10 15
0 10
0 15


13659 0 10 15
0 10
0 15


13660 0 10 15
0 10
0 15


13661 0 10 15
0 10
0 15


13662 0 10 15
0 10
0 15


13663 0 10 15
0 10
0 15


13664 0 10 15
0 10
0 15


13665 0 10 15
0 10
0 15


13666 0 10 15
0 10
0 15


13667 0 10 15
0 10
0 15


13668 0 10 15
0 10
0 15


13669 0 10 15
0 10
0 15


13670 0 10 15
0 10
0 15


13671 0 10 15
0 10
0 15


13672 0 10 15
0 10
0 15


13673 0 10 15
0 10
0 15


13674 0 10 15
0 10
0 15


13675 0 10 15
0 10
0 15


13676 0 10 15
0 10
0 15


13677 0 10 15
0 10
0 15


13678 0 10 15
0 10
0 15


13679 0 10 15
0 10
0 15


13680 0 10 15
0 10
0 15


13681 0 10 15
0 10
0 15


13682 0 10 15
0 10
0 15


13683 0 10 15
0 10
0 15


13684 0 10 15
0 10
0 15


13685 0 10 15
0 10
0 15


13686 0 10 15
0 10
0 15


13687 0 10 15
0 10
0 15


13688 0 10 15
0 10
0 15


13689 0 10 15
0 10
0 15


13690 0 10 15
0 10
0 15


13691 0 10 15
0 10
0 15


13692 0 10 15
0 10
0 15


13693 0 10 15
0 10
0 15


13694 0 10 15
0 10
0 15


13695 0 10 15
0 10
0 15


13696 0 10 15
0 10
0 15


13697 0 10 15
0 10
0 15


13698 0 10 15
0 10
0 15


13699 0 10 15
0 10
0 15


13700 0 10 15
0 10
0 15


13701 0 10 15
0 10
0 15


13702 0 10 15
0 10
0 15


13703 0 10 15
0 10
0 15


13704 0 10 15
0 10
0 15


13705 0 10 15
0 10
0 15


13706 0 10 15
0 10
0 15


13707 0 10 15
0 10
0 15


13708 0 10 15
0 10
0 15


13709 0 10 15
0 10
0 15


13710 0 10 15
0 10
0 15


13711 0 10 15
0 10
0 15


13712 0 10 15
0 10
0 15


13713 0 10 15
0 10
0 15


13714 0 10 15
0 10
0 15


13715 0 10 15
0 10
0 15


13716 0 10 15
0 10
0 15


13717 0 10 15
0 10
0 15


13718 0 10 15
0 10
0 15


13719 0 10 15
0 10
0 15


13720 0 10 15
0 10
0 15


13721 0 10 15
0 10
0 15


13722 0 10 15
0 10
0 15


13723 0 10 15
0 10
0 15


13724 0 10 15
0 10
0 15


13725 0 10 15
0 10
0 15


13726 0 10 15
0 10
0 15


13727 0 10 15
0 10
0 15


13728 0 10 15
0 10
0 15


13729 0 10 15
0 10
0 15


13730 0 10 15
0 10
0 15


13731 0 10 15
0 10
0 15


13732 0 10 15
0 10
0 15


13733 0 10 15
0 10
0 15


13734 0 10 15
0 10
0 15


13735 0 10 15
0 10
0 15


13736 0 10 15
0 10
0 15


13737 0 10 15
0 10
0 15


13738 0 10 15
0 10
0 15


13739 0 10 15
0 10
0 15


13740 0 10 15
0 10
0 15


13741 0 10 15
0 10
0 15


13742 0 10 15
0 10
0 15


13743 0 10 15
0 10
0 15


13744 0 10 15
0 10
0 15


13745 0 10 15
0 10
0 15


13746 0 10 15
0 10
0 15


13747 0 10 15
0 10
0 15


13748 0 10 15
0 10
0 15


13749 0 10 15
0 10
0 15


13750 0 10 15
0 10
0 15


13751 0 10 15
0 10
0 15


13752 0 10 15
0 10
0 15


13753 0 10 15
0 10
0 15


13754 0 10 15
0 10
0 15


13755 0 10 15
0 10
0 15


13756 0 10 15
0 10
0 15


13757 0 10 15
0 10
0 15


13758 0 10 15
0 10
0 15


13759 0 10 15
0 10
0 15


13760 0 10 15
0 10
0 15


13761 0 10 15
0 10
0 15


13762 0 10 15
0 10
0 15


13763 0 10 15
0 10
0 15


13764 0 10 15
0 10
0 15


13765 0 10 15
0 10
0 15


13766 0 10 15
0 10
0 15


13767 0 10 15
0 10
0 15


13768 0 10 15
0 10
0 15


13769 0 10 15
0 10
0 15


13770 0 10 15
0 10
0 15


13771 0 10 15
0 10
0 15


13772 0 10 15
0 10
0 15


13773 0 10 15
0 10
0 15


13774 0 10 15
0 10
0 15


13775 0 10 15
0 10
0 15


13776 0 10 15
0 10
0 15


13777 0 10 15
0 10
0 15


13778 0 10 15
0 10
0 15


13779 0 10 15
0 10
0 15


13780 0 10 15
0 10
0 15


13781 0 10 15
0 10
0 15


13782 0 10 15
0 10
0 15


13783 0 10 15
0 10
0 15


13784 0 10 15
0 10
0 15


13785 0 10 15
0 10
0 15


13786 0 10 15
0 10
0 15


13787 0 10 15
0 10
0 15


13788 0 10 15
0 10
0 15


13789 0 10 15
0 10
0 15


13790 0 10 15
0 10
0 15


13791 0 10 15
0 10
0 15


13792 0 10 15
0 10
0 15


13793 0 10 15
0 10
0 15


13794 0 10 15
0 10
0 15


13795 0 10 15
0 10
0 15


13796 0 10 15
0 10
0 15


13797 0 10 15
0 10
0 15


13798 0 10 15
0 10
0 15


13799 0 10 15
0 10
0 15


13800 0 10 15
0 10
0 15


13801 0 10 15
0 10
0 15


13802 0 10 15
0 10
0 15


13803 0 10 15
0 10
0 15


13804 0 10 15
0 10
0 15


13805 0 10 15
0 10
0 15


13806 0 10 15
0 10
0 15


13807 0 10 15
0 10
0 15


13808 0 10 15
0 10
0 15


13809 0 10 15
0 10
0 15


13810 0 10 15
0 10
0 15


13811 0 10 15
0 10
0 15


13812 0 10 15
0 10
0 15


13813 0 10 15
0 10
0 15


13814 0 10 15
0 10
0 15


13815 0 10 15
0 10
0 15


13816 0 10 15
0 10
0 15


13817 0 10 15
0 10
0 15


13818 0 10 15
0 10
0 15


13819 0 10 15
0 10
0 15


13820 0 10 15
0 10
0 15


13821 0 10 15
0 10
0 15


13822 0 10 15
0 10
0 15


13823 0 10 15
0 10
0 15


13824 0 10 15
0 10
0 15


13825 0 10 15
0 10
0 15


13826 0 10 15
0 10
0 15


13827 0 10 15
0 10
0 15


13828 0 10 15
0 10
0 15


13829 0 10 15
0 10
0 15


13830 0 10 15
0 10
0 15


13831 0 10 15
0 10
0 15


13832 0 10 15
0 10
0 15


13833 0 10 15
0 10
0 15


13834 0 10 15
0 10
0 15


13835 0 10 15
0 10
0 15


13836 0 10 15
0 10
0 15


13837 0 10 15
0 10
0 15


13838 0 10 15
0 10
0 15


13839 0 10 15
0 10
0 15


13840 0 10 15
0 10
0 15


13841 0 10 15
0 10
0 15


13842 0 10 15
0 10
0 15


13843 0 10 15
0 10
0 15


13844 0 10 15
0 10
0 15


13845 0 10 15
0 10
0 15


13846 0 10 15
0 10
0 15


13847 0 10 15
0 10
0 15


13848 0 10 15
0 10
0 15


13849 0 10 15
0 10
0 15


13850 0 10 15
0 10
0 15


13851 0 10 15
0 10
0 15


13852 0 10 15
0 10
0 15


13853 0 10 15
0 10
0 15


13854 0 10 15
0 10
0 15


13855 0 10 15
0 10
0 15


13856 0 10 15
0 10
0 15


13857 0 10 15
0 10
0 15


13858 0 10 15
0 10
0 15


13859 0 10 15
0 10
0 15


13860 0 10 15
0 10
0 15


13861 0 10 15
0 10
0 15


13862 0 10 15
0 10
0 15


13863 0 10 15
0 10
0 15


13864 0 10 15
0 10
0 15


13865 0 10 15
0 10
0 15


13866 0 10 15
0 10
0 15


13867 0 10 15
0 10
0 15


13868 0 10 15
0 10
0 15


13869 0 10 15
0 10
0 15


13870 0 10 15
0 10
0 15


13871 0 10 15
0 10
0 15


13872 0 10 15
0 10
0 15


13873 0 10 15
0 10
0 15


13874 0 10 15
0 10
0 15


13875 0 10 15
0 10
0 15


13876 0 10 15
0 10
0 15


13877 0 10 15
0 10
0 15


13878 0 10 15
0 10
0 15


13879 0 10 15
0 10
0 15


13880 0 10 15
0 10
0 15


13881 0 10 15
0 10
0 15


13882 0 10 15
0 10
0 15


13883 0 10 15
0 10
0 15


13884 0 10 15
0 10
0 15


13885 0 10 15
0 10
0 15


13886 0 10 15
0 10
0 15


13887 0 10 15
0 10
0 15


13888 0 10 15
0 10
0 15


13889 0 10 15
0 10
0 15


13890 0 10 15
0 10
0 15


13891 0 10 15
0 10
0 15


13892 0 10 15
0 10
0 15


13893 0 10 15
0 10
0 15


13894 0 10 15
0 10
0 15


13895 0 10 15
0 10
0 15


13896 0 10 15
0 10
0 15


13897 0 10 15
0 10
0 15


13898 0 10 15
0 10
0 15


13899 0 10 15
0 10
0 15


13900 0 10 15
0 10
0 15


13901 0 10 15
0 10
0 15


13902 0 10 15
0 10
0 15


13903 0 10 15
0 10
0 15


13904 0 10 15
0 10
0 15


13905 0 10 15
0 10
0 15


13906 0 10 15
0 10
0 15


13907 0 10 15
0 10
0 15


13908 0 10 15
0 10
0 15


13909 0 10 15
0 10
0 15


13910 0 10 15
0 10
0 15


13911 0 10 15
0 10
0 15


13912 0 10 15
0 10
0 15


13913 0 10 15
0 10
0 15


13914 0 10 15
0 10
0 15


13915 0 10 15
0 10
0 15


13916 0 10 15
0 10
0 15


13917 0 10 15
0 10
0 15


13918 0 10 15
0 10
0 15


13919 0 10 15
0 10
0 15


13920 0 10 15
0 10
0 15


13921 0 10 15
0 10
0 15


13922 0 10 15
0 10
0 15


13923 0 10 15
0 10
0 15


13924 0 10 15
0 10
0 15


13925 0 10 15
0 10
0 15


13926 0 10 15
0 10
0 15


13927 0 10 15
0 10
0 15


13928 0 10 15
0 10
0 15


13929 0 10 15
0 10
0 15


13930 0 10 15
0 10
0 15


13931 0 10 15
0 10
0 15


13932 0 10 15
0 10
0 15


13933 0 10 15
0 10
0 15


13934 0 10 15
0 10
0 15


13935 0 10 15
0 10
0 15


13936 0 10 15
0 10
0 15


13937 0 10 15
0 10
0 15


13938 0 10 15
0 10
0 15


13939 0 10 15
0 10
0 15


13940 0 10 15
0 10
0 15


13941 0 10 15
0 10
0 15


13942 0 10 15
0 10
0 15


13943 0 10 15
0 10
0 15


13944 0 10 15
0 10
0 15


13945 0 10 15
0 10
0 15


13946 0 10 15
0 10
0 15


13947 0 10 15
0 10
0 15


13948 0 10 15
0 10
0 15


13949 0 10 15
0 10
0 15


13950 0 10 15
0 10
0 15


13951 0 10 15
0 10
0 15


13952 0 10 15
0 10
0 15


13953 0 10 15
0 10
0 15


13954 0 10 15
0 10
0 15


13955 0 10 15
0 10
0 15


13956 0 10 15
0 10
0 15


13957 0 10 15
0 10
0 15


13958 0 10 15
0 10
0 15


13959 0 10 15
0 10
0 15


13960 0 10 15
0 10
0 15


13961 0 10 15
0 10
0 15


13962 0 10 15
0 10
0 15


13963 0 10 15
0 10
0 15


13964 0 10 15
0 10
0 15


13965 0 10 15
0 10
0 15


13966 0 10 15
0 10
0 15


13967 0 10 15
0 10
0 15


13968 0 10 15
0 10
0 15


13969 0 10 15
0 10
0 15


13970 0 10 15
0 10
0 15


13971 0 10 15
0 10
0 15


13972 0 10 15
0 10
0 15


13973 0 10 15
0 10
0 15


13974 0 10 15
0 10
0 15


13975 0 10 15
0 10
0 15


13976 0 10 15
0 10
0 15


13977 0 10 15
0 10
0 15


13978 0 10 15
0 10
0 15


13979 0 10 15
0 10
0 15


13980 0 10 15
0 10
0 15


13981 0 10 15
0 10
0 15


13982 0 10 15
0 10
0 15


13983 0 10 15
0 10
0 15


13984 0 10 15
0 10
0 15


13985 0 10 15
0 10
0 15


13986 0 10 15
0 10
0 15


13987 0 10 15
0 10
0 15


13988 0 10 15
0 10
0 15


13989 0 10 15
0 10
0 15


13990 0 10 15
0 10
0 15


13991 0 10 15
0 10
0 15


13992 0 10 15
0 10
0 15


13993 0 10 15
0 10
0 15


13994 0 10 15
0 10
0 15


13995 0 10 15
0 10
0 15


13996 0 10 15
0 10
0 15


13997 0 10 15
0 10
0 15


13998 0 10 15
0 10
0 15


13999 0 10 15
0 10
0 15


14000 0 10 15
0 10
0 15


14001 0 10 15
0 10
0 15


14002 0 10 15
0 10
0 15


14003 0 10 15
0 10
0 15


14004 0 10 15
0 10
0 15


14005 0 10 15
0 10
0 15


14006 0 10 15
0 10
0 15


14007 0 10 15
0 10
0 15


14008 0 10 15
0 10
0 15


14009 0 10 15
0 10
0 15


14010 0 10 15
0 10
0 15


14011 0 10 15
0 10
0 15


14012 0 10 15
0 10
0 15


14013 0 10 15
0 10
0 15


14014 0 10 15
0 10
0 15


14015 0 10 15
0 10
0 15


14016 0 10 15
0 10
0 15


14017 0 10 15
0 10
0 15


14018 0 10 15
0 10
0 15


14019 0 10 15
0 10
0 15


14020 0 10 15
0 10
0 15


14021 0 10 15
0 10
0 15


14022 0 10 15
0 10
0 15


14023 0 10 15
0 10
0 15


14024 0 10 15
0 10
0 15


14025 0 10 15
0 10
0 15


14026 0 10 15
0 10
0 15


14027 0 10 15
0 10
0 15


14028 0 10 15
0 10
0 15


14029 0 10 15
0 10
0 15


14030 0 10 15
0 10
0 15


14031 0 10 15
0 10
0 15


14032 0 10 15
0 10
0 15


14033 0 10 15
0 10
0 15


14034 0 10 15
0 10
0 15


14035 0 10 15
0 10
0 15


14036 0 10 15
0 10
0 15


14037 0 10 15
0 10
0 15


14038 0 10 15
0 10
0 15


14039 0 10 15
0 10
0 15


14040 0 10 15
0 10
0 15


14041 0 10 15
0 10
0 15


14042 0 10 15
0 10
0 15


14043 0 10 15
0 10
0 15


14044 0 10 15
0 10
0 15


14045 0 10 15
0 10
0 15


14046 0 10 15
0 10
0 15


14047 0 10 15
0 10
0 15


14048 0 10 15
0 10
0 15


14049 0 10 15
0 10
0 15


14050 0 10 15
0 10
0 15


14051 0 10 15
0 10
0 15


14052 0 10 15
0 10
0 15


14053 0 10 15
0 10
0 15


14054 0 10 15
0 10
0 15


14055 0 10 15
0 10
0 15


14056 0 10 15
0 10
0 15


14057 0 10 15
0 10
0 15


14058 0 10 15
0 10
0 15


14059 0 10 15
0 10
0 15


14060 0 10 15
0 10
0 15


14061 0 10 15
0 10
0 15


14062 0 10 15
0 10
0 15


14063 0 10 15
0 10
0 15


14064 0 10 15
0 10
0 15


14065 0 10 15
0 10
0 15


14066 0 10 15
0 10
0 15


14067 0 10 15
0 10
0 15


14068 0 10 15
0 10
0 15


14069 0 10 15
0 10
0 15


14070 0 10 15
0 10
0 15


14071 0 10 15
0 10
0 15


14072 0 10 15
0 10
0 15


14073 0 10 15
0 10
0 15


14074 0 10 15
0 10
0 15


14075 0 10 15
0 10
0 15


14076 0 10 15
0 10
0 15


14077 0 10 15
0 10
0 15


14078 0 10 15
0 10
0 15


14079 0 10 15
0 10
0 15


14080 0 10 15
0 10
0 15


14081 0 10 15
0 10
0 15


14082 0 10 15
0 10
0 15


14083 0 10 15
0 10
0 15


14084 0 10 15
0 10
0 15


14085 0 10 15
0 10
0 15


14086 0 10 15
0 10
0 15


14087 0 10 15
0 10
0 15


14088 0 10 15
0 10
0 15


14089 0 10 15
0 10
0 15


14090 0 10 15
0 10
0 15


14091 0 10 15
0 10
0 15


14092 0 10 15
0 10
0 15


14093 0 10 15
0 10
0 15


14094 0 10 15
0 10
0 15


14095 0 10 15
0 10
0 15


14096 0 10 15
0 10
0 15


14097 0 10 15
0 10
0 15


14098 0 10 15
0 10
0 15


14099 0 10 15
0 10
0 15


14100 0 10 15
0 10
0 15


14101 0 10 15
0 10
0 15


14102 0 10 15
0 10
0 15


14103 0 10 15
0 10
0 15


14104 0 10 15
0 10
0 15


14105 0 10 15
0 10
0 15


14106 0 10 15
0 10
0 15


14107 0 10 15
0 10
0 15


14108 0 10 15
0 10
0 15


14109 0 10 15
0 10
0 15


14110 0 10 15
0 10
0 15


14111 0 10 15
0 10
0 15


14112 0 10 15
0 10
0 15


14113 0 10 15
0 10
0 15


14114 0 10 15
0 10
0 15


14115 0 10 15
0 10
0 15


19316 3 9 12
3 9
3 12


19317 3 9 12
3 9
3 12


19318 3 9 12
3 9
3 12


19319 3 9 12
3 9
3 12


19320 3 9 12
3 9
3 12


19321 3 9 12
3 9
3 12


19322 3 9 12
3 9
3 12


19323 3 9 12
3 9
3 12


19324 3 9 12
3 9
3 12


19325 3 9 12
3 9
3 12


19326 3 9 12
3 9
3 12


19327 3 9 12
3 9
3 12


19328 3 9 12
3 9
3 12


19329 3 9 12
3 9
3 12


19330 3 9 12
3 9
3 12


19331 3 9 12
3 9
3 12


19332 3 9 12
3 9
3 12


19333 3 9 12
3 9
3 12


19334 3 9 12
3 9
3 12


19335 3 9 12
3 9
3 12


19336 3 9 12
3 9
3 12


19337 3 9 12
3 9
3 12


19338 3 9 12
3 9
3 12


19339 3 9 12
3 9
3 12


19340 3 9 12
3 9
3 12


19341 3 9 12
3 9
3 12


19342 3 9 12
3 9
3 12


19343 3 9 12
3 9
3 12


19344 3 9 12
3 9
3 12


19345 3 9 12
3 9
3 12


19346 3 9 12
3 9
3 12


19347 3 9 12
3 9
3 12


19348 3 9 12
3 9
3 12


19349 3 9 12
3 9
3 12


19350 3 9 12
3 9
3 12


19351 3 9 12
3 9
3 12


19352 3 9 12
3 9
3 12


19353 3 9 12
3 9
3 12


19354 3 9 12
3 9
3 12


19355 3 9 12
3 9
3 12


19356 3 9 12
3 9
3 12


19357 3 9 12
3 9
3 12


19358 3 9 12
3 9
3 12


19359 3 9 12
3 9
3 12


19360 3 9 12
3 9
3 12


19361 3 9 12
3 9
3 12


19362 3 9 12
3 9
3 12


19363 3 9 12
3 9
3 12


19364 3 9 12
3 9
3 12


19365 3 9 12
3 9
3 12


19366 3 9 12
3 9
3 12


19367 3 9 12
3 9
3 12


19368 3 9 12
3 9
3 12


19369 3 9 12
3 9
3 12


19370 3 9 12
3 9
3 12


19371 3 9 12
3 9
3 12


19372 3 9 12
3 9
3 12


19373 3 9 12
3 9
3 12


19374 3 9 12
3 9
3 12


19375 3 9 12
3 9
3 12


19376 3 9 12
3 9
3 12


19377 3 9 12
3 9
3 12


19378 3 9 12
3 9
3 12


19379 3 9 12
3 9
3 12


19380 3 9 12
3 9
3 12


19381 3 9 12
3 9
3 12


19382 3 9 12
3 9
3 12


19383 3 9 12
3 9
3 12


19384 3 9 12
3 9
3 12


19385 3 9 12
3 9
3 12


19386 3 9 12
3 9
3 12


19387 3 9 12
3 9
3 12


19388 3 9 12
3 9
3 12


19389 3 9 12
3 9
3 12


19390 3 9 12
3 9
3 12


19391 3 9 12
3 9
3 12


19392 3 9 12
3 9
3 12


19393 3 9 12
3 9
3 12


19394 3 9 12
3 9
3 12


19395 3 9 12
3 9
3 12


19396 3 9 12
3 9
3 12


19397 3 9 12
3 9
3 12


19398 3 9 12
3 9
3 12


19399 3 9 12
3 9
3 12


19400 3 9 12
3 9
3 12


19401 3 9 12
3 9
3 12


19402 3 9 12
3 9
3 12


19403 3 9 12
3 9
3 12


19404 3 9 12
3 9
3 12


19405 3 9 12
3 9
3 12


19406 3 9 12
3 9
3 12


19407 3 9 12
3 9
3 12


19408 3 9 12
3 9
3 12


19409 3 9 12
3 9
3 12


19410 3 9 12
3 9
3 12


19411 3 9 12
3 9
3 12


19412 3 9 12
3 9
3 12


19413 3 9 12
3 9
3 12


19414 3 9 12
3 9
3 12


19415 3 9 12
3 9
3 12


19416 3 9 12
3 9
3 12


19417 3 9 12
3 9
3 12


19418 3 9 12
3 9
3 12


19419 3 9 12
3 9
3 12


19420 3 9 12
3 9
3 12


19421 3 9 12
3 9
3 12


19422 3 9 12
3 9
3 12


19423 3 9 12
3 9
3 12


19424 3 9 12
3 9
3 12


19425 3 9 12
3 9
3 12


19426 3 9 12
3 9
3 12


19427 3 9 12
3 9
3 12


19428 3 9 12
3 9
3 12


19429 3 9 12
3 9
3 12


19430 3 9 12
3 9
3 12


19431 3 9 12
3 9
3 12


19432 3 9 12
3 9
3 12


19433 3 9 12
3 9
3 12


19434 3 9 12
3 9
3 12


19435 3 9 12
3 9
3 12


19436 3 9 12
3 9
3 12


19437 3 9 12
3 9
3 12


19438 3 9 12
3 9
3 12


19439 3 9 12
3 9
3 12


19440 3 9 12
3 9
3 12


19441 3 9 12
3 9
3 12


19442 3 9 12
3 9
3 12


19443 3 9 12
3 9
3 12


19444 3 9 12
3 9
3 12


19445 3 9 12
3 9
3 12


19446 3 9 12
3 9
3 12


19447 3 9 12
3 9
3 12


19448 3 9 12
3 9
3 12


19449 3 9 12
3 9
3 12


19450 3 9 12
3 9
3 12


19451 3 9 12
3 9
3 12


19452 3 9 12
3 9
3 12


19453 3 9 12
3 9
3 12


19454 3 9 12
3 9
3 12


19455 3 9 12
3 9
3 12


19456 3 9 12
3 9
3 12


19457 3 9 12
3 9
3 12


19458 3 9 12
3 9
3 12


19459 3 9 12
3 9
3 12


19460 3 9 12
3 9
3 12


19461 3 9 12
3 9
3 12


19462 3 9 12
3 9
3 12


19463 3 9 12
3 9
3 12


19464 3 9 12
3 9
3 12


19465 3 9 12
3 9
3 12


19466 3 9 12
3 9
3 12


19467 3 9 12
3 9
3 12


19468 3 9 12
3 9
3 12


19469 3 9 12
3 9
3 12


19470 3 9 12
3 9
3 12


19471 3 9 12
3 9
3 12


19472 3 9 12
3 9
3 12


19473 3 9 12
3 9
3 12


19474 3 9 12
3 9
3 12


19475 3 9 12
3 9
3 12


19476 3 9 12
3 9
3 12


19477 3 9 12
3 9
3 12


19478 3 9 12
3 9
3 12


19479 3 9 12
3 9
3 12


19480 3 9 12
3 9
3 12


19481 3 9 12
3 9
3 12


19482 3 9 12
3 9
3 12


19483 3 9 12
3 9
3 12


19484 3 9 12
3 9
3 12


19485 3 9 12
3 9
3 12


19486 3 9 12
3 9
3 12


19487 3 9 12
3 9
3 12


19488 3 9 12
3 9
3 12


19489 3 9 12
3 9
3 12


19490 3 9 12
3 9
3 12


19491 3 9 12
3 9
3 12


19492 3 9 12
3 9
3 12


19493 3 9 12
3 9
3 12


19494 3 9 12
3 9
3 12


19495 3 9 12
3 9
3 12


19496 3 9 12
3 9
3 12


19497 3 9 12
3 9
3 12


19498 3 9 12
3 9
3 12


19499 3 9 12
3 9
3 12


19500 3 9 12
3 9
3 12


19501 3 9 12
3 9
3 12


19502 3 9 12
3 9
3 12


19503 3 9 12
3 9
3 12


19504 3 9 12
3 9
3 12


19505 3 9 12
3 9
3 12


19506 3 9 12
3 9
3 12


19507 3 9 12
3 9
3 12


19508 3 9 12
3 9
3 12


19509 3 9 12
3 9
3 12


19510 3 9 12
3 9
3 12


19511 3 9 12
3 9
3 12


19512 3 9 12
3 9
3 12


19513 3 9 12
3 9
3 12


19514 3 9 12
3 9
3 12


19515 3 9 12
3 9
3 12


19516 3 9 12
3 9
3 12


19517 3 9 12
3 9
3 12


19518 3 9 12
3 9
3 12


19519 3 9 12
3 9
3 12


19520 3 9 12
3 9
3 12


19521 3 9 12
3 9
3 12


19522 3 9 12
3 9
3 12


19523 3 9 12
3 9
3 12


19524 3 9 12
3 9
3 12


19525 3 9 12
3 9
3 12


19526 3 9 12
3 9
3 12


19527 3 9 12
3 9
3 12


19528 3 9 12
3 9
3 12


19529 3 9 12
3 9
3 12


19530 3 9 12
3 9
3 12


19531 3 9 12
3 9
3 12


19532 3 9 12
3 9
3 12


19533 3 9 12
3 9
3 12


19534 3 9 12
3 9
3 12


19535 3 9 12
3 9
3 12


19536 3 9 12
3 9
3 12


19537 3 9 12
3 9
3 12


19538 3 9 12
3 9
3 12


19539 3 9 12
3 9
3 12


19540 3 9 12
3 9
3 12


19541 3 9 12
3 9
3 12


19542 3 9 12
3 9
3 12


19543 3 9 12
3 9
3 12


19544 3 9 12
3 9
3 12


19545 3 9 12
3 9
3 12


19546 3 9 12
3 9
3 12


19547 3 9 12
3 9
3 12


19548 3 9 12
3 9
3 12


19549 3 9 12
3 9
3 12


19550 3 9 12
3 9
3 12


19551 3 9 12
3 9
3 12


19552 3 9 12
3 9
3 12


19553 3 9 12
3 9
3 12


19554 3 9 12
3 9
3 12


19555 3 9 12
3 9
3 12


19556 3 9 12
3 9
3 12


19557 3 9 12
3 9
3 12


19558 3 9 12
3 9
3 12


19559 3 9 12
3 9
3 12


19560 3 9 12
3 9
3 12


19561 3 9 12
3 9
3 12


19562 3 9 12
3 9
3 12


19563 3 9 12
3 9
3 12


19564 3 9 12
3 9
3 12


19565 3 9 12
3 9
3 12


19566 3 9 12
3 9
3 12


19567 3 9 12
3 9
3 12


19568 3 9 12
3 9
3 12


19569 3 9 12
3 9
3 12


19570 3 9 12
3 9
3 12


19571 3 9 12
3 9
3 12


19572 3 9 12
3 9
3 12


19573 3 9 12
3 9
3 12


19574 3 9 12
3 9
3 12


19575 3 9 12
3 9
3 12


19576 3 9 12
3 9
3 12


19577 3 9 12
3 9
3 12


19578 3 9 12
3 9
3 12


19579 3 9 12
3 9
3 12


19580 3 9 12
3 9
3 12


19581 3 9 12
3 9
3 12


19582 3 9 12
3 9
3 12


19583 3 9 12
3 9
3 12


19584 3 9 12
3 9
3 12


19585 3 9 12
3 9
3 12


19586 3 9 12
3 9
3 12


19587 3 9 12
3 9
3 12


19588 3 9 12
3 9
3 12


19589 3 9 12
3 9
3 12


19590 3 9 12
3 9
3 12


19591 3 9 12
3 9
3 12


19592 3 9 12
3 9
3 12


19593 3 9 12
3 9
3 12


19594 3 9 12
3 9
3 12


19595 3 9 12
3 9
3 12


19596 3 9 12
3 9
3 12


19597 3 9 12
3 9
3 12


19598 3 9 12
3 9
3 12


19599 3 9 12
3 9
3 12


19600 3 9 12
3 9
3 12


19601 3 9 12
3 9
3 12


19602 3 9 12
3 9
3 12


19603 3 9 12
3 9
3 12


19604 3 9 12
3 9
3 12


19605 3 9 12
3 9
3 12


19606 3 9 12
3 9
3 12


19607 3 9 12
3 9
3 12


19608 3 9 12
3 9
3 12


19609 3 9 12
3 9
3 12


19610 3 9 12
3 9
3 12


19611 3 9 12
3 9
3 12


19612 3 9 12
3 9
3 12


19613 3 9 12
3 9
3 12


19614 3 9 12
3 9
3 12


19615 3 9 12
3 9
3 12


19616 3 9 12
3 9
3 12


19617 3 9 12
3 9
3 12


19618 3 9 12
3 9
3 12


19619 3 9 12
3 9
3 12


19620 3 9 12
3 9
3 12


19621 3 9 12
3 9
3 12


19622 3 9 12
3 9
3 12


19623 3 9 12
3 9
3 12


19624 3 9 12
3 9
3 12


19625 3 9 12
3 9
3 12


19626 3 9 12
3 9
3 12


19627 3 9 12
3 9
3 12


19628 3 9 12
3 9
3 12


19629 3 9 12
3 9
3 12


19630 3 9 12
3 9
3 12


19631 3 9 12
3 9
3 12


19632 3 9 12
3 9
3 12


19633 3 9 12
3 9
3 12


19634 3 9 12
3 9
3 12


19635 3 9 12
3 9
3 12


19636 3 9 12
3 9
3 12


19637 3 9 12
3 9
3 12


19638 3 9 12
3 9
3 12


19639 3 9 12
3 9
3 12


19640 3 9 12
3 9
3 12


19641 3 9 12
3 9
3 12


19642 3 9 12
3 9
3 12


19643 3 9 12
3 9
3 12


19644 3 9 12
3 9
3 12


19645 3 9 12
3 9
3 12


19646 3 9 12
3 9
3 12


19647 3 9 12
3 9
3 12


19648 3 9 12
3 9
3 12


19649 3 9 12
3 9
3 12


19650 3 9 12
3 9
3 12


19651 3 9 12
3 9
3 12


19652 3 9 12
3 9
3 12


19653 3 9 12
3 9
3 12


19654 3 9 12
3 9
3 12


19655 3 9 12
3 9
3 12


19656 3 9 12
3 9
3 12


19657 3 9 12
3 9
3 12


19658 3 9 12
3 9
3 12


19659 3 9 12
3 9
3 12


19660 3 9 12
3 9
3 12


19661 3 9 12
3 9
3 12


19662 3 9 12
3 9
3 12


19663 3 9 12
3 9
3 12


19664 3 9 12
3 9
3 12


19665 3 9 12
3 9
3 12


19666 3 9 12
3 9
3 12


19667 3 9 12
3 9
3 12


19668 3 9 12
3 9
3 12


19669 3 9 12
3 9
3 12


19670 3 9 12
3 9
3 12


19671 3 9 12
3 9
3 12


19672 3 9 12
3 9
3 12


19673 3 9 12
3 9
3 12


19674 3 9 12
3 9
3 12


19675 3 9 12
3 9
3 12


19676 3 9 12
3 9
3 12


19677 3 9 12
3 9
3 12


19678 3 9 12
3 9
3 12


19679 3 9 12
3 9
3 12


19680 3 9 12
3 9
3 12


19681 3 9 12
3 9
3 12


19682 3 9 12
3 9
3 12


19683 3 9 12
3 9
3 12


19684 3 9 12
3 9
3 12


19685 3 9 12
3 9
3 12


19686 3 9 12
3 9
3 12


19687 3 9 12
3 9
3 12


19688 3 9 12
3 9
3 12


19689 3 9 12
3 9
3 12


19690 3 9 12
3 9
3 12


19691 3 9 12
3 9
3 12


19692 3 9 12
3 9
3 12


19693 3 9 12
3 9
3 12


19694 3 9 12
3 9
3 12


19695 3 9 12
3 9
3 12


19696 3 9 12
3 9
3 12


19697 3 9 12
3 9
3 12


19698 3 9 12
3 9
3 12


19699 3 9 12
3 9
3 12


19700 3 9 12
3 9
3 12


19701 3 9 12
3 9
3 12


19702 3 9 12
3 9
3 12


19703 3 9 12
3 9
3 12


19704 3 9 12
3 9
3 12


19705 3 9 12
3 9
3 12


19706 3 9 12
3 9
3 12


19707 3 9 12
3 9
3 12


19708 3 9 12
3 9
3 12


19709 3 9 12
3 9
3 12


19710 3 9 12
3 9
3 12


19711 3 9 12
3 9
3 12


19712 3 9 12
3 9
3 12


19713 3 9 12
3 9
3 12


19714 3 9 12
3 9
3 12


19715 3 9 12
3 9
3 12


19716 3 9 12
3 9
3 12


19717 3 9 12
3 9
3 12


19718 3 9 12
3 9
3 12


19719 3 9 12
3 9
3 12


19720 3 9 12
3 9
3 12


19721 3 9 12
3 9
3 12


19722 3 9 12
3 9
3 12


19723 3 9 12
3 9
3 12


19724 3 9 12
3 9
3 12


19725 3 9 12
3 9
3 12


19726 3 9 12
3 9
3 12


19727 3 9 12
3 9
3 12


19728 3 9 12
3 9
3 12


19729 3 9 12
3 9
3 12


19730 3 9 12
3 9
3 12


19731 3 9 12
3 9
3 12


19732 3 9 12
3 9
3 12


19733 3 9 12
3 9
3 12


19734 3 9 12
3 9
3 12


19735 3 9 12
3 9
3 12


19736 3 9 12
3 9
3 12


19737 3 9 12
3 9
3 12


19738 3 9 12
3 9
3 12


19739 3 9 12
3 9
3 12


19740 3 9 12
3 9
3 12


19741 3 9 12
3 9
3 12


19742 3 9 12
3 9
3 12


19743 3 9 12
3 9
3 12


19744 3 9 12
3 9
3 12


19745 3 9 12
3 9
3 12


19746 3 9 12
3 9
3 12


19747 3 9 12
3 9
3 12


19748 3 9 12
3 9
3 12


19749 3 9 12
3 9
3 12


19750 3 9 12
3 9
3 12


19751 3 9 12
3 9
3 12


19752 3 9 12
3 9
3 12


19753 3 9 12
3 9
3 12


19754 3 9 12
3 9
3 12


19755 3 9 12
3 9
3 12


19756 3 9 12
3 9
3 12


19757 3 9 12
3 9
3 12


19758 3 9 12
3 9
3 12


19759 3 9 12
3 9
3 12


19760 3 9 12
3 9
3 12


19761 3 9 12
3 9
3 12


19762 3 9 12
3 9
3 12


19763 3 9 12
3 9
3 12


19764 3 9 12
3 9
3 12


19765 3 9 12
3 9
3 12


19766 3 9 12
3 9
3 12


19767 3 9 12
3 9
3 12


19768 3 9 12
3 9
3 12


19769 3 9 12
3 9
3 12


19770 3 9 12
3 9
3 12


19771 3 9 12
3 9
3 12


19772 3 9 12
3 9
3 12


19773 3 9 12
3 9
3 12


19774 3 9 12
3 9
3 12


19775 3 9 12
3 9
3 12


19776 3 9 12
3 9
3 12


19777 3 9 12
3 9
3 12


19778 3 9 12
3 9
3 12


19779 3 9 12
3 9
3 12


19780 3 9 12
3 9
3 12


19781 3 9 12
3 9
3 12


19782 3 9 12
3 9
3 12


19783 3 9 12
3 9
3 12


19784 3 9 12
3 9
3 12


19785 3 9 12
3 9
3 12


19786 3 9 12
3 9
3 12


19787 3 9 12
3 9
3 12


19788 3 9 12
3 9
3 12


19789 3 9 12
3 9
3 12


19790 3 9 12
3 9
3 12


19791 3 9 12
3 9
3 12


19792 3 9 12
3 9
3 12


19793 3 9 12
3 9
3 12


19794 3 9 12
3 9
3 12


19795 3 9 12
3 9
3 12


19796 3 9 12
3 9
3 12


19797 3 9 12
3 9
3 12


19798 3 9 12
3 9
3 12


19799 3 9 12
3 9
3 12


19800 3 9 12
3 9
3 12


19801 3 9 12
3 9
3 12


19802 3 9 12
3 9
3 12


19803 3 9 12
3 9
3 12


19804 3 9 12
3 9
3 12


19805 3 9 12
3 9
3 12


19806 3 9 12
3 9
3 12


19807 3 9 12
3 9
3 12


19808 3 9 12
3 9
3 12


19809 3 9 12
3 9
3 12


19810 3 9 12
3 9
3 12


19811 3 9 12
3 9
3 12


19812 3 9 12
3 9
3 12


19813 3 9 12
3 9
3 12


19814 3 9 12
3 9
3 12


19815 3 9 12
3 9
3 12


19816 3 9 12
3 9
3 12


19817 3 9 12
3 9
3 12


19818 3 9 12
3 9
3 12


19819 3 9 12
3 9
3 12


19820 3 9 12
3 9
3 12


19821 3 9 12
3 9
3 12


19822 3 9 12
3 9
3 12


19823 3 9 12
3 9
3 12


19824 3 9 12
3 9
3 12


19825 3 9 12
3 9
3 12


19826 3 9 12
3 9
3 12


19827 3 9 12
3 9
3 12


25028 10 0 5
10 0
10 5


25029 10 0 5
10 0
10 5


25030 10 0 5
10 0
10 5


25031 10 0 5
10 0
10 5


25032 10 0 5
10 0
10 5


25033 10 0 5
10 0
10 5


25034 10 0 5
10 0
10 5


25035 10 0 5
10 0
10 5


25036 10 0 5
10 0
10 5


25037 10 0 5
10 0
10 5


25038 10 0 5
10 0
10 5


25039 10 0 5
10 0
10 5


25040 10 0 5
10 0
10 5


25041 10 0 5
10 0
10 5


25042 10 0 5
10 0
10 5


25043 10 0 5
10 0
10 5


25044 10 0 5
10 0
10 5


25045 10 0 5
10 0
10 5


25046 10 0 5
10 0
10 5


25047 10 0 5
10 0
10 5


25048 10 0 5
10 0
10 5


25049 10 0 5
10 0
10 5


25050 10 0 5
10 0
10 5


25051 10 0 5
10 0
10 5


25052 10 0 5
10 0
10 5


25053 10 0 5
10 0
10 5


25054 10 0 5
10 0
10 5


25055 10 0 5
10 0
10 5


25056 10 0 5
10 0
10 5


25057 10 0 5
10 0
10 5


25058 10 0 5
10 0
10 5


25059 10 0 5
10 0
10 5


25060 10 0 5
10 0
10 5


25061 10 0 5
10 0
10 5


25062 10 0 5
10 0
10 5


25063 10 0 5
10 0
10 5


25064 10 0 5
10 0
10 5


25065 10 0 5
10 0
10 5


25066 10 0 5
10 0
10 5


25067 10 0 5
10 0
10 5


25068 10 0 5
10 0
10 5


25069 10 0 5
10 0
10 5


25070 10 0 5
10 0
10 5


25071 10 0 5
10 0
10 5


25072 10 0 5
10 0
10 5


25073 10 0 5
10 0
10 5


25074 10 0 5
10 0
10 5


25075 10 0 5
10 0
10 5


25076 10 0 5
10 0
10 5


25077 10 0 5
10 0
10 5


25078 10 0 5
10 0
10 5


25079 10 0 5
10 0
10 5


25080 10 0 5
10 0
10 5


25081 10 0 5
10 0
10 5


25082 10 0 5
10 0
10 5


25083 10 0 5
10 0
10 5


25084 10 0 5
10 0
10 5


25085 10 0 5
10 0
10 5


25086 10 0 5
10 0
10 5


25087 10 0 5
10 0
10 5


25088 10 0 5
10 0
10 5


25089 10 0 5
10 0
10 5


25090 10 0 5
10 0
10 5


25091 10 0 5
10 0
10 5


25092 10 0 5
10 0
10 5


25093 10 0 5
10 0
10 5


25094 10 0 5
10 0
10 5


25095 10 0 5
10 0
10 5


25096 10 0 5
10 0
10 5


25097 10 0 5
10 0
10 5


25098 10 0 5
10 0
10 5


25099 10 0 5
10 0
10 5


25100 10 0 5
10 0
10 5


25101 10 0 5
10 0
10 5


25102 10 0 5
10 0
10 5


25103 10 0 5
10 0
10 5


25104 10 0 5
10 0
10 5


25105 10 0 5
10 0
10 5


25106 10 0 5
10 0
10 5


25107 10 0 5
10 0
10 5


25108 10 0 5
10 0
10 5


25109 10 0 5
10 0
10 5


25110 10 0 5
10 0
10 5


25111 10 0 5
10 0
10 5


25112 10 0 5
10 0
10 5


25113 10 0 5
10 0
10 5


25114 10 0 5
10 0
10 5


25115 10 0 5
10 0
10 5


25116 10 0 5
10 0
10 5


25117 10 0 5
10 0
10 5


25118 10 0 5
10 0
10 5


25119 10 0 5
10 0
10 5


25120 10 0 5
10 0
10 5


25121 10 0 5
10 0
10 5


25122 10 0 5
10 0
10 5


25123 10 0 5
10 0
10 5


25124 10 0 5
10 0
10 5


25125 10 0 5
10 0
10 5


25126 10 0 5
10 0
10 5


25127 10 0 5
10 0
10 5


25128 10 0 5
10 0
10 5


25129 10 0 5
10 0
10 5


25130 10 0 5
10 0
10 5


25131 10 0 5
10 0
10 5


25132 10 0 5
10 0
10 5


25133 10 0 5
10 0
10 5


25134 10 0 5
10 0
10 5


25135 10 0 5
10 0
10 5


25136 10 0 5
10 0
10 5


25137 10 0 5
10 0
10 5


25138 10 0 5
10 0
10 5


25139 10 0 5
10 0
10 5


25140 10 0 5
10 0
10 5


25141 10 0 5
10 0
10 5


25142 10 0 5
10 0
10 5


25143 10 0 5
10 0
10 5


25144 10 0 5
10 0
10 5


25145 10 0 5
10 0
10 5


25146 10 0 5
10 0
10 5


25147 10 0 5
10 0
10 5


25148 10 0 5
10 0
10 5


25149 10 0 5
10 0
10 5


25150 10 0 5
10 0
10 5


25151 10 0 5
10 0
10 5


25152 10 0 5
10 0
10 5


25153 10 0 5
10 0
10 5


25154 10 0 5
10 0
10 5


25155 10 0 5
10 0
10 5


25156 10 0 5
10 0
10 5


25157 10 0 5
10 0
10 5


25158 10 0 5
10 0
10 5


25159 10 0 5
10 0
10 5


25160 10 0 5
10 0
10 5


25161 10 0 5
10 0
10 5


25162 10 0 5
10 0
10 5


25163 10 0 5
10 0
10 5


25164 10 0 5
10 0
10 5


25165 10 0 5
10 0
10 5


25166 10 0 5
10 0
10 5


25167 10 0 5
10 0
10 5


25168 10 0 5
10 0
10 5


25169 10 0 5
10 0
10 5


25170 10 0 5
10 0
10 5


25171 10 0 5
10 0
10 5


25172 10 0 5
10 0
10 5


25173 10 0 5
10 0
10 5


25174 10 0 5
10 0
10 5


25175 10 0 5
10 0
10 5


25176 10 0 5
10 0
10 5


25177 10 0 5
10 0
10 5


25178 10 0 5
10 0
10 5


25179 10 0 5
10 0
10 5


25180 10 0 5
10 0
10 5


25181 10 0 5
10 0
10 5


25182 10 0 5
10 0
10 5


25183 10 0 5
10 0
10 5


25184 10 0 5
10 0
10 5


25185 10 0 5
10 0
10 5


25186 10 0 5
10 0
10 5


25187 10 0 5
10 0
10 5


25188 10 0 5
10 0
10 5


25189 10 0 5
10 0
10 5


25190 10 0 5
10 0
10 5


25191 10 0 5
10 0
10 5


25192 10 0 5
10 0
10 5


25193 10 0 5
10 0
10 5


25194 10 0 5
10 0
10 5


25195 10 0 5
10 0
10 5


25196 10 0 5
10 0
10 5


25197 10 0 5
10 0
10 5


25198 10 0 5
10 0
10 5


25199 10 0 5
10 0
10 5


25200 10 0 5
10 0
10 5


25201 10 0 5
10 0
10 5


25202 10 0 5
10 0
10 5


25203 10 0 5
10 0
10 5


25204 10 0 5
10 0
10 5


25205 10 0 5
10 0
10 5


25206 10 0 5
10 0
10 5


25207 10 0 5
10 0
10 5


25208 10 0 5
10 0
10 5


25209 10 0 5
10 0
10 5


25210 10 0 5
10 0
10 5


25211 10 0 5
10 0
10 5


25212 10 0 5
10 0
10 5


25213 10 0 5
10 0
10 5


25214 10 0 5
10 0
10 5


25215 10 0 5
10 0
10 5


25216 10 0 5
10 0
10 5


25217 10 0 5
10 0
10 5


25218 10 0 5
10 0
10 5


25219 10 0 5
10 0
10 5


25220 10 0 5
10 0
10 5


25221 10 0 5
10 0
10 5


25222 10 0 5
10 0
10 5


25223 10 0 5
10 0
10 5


25224 10 0 5
10 0
10 5


25225 10 0 5
10 0
10 5


25226 10 0 5
10 0
10 5


25227 10 0 5
10 0
10 5


25228 10 0 5
10 0
10 5


25229 10 0 5
10 0
10 5


25230 10 0 5
10 0
10 5


25231 10 0 5
10 0
10 5


25232 10 0 5
10 0
10 5


25233 10 0 5
10 0
10 5


25234 10 0 5
10 0
10 5


25235 10 0 5
10 0
10 5


25236 10 0 5
10 0
10 5


25237 10 0 5
10 0
10 5


25238 10 0 5
10 0
10 5


25239 10 0 5
10 0
10 5


25240 10 0 5
10 0
10 5


25241 10 0 5
10 0
10 5


25242 10 0 5
10 0
10 5


25243 10 0 5
10 0
10 5


25244 10 0 5
10 0
10 5


25245 10 0 5
10 0
10 5


25246 10 0 5
10 0
10 5


25247 10 0 5
10 0
10 5


25248 10 0 5
10 0
10 5


25249 10 0 5
10 0
10 5


25250 10 0 5
10 0
10 5


25251 10 0 5
10 0
10 5


25252 10 0 5
10 0
10 5


25253 10 0 5
10 0
10 5


25254 10 0 5
10 0
10 5


25255 10 0 5
10 0
10 5


25256 10 0 5
10 0
10 5


25257 10 0 5
10 0
10 5


25258 10 0 5
10 0
10 5


25259 10 0 5
10 0
10 5


25260 10 0 5
10 0
10 5


25261 10 0 5
10 0
10 5


25262 10 0 5
10 0
10 5


25263 10 0 5
10 0
10 5


25264 10 0 5
10 0
10 5


25265 10 0 5
10 0
10 5


25266 10 0 5
10 0
10 5


25267 10 0 5
10 0
10 5


25268 10 0 5
10 0
10 5


25269 10 0 5
10 0
10 5


25270 10 0 5
10 0
10 5


25271 10 0 5
10 0
10 5


25272 10 0 5
10 0
10 5


25273 10 0 5
10 0
10 5


25274 10 0 5
10 0
10 5


25275 10 0 5
10 0
10 5


25276 10 0 5
10 0
10 5


25277 10 0 5
10 0
10 5


25278 10 0 5
10 0
10 5


25279 10 0 5
10 0
10 5


25280 10 0 5
10 0
10 5


25281 10 0 5
10 0
10 5


25282 10 0 5
10 0
10 5


25283 10 0 5
10 0
10 5


25284 10 0 5
10 0
10 5


25285 10 0 5
10 0
10 5


25286 10 0 5
10 0
10 5


25287 10 0 5
10 0
10 5


25288 10 0 5
10 0
10 5


25289 10 0 5
10 0
10 5


25290 10 0 5
10 0
10 5


25291 10 0 5
10 0
10 5


25292 10 0 5
10 0
10 5


25293 10 0 5
10 0
10 5


25294 10 0 5
10 0
10 5


25295 10 0 5
10 0
10 5


25296 10 0 5
10 0
10 5


25297 10 0 5
10 0
10 5


25298 10 0 5
10 0
10 5


25299 10 0 5
10 0
10 5


25300 10 0 5
10 0
10 5


25301 10 0 5
10 0
10 5


25302 10 0 5
10 0
10 5


25303 10 0 5
10 0
10 5


25304 10 0 5
10 0
10 5


25305 10 0 5
10 0
10 5


25306 10 0 5
10 0
10 5


25307 10 0 5
10 0
10 5


25308 10 0 5
10 0
10 5


25309 10 0 5
10 0
10 5


25310 10 0 5
10 0
10 5


25311 10 0 5
10 0
10 5


25312 10 0 5
10 0
10 5


25313 10 0 5
10 0
10 5


25314 10 0 5
10 0
10 5


25315 10 0 5
10 0
10 5


25316 10 0 5
10 0
10 5


25317 10 0 5
10 0
10 5


25318 10 0 5
10 0
10 5


25319 10 0 5
10 0
10 5


25320 10 0 5
10 0
10 5


25321 10 0 5
10 0
10 5


25322 10 0 5
10 0
10 5


25323 10 0 5
10 0
10 5


25324 10 0 5
10 0
10 5


25325 10 0 5
10 0
10 5


25326 10 0 5
10 0
10 5


25327 10 0 5
10 0
10 5


25328 10 0 5
10 0
10 5


25329 10 0 5
10 0
10 5


25330 10 0 5
10 0
10 5


25331 10 0 5
10 0
10 5


25332 10 0 5
10 0
10 5


25333 10 0 5
10 0
10 5


25334 10 0 5
10 0
10 5


25335 10 0 5
10 0
10 5


25336 10 0 5
10 0
10 5


25337 10 0 5
10 0
10 5


25338 10 0 5
10 0
10 5


25339 10 0 5
10 0
10 5


25340 10 0 5
10 0
10 5


25341 10 0 5
10 0
10 5


25342 10 0 5
10 0
10 5


25343 10 0 5
10 0
10 5


25344 10 0 5
10 0
10 5


25345 10 0 5
10 0
10 5


25346 10 0 5
10 0
10 5


25347 10 0 5
10 0
10 5


25348 10 0 5
10 0
10 5


25349 10 0 5
10 0
10 5


25350 10 0 5
10 0
10 5


25351 10 0 5
10 0
10 5


25352 10 0 5
10 0
10 5


25353 10 0 5
10 0
10 5


25354 10 0 5
10 0
10 5


25355 10 0 5
10 0
10 5


25356 10 0 5
10 0
10 5


25357 10 0 5
10 0
10 5


25358 10 0 5
10 0
10 5


25359 10 0 5
10 0
10 5


25360 10 0 5
10 0
10 5


25361 10 0 5
10 0
10 5


25362 10 0 5
10 0
10 5


25363 10 0 5
10 0
10 5


25364 10 0 5
10 0
10 5


25365 10 0 5
10 0
10 5


25366 10 0 5
10 0
10 5


25367 10 0 5
10 0
10 5


25368 10 0 5
10 0
10 5


25369 10 0 5
10 0
10 5


25370 10 0 5
10 0
10 5


25371 10 0 5
10 0
10 5


25372 10 0 5
10 0
10 5


25373 10 0 5
10 0
10 5


25374 10 0 5
10 0
10 5


25375 10 0 5
10 0
10 5


25376 10 0 5
10 0
10 5


25377 10 0 5
10 0
10 5


25378 10 0 5
10 0
10 5


25379 10 0 5
10 0
10 5


25380 10 0 5
10 0
10 5


25381 10 0 5
10 0
10 5


25382 10 0 5
10 0
10 5


25383 10 0 5
10 0
10 5


25384 10 0 5
10 0
10 5


25385 10 0 5
10 0
10 5


25386 10 0 5
10 0
10 5


25387 10 0 5
10 0
10 5


25388 10 0 5
10 0
10 5


25389 10 0 5
10 0
10 5


25390 10 0 5
10 0
10 5


25391 10 0 5
10 0
10 5


25392 10 0 5
10 0
10 5


25393 10 0 5
10 0
10 5


25394 10 0 5
10 0
10 5


25395 10 0 5
10 0
10 5


25396 10 0 5
10 0
10 5


25397 10 0 5
10 0
10 5


25398 10 0 5
10 0
10 5


25399 10 0 5
10 0
10 5


25400 10 0 5
10 0
10 5


25401 10 0 5
10 0
10 5


25402 10 0 5
10 0
10 5


25403 10 0 5
10 0
10 5


25404 10 0 5
10 0
10 5


25405 10 0 5
10 0
10 5


25406 10 0 5
10 0
10 5


25407 10 0 5
10 0
10 5


25408 10 0 5
10 0
10 5


25409 10 0 5
10 0
10 5


25410 10 0 5
10 0
10 5


25411 10 0 5
10 0
10 5


25412 10 0 5
10 0
10 5


25413 10 0 5
10 0
10 5


25414 10 0 5
10 0
10 5


25415 10 0 5
10 0
10 5


25416 10 0 5
10 0
10 5


25417 10 0 5
10 0
10 5


25418 10 0 5
10 0
10 5


25419 10 0 5
10 0
10 5


25420 10 0 5
10 0
10 5


25421 10 0 5
10 0
10 5


25422 10 0 5
10 0
10 5


25423 10 0 5
10 0
10 5


25424 10 0 5
10 0
10 5


25425 10 0 5
10 0
10 5


25426 10 0 5
10 0
10 5


25427 10 0 5
10 0
10 5


25428 10 0 5
10 0
10 5


25429 10 0 5
10 0
10 5


25430 10 0 5
10 0
10 5


25431 10 0 5
10 0
10 5


25432 10 0 5
10 0
10 5


25433 10 0 5
10 0
10 5


25434 10 0 5
10 0
10 5


25435 10 0 5
10 0
10 5


25436 10 0 5
10 0
10 5


25437 10 0 5
10 0
10 5


25438 10 0 5
10 0
10 5


25439 10 0 5
10 0
10 5


25440 10 0 5
10 0
10 5


25441 10 0 5
10 0
10 5


25442 10 0 5
10 0
10 5


25443 10 0 5
10 0
10 5


25444 10 0 5
10 0
10 5


25445 10 0 5
10 0
10 5


25446 10 0 5
10 0
10 5


25447 10 0 5
10 0
10 5


25448 10 0 5
10 0
10 5


25449 10 0 5
10 0
10 5


25450 10 0 5
10 0
10 5


25451 10 0 5
10 0
10 5


25452 10 0 5
10 0
10 5


25453 10 0 5
10 0
10 5


25454 10 0 5
10 0
10 5


25455 10 0 5
10 0
10 5


25456 10 0 5
10 0
10 5


25457 10 0 5
10 0
10 5


25458 10 0 5
10 0
10 5


25459 10 0 5
10 0
10 5


25460 10 0 5
10 0
10 5


25461 10 0 5
10 0
10 5


25462 10 0 5
10 0
10 5


25463 10 0 5
10 0
10 5


25464 10 0 5
10 0
10 5


25465 10 0 5
10 0
10 5


25466 10 0 5
10 0
10 5


25467 10 0 5
10 0
10 5


25468 10 0 5
10 0
10 5


25469 10 0 5
10 0
10 5


25470 10 0 5
10 0
10 5


25471 10 0 5
10 0
10 5


25472 10 0 5
10 0
10 5


25473 10 0 5
10 0
10 5


25474 10 0 5
10 0
10 5


25475 10 0 5
10 0
10 5


25476 10 0 5
10 0
10 5


25477 10 0 5
10 0
10 5


25478 10 0 5
10 0
10 5


25479 10 0 5
10 0
10 5


25480 10 0 5
10 0
10 5


25481 10 0 5
10 0
10 5


25482 10 0 5
10 0
10 5


25483 10 0 5
10 0
10 5


25484 10 0 5
10 0
10 5


25485 10 0 5
10 0
10 5


25486 10 0 5
10 0
10 5


25487 10 0 5
10 0
10 5


25488 10 0 5
10 0
10 5


25489 10 0 5
10 0
10 5


25490 10 0 5
10 0
10 5


25491 10 0 5
10 0
10 5


25492 10 0 5
10 0
10 5


25493 10 0 5
10 0
10 5


25494 10 0 5
10 0
10 5


25495 10 0 5
10 0
10 5


25496 10 0 5
10 0
10 5


25497 10 0 5
10 0
10 5


25498 10 0 5
10 0
10 5


25499 10 0 5
10 0
10 5


25500 10 0 5
10 0
10 5


25501 10 0 5
10 0
10 5


25502 10 0 5
10 0
10 5


25503 10 0 5
10 0
10 5


25504 10 0 5
10 0
10 5


25505 10 0 5
10 0
10 5


25506 10 0 5
10 0
10 5


25507 10 0 5
10 0
10 5


25508 10 0 5
10 0
10 5


25509 10 0 5
10 0
10 5


25510 10 0 5
10 0
10 5


25511 10 0 5
10 0
10 5


25512 10 0 5
10 0
10 5


25513 10 0 5
10 0
10 5


25514 10 0 5
10 0
10 5


25515 10 0 5
10 0
10 5


25516 10 0 5
10 0
10 5


25517 10 0 5
10 0
10 5


25518 10 0 5
10 0
10 5


25519 10 0 5
10 0
10 5


25520 10 0 5
10 0
10 5


25521 10 0 5
10 0
10 5


25522 10 0 5
10 0
10 5


25523 10 0 5
10 0
10 5


25524 10 0 5
10 0
10 5


25525 10 0 5
10 0
10 5


25526 10 0 5
10 0
10 5


25527 10 0 5
10 0
10 5


25528 10 0 5
10 0
10 5


25529 10 0 5
10 0
10 5


25530 10 0 5
10 0
10 5


25531 10 0 5
10 0
10 5


25532 10 0 5
10 0
10 5


25533 10 0 5
10 0
10 5


25534 10 0 5
10 0
10 5


25535 10 0 5
10 0
10 5


25536 10 0 5
10 0
10 5


25537 10 0 5
10 0
10 5


25538 10 0 5
10 0
10 5


25539 10 0 5
10 0
10 5


