0 8 16 17
8 16
8 17


1 8 16 17
8 16
8 17


2 8 16 17
8 16
8 17


3 8 16 17
8 16
8 17


4 8 16 17
8 16
8 17


5 8 16 17
8 16
8 17


6 8 16 17
8 16
8 17


7 8 16 17
8 16
8 17


8 8 16 17
8 16
8 17


9 8 16 17
8 16
8 17


10 8 16 17
8 16
8 17


11 8 16 17
8 16
8 17


12 8 16 17
8 16
8 17


13 8 16 17
8 16
8 17


14 8 16 17
8 16
8 17


15 8 16 17
8 16
8 17


81 0 85 84
0 85
0 84


82 0 85 84
0 85
0 84


83 0 85 84
0 85
0 84


84 0 85 84
0 85
0 84


85 0 85 84
0 85
0 84


86 0 85 84
0 85
0 84


87 0 85 84
0 85
0 84


88 0 85 84
0 85
0 84


89 0 85 84
0 85
0 84


90 0 85 84
0 85
0 84


91 0 85 84
0 85
0 84


92 0 85 84
0 85
0 84


93 0 85 84
0 85
0 84


94 0 85 84
0 85
0 84


95 0 85 84
0 85
0 84


96 0 85 84
0 85
0 84


162 100 57 41
100 57
100 41


163 100 57 41
100 57
100 41


164 100 57 41
100 57
100 41


165 100 57 41
100 57
100 41


166 100 57 41
100 57
100 41


167 100 57 41
100 57
100 41


168 100 57 41
100 57
100 41


169 100 57 41
100 57
100 41


170 100 57 41
100 57
100 41


171 100 57 41
100 57
100 41


172 100 57 41
100 57
100 41


173 100 57 41
100 57
100 41


174 100 57 41
100 57
100 41


175 100 57 41
100 57
100 41


176 100 57 41
100 57
100 41


177 100 57 41
100 57
100 41


243 56 29 13
56 29
56 13


244 56 29 13
56 29
56 13


245 56 29 13
56 29
56 13


246 56 29 13
56 29
56 13


247 56 29 13
56 29
56 13


248 56 29 13
56 29
56 13


249 56 29 13
56 29
56 13


250 56 29 13
56 29
56 13


251 56 29 13
56 29
56 13


252 56 29 13
56 29
56 13


253 56 29 13
56 29
56 13


254 56 29 13
56 29
56 13


255 56 29 13
56 29
56 13


256 56 29 13
56 29
56 13


257 56 29 13
56 29
56 13


258 56 29 13
56 29
56 13


324 28 14 15
28 14
28 15


325 28 14 15
28 14
28 15


326 28 14 15
28 14
28 15


327 28 14 15
28 14
28 15


328 28 14 15
28 14
28 15


329 28 14 15
28 14
28 15


330 28 14 15
28 14
28 15


331 28 14 15
28 14
28 15


332 28 14 15
28 14
28 15


333 28 14 15
28 14
28 15


334 28 14 15
28 14
28 15


335 28 14 15
28 14
28 15


336 28 14 15
28 14
28 15


337 28 14 15
28 14
28 15


338 28 14 15
28 14
28 15


339 28 14 15
28 14
28 15


340 28 14 15
28 14
28 15


341 28 14 15
28 14
28 15


342 28 14 15
28 14
28 15


343 28 14 15
28 14
28 15


344 28 14 15
28 14
28 15


345 28 14 15
28 14
28 15


346 28 14 15
28 14
28 15


347 28 14 15
28 14
28 15


348 28 14 15
28 14
28 15


349 28 14 15
28 14
28 15


350 28 14 15
28 14
28 15


351 28 14 15
28 14
28 15


352 28 14 15
28 14
28 15


353 28 14 15
28 14
28 15


354 28 14 15
28 14
28 15


355 28 14 15
28 14
28 15


356 28 14 15
28 14
28 15


357 28 14 15
28 14
28 15


358 28 14 15
28 14
28 15


359 28 14 15
28 14
28 15


360 28 14 15
28 14
28 15


361 28 14 15
28 14
28 15


362 28 14 15
28 14
28 15


363 28 14 15
28 14
28 15


364 28 14 15
28 14
28 15


365 28 14 15
28 14
28 15


366 28 14 15
28 14
28 15


367 28 14 15
28 14
28 15


368 28 14 15
28 14
28 15


369 28 14 15
28 14
28 15


370 28 14 15
28 14
28 15


371 28 14 15
28 14
28 15


372 28 14 15
28 14
28 15


373 28 14 15
28 14
28 15


374 28 14 15
28 14
28 15


375 28 14 15
28 14
28 15


376 28 14 15
28 14
28 15


377 28 14 15
28 14
28 15


378 28 14 15
28 14
28 15


379 28 14 15
28 14
28 15


380 28 14 15
28 14
28 15


381 28 14 15
28 14
28 15


382 28 14 15
28 14
28 15


383 28 14 15
28 14
28 15


384 28 14 15
28 14
28 15


385 28 14 15
28 14
28 15


386 28 14 15
28 14
28 15


387 28 14 15
28 14
28 15


645 31 30 46
31 30
31 46


646 31 30 46
31 30
31 46


647 31 30 46
31 30
31 46


648 31 30 46
31 30
31 46


649 31 30 46
31 30
31 46


650 31 30 46
31 30
31 46


651 31 30 46
31 30
31 46


652 31 30 46
31 30
31 46


653 31 30 46
31 30
31 46


654 31 30 46
31 30
31 46


655 31 30 46
31 30
31 46


656 31 30 46
31 30
31 46


657 31 30 46
31 30
31 46


658 31 30 46
31 30
31 46


659 31 30 46
31 30
31 46


660 31 30 46
31 30
31 46


661 31 30 46
31 30
31 46


662 31 30 46
31 30
31 46


663 31 30 46
31 30
31 46


664 31 30 46
31 30
31 46


665 31 30 46
31 30
31 46


666 31 30 46
31 30
31 46


667 31 30 46
31 30
31 46


668 31 30 46
31 30
31 46


669 31 30 46
31 30
31 46


670 31 30 46
31 30
31 46


671 31 30 46
31 30
31 46


672 31 30 46
31 30
31 46


673 31 30 46
31 30
31 46


674 31 30 46
31 30
31 46


675 31 30 46
31 30
31 46


676 31 30 46
31 30
31 46


677 31 30 46
31 30
31 46


678 31 30 46
31 30
31 46


679 31 30 46
31 30
31 46


680 31 30 46
31 30
31 46


681 31 30 46
31 30
31 46


682 31 30 46
31 30
31 46


683 31 30 46
31 30
31 46


684 31 30 46
31 30
31 46


685 31 30 46
31 30
31 46


686 31 30 46
31 30
31 46


687 31 30 46
31 30
31 46


688 31 30 46
31 30
31 46


689 31 30 46
31 30
31 46


690 31 30 46
31 30
31 46


691 31 30 46
31 30
31 46


692 31 30 46
31 30
31 46


693 31 30 46
31 30
31 46


694 31 30 46
31 30
31 46


695 31 30 46
31 30
31 46


696 31 30 46
31 30
31 46


697 31 30 46
31 30
31 46


698 31 30 46
31 30
31 46


699 31 30 46
31 30
31 46


700 31 30 46
31 30
31 46


701 31 30 46
31 30
31 46


702 31 30 46
31 30
31 46


703 31 30 46
31 30
31 46


704 31 30 46
31 30
31 46


705 31 30 46
31 30
31 46


706 31 30 46
31 30
31 46


707 31 30 46
31 30
31 46


708 31 30 46
31 30
31 46


709 31 30 46
31 30
31 46


710 31 30 46
31 30
31 46


711 31 30 46
31 30
31 46


712 31 30 46
31 30
31 46


713 31 30 46
31 30
31 46


714 31 30 46
31 30
31 46


715 31 30 46
31 30
31 46


716 31 30 46
31 30
31 46


717 31 30 46
31 30
31 46


718 31 30 46
31 30
31 46


719 31 30 46
31 30
31 46


720 31 30 46
31 30
31 46


721 31 30 46
31 30
31 46


722 31 30 46
31 30
31 46


723 31 30 46
31 30
31 46


724 31 30 46
31 30
31 46


725 31 30 46
31 30
31 46


726 31 30 46
31 30
31 46


727 31 30 46
31 30
31 46


728 31 30 46
31 30
31 46


729 31 30 46
31 30
31 46


730 31 30 46
31 30
31 46


731 31 30 46
31 30
31 46


732 31 30 46
31 30
31 46


733 31 30 46
31 30
31 46


734 31 30 46
31 30
31 46


735 31 30 46
31 30
31 46


736 31 30 46
31 30
31 46


737 31 30 46
31 30
31 46


738 31 30 46
31 30
31 46


739 31 30 46
31 30
31 46


740 31 30 46
31 30
31 46


741 31 30 46
31 30
31 46


742 31 30 46
31 30
31 46


743 31 30 46
31 30
31 46


744 31 30 46
31 30
31 46


745 31 30 46
31 30
31 46


746 31 30 46
31 30
31 46


747 31 30 46
31 30
31 46


748 31 30 46
31 30
31 46


749 31 30 46
31 30
31 46


750 31 30 46
31 30
31 46


751 31 30 46
31 30
31 46


752 31 30 46
31 30
31 46


753 31 30 46
31 30
31 46


754 31 30 46
31 30
31 46


755 31 30 46
31 30
31 46


756 31 30 46
31 30
31 46


757 31 30 46
31 30
31 46


758 31 30 46
31 30
31 46


759 31 30 46
31 30
31 46


760 31 30 46
31 30
31 46


761 31 30 46
31 30
31 46


762 31 30 46
31 30
31 46


763 31 30 46
31 30
31 46


764 31 30 46
31 30
31 46


765 31 30 46
31 30
31 46


766 31 30 46
31 30
31 46


767 31 30 46
31 30
31 46


768 31 30 46
31 30
31 46


769 31 30 46
31 30
31 46


770 31 30 46
31 30
31 46


771 31 30 46
31 30
31 46


772 31 30 46
31 30
31 46


1034 47 63 62
47 63
47 62


1035 47 63 62
47 63
47 62


1036 47 63 62
47 63
47 62


1037 47 63 62
47 63
47 62


1038 47 63 62
47 63
47 62


1039 47 63 62
47 63
47 62


1040 47 63 62
47 63
47 62


1041 47 63 62
47 63
47 62


1042 47 63 62
47 63
47 62


1043 47 63 62
47 63
47 62


1044 47 63 62
47 63
47 62


1045 47 63 62
47 63
47 62


1046 47 63 62
47 63
47 62


1047 47 63 62
47 63
47 62


1048 47 63 62
47 63
47 62


1049 47 63 62
47 63
47 62


1115 61 45 44
61 45
61 44


1116 61 45 44
61 45
61 44


1117 61 45 44
61 45
61 44


1118 61 45 44
61 45
61 44


1119 61 45 44
61 45
61 44


1120 61 45 44
61 45
61 44


1121 61 45 44
61 45
61 44


1122 61 45 44
61 45
61 44


1123 61 45 44
61 45
61 44


1124 61 45 44
61 45
61 44


1125 61 45 44
61 45
61 44


1126 61 45 44
61 45
61 44


1127 61 45 44
61 45
61 44


1128 61 45 44
61 45
61 44


1129 61 45 44
61 45
61 44


1130 61 45 44
61 45
61 44


1973 34 51 50
34 51
34 50


1974 34 51 50
34 51
34 50


1975 34 51 50
34 51
34 50


1976 34 51 50
34 51
34 50


1977 34 51 50
34 51
34 50


1978 34 51 50
34 51
34 50


1979 34 51 50
34 51
34 50


1980 34 51 50
34 51
34 50


1981 34 51 50
34 51
34 50


1982 34 51 50
34 51
34 50


1983 34 51 50
34 51
34 50


1984 34 51 50
34 51
34 50


1985 34 51 50
34 51
34 50


1986 34 51 50
34 51
34 50


1987 34 51 50
34 51
34 50


1988 34 51 50
34 51
34 50


1989 34 51 50
34 51
34 50


1990 34 51 50
34 51
34 50


1991 34 51 50
34 51
34 50


1992 34 51 50
34 51
34 50


1993 34 51 50
34 51
34 50


1994 34 51 50
34 51
34 50


1995 34 51 50
34 51
34 50


1996 34 51 50
34 51
34 50


1997 34 51 50
34 51
34 50


1998 34 51 50
34 51
34 50


1999 34 51 50
34 51
34 50


2000 34 51 50
34 51
34 50


2001 34 51 50
34 51
34 50


2002 34 51 50
34 51
34 50


2003 34 51 50
34 51
34 50


2004 34 51 50
34 51
34 50


2005 34 51 50
34 51
34 50


2006 34 51 50
34 51
34 50


2007 34 51 50
34 51
34 50


2008 34 51 50
34 51
34 50


2009 34 51 50
34 51
34 50


2010 34 51 50
34 51
34 50


2011 34 51 50
34 51
34 50


2012 34 51 50
34 51
34 50


2013 34 51 50
34 51
34 50


2014 34 51 50
34 51
34 50


2015 34 51 50
34 51
34 50


2016 34 51 50
34 51
34 50


2017 34 51 50
34 51
34 50


2018 34 51 50
34 51
34 50


2019 34 51 50
34 51
34 50


2020 34 51 50
34 51
34 50


2021 34 51 50
34 51
34 50


2022 34 51 50
34 51
34 50


2023 34 51 50
34 51
34 50


2024 34 51 50
34 51
34 50


2025 34 51 50
34 51
34 50


2026 34 51 50
34 51
34 50


2027 34 51 50
34 51
34 50


2028 34 51 50
34 51
34 50


2029 34 51 50
34 51
34 50


2030 34 51 50
34 51
34 50


2031 34 51 50
34 51
34 50


2032 34 51 50
34 51
34 50


2033 34 51 50
34 51
34 50


2034 34 51 50
34 51
34 50


2035 34 51 50
34 51
34 50


2036 34 51 50
34 51
34 50


2037 34 51 50
34 51
34 50


2038 34 51 50
34 51
34 50


2039 34 51 50
34 51
34 50


2040 34 51 50
34 51
34 50


2041 34 51 50
34 51
34 50


2042 34 51 50
34 51
34 50


2043 34 51 50
34 51
34 50


2044 34 51 50
34 51
34 50


2045 34 51 50
34 51
34 50


2046 34 51 50
34 51
34 50


2047 34 51 50
34 51
34 50


2048 34 51 50
34 51
34 50


2049 34 51 50
34 51
34 50


2050 34 51 50
34 51
34 50


2051 34 51 50
34 51
34 50


2052 34 51 50
34 51
34 50


2053 34 51 50
34 51
34 50


2054 34 51 50
34 51
34 50


2055 34 51 50
34 51
34 50


2056 34 51 50
34 51
34 50


2057 34 51 50
34 51
34 50


2058 34 51 50
34 51
34 50


2059 34 51 50
34 51
34 50


2060 34 51 50
34 51
34 50


2061 34 51 50
34 51
34 50


2062 34 51 50
34 51
34 50


2063 34 51 50
34 51
34 50


2064 34 51 50
34 51
34 50


2065 34 51 50
34 51
34 50


2066 34 51 50
34 51
34 50


2067 34 51 50
34 51
34 50


2068 34 51 50
34 51
34 50


2069 34 51 50
34 51
34 50


2070 34 51 50
34 51
34 50


2071 34 51 50
34 51
34 50


2072 34 51 50
34 51
34 50


2073 34 51 50
34 51
34 50


2074 34 51 50
34 51
34 50


2075 34 51 50
34 51
34 50


2076 34 51 50
34 51
34 50


2077 34 51 50
34 51
34 50


2078 34 51 50
34 51
34 50


2079 34 51 50
34 51
34 50


2080 34 51 50
34 51
34 50


2081 34 51 50
34 51
34 50


2082 34 51 50
34 51
34 50


2083 34 51 50
34 51
34 50


2084 34 51 50
34 51
34 50


2085 34 51 50
34 51
34 50


2086 34 51 50
34 51
34 50


2087 34 51 50
34 51
34 50


2088 34 51 50
34 51
34 50


2089 34 51 50
34 51
34 50


2090 34 51 50
34 51
34 50


2091 34 51 50
34 51
34 50


2092 34 51 50
34 51
34 50


2093 34 51 50
34 51
34 50


2094 34 51 50
34 51
34 50


2095 34 51 50
34 51
34 50


2096 34 51 50
34 51
34 50


2097 34 51 50
34 51
34 50


2098 34 51 50
34 51
34 50


2099 34 51 50
34 51
34 50


2100 34 51 50
34 51
34 50


3401 114 82 66
114 82
114 66


3402 114 82 66
114 82
114 66


3403 114 82 66
114 82
114 66


3404 114 82 66
114 82
114 66


3405 114 82 66
114 82
114 66


3406 114 82 66
114 82
114 66


3407 114 82 66
114 82
114 66


3408 114 82 66
114 82
114 66


3409 114 82 66
114 82
114 66


3410 114 82 66
114 82
114 66


3411 114 82 66
114 82
114 66


3412 114 82 66
114 82
114 66


3413 114 82 66
114 82
114 66


3414 114 82 66
114 82
114 66


3415 114 82 66
114 82
114 66


3416 114 82 66
114 82
114 66


3417 114 82 66
114 82
114 66


3418 114 82 66
114 82
114 66


3419 114 82 66
114 82
114 66


3420 114 82 66
114 82
114 66


3421 114 82 66
114 82
114 66


3422 114 82 66
114 82
114 66


3423 114 82 66
114 82
114 66


3424 114 82 66
114 82
114 66


3425 114 82 66
114 82
114 66


3426 114 82 66
114 82
114 66


3427 114 82 66
114 82
114 66


3428 114 82 66
114 82
114 66


3429 114 82 66
114 82
114 66


3430 114 82 66
114 82
114 66


3431 114 82 66
114 82
114 66


3432 114 82 66
114 82
114 66


3433 114 82 66
114 82
114 66


3434 114 82 66
114 82
114 66


3435 114 82 66
114 82
114 66


3436 114 82 66
114 82
114 66


3437 114 82 66
114 82
114 66


3438 114 82 66
114 82
114 66


3439 114 82 66
114 82
114 66


3440 114 82 66
114 82
114 66


3441 114 82 66
114 82
114 66


3442 114 82 66
114 82
114 66


3443 114 82 66
114 82
114 66


3444 114 82 66
114 82
114 66


3445 114 82 66
114 82
114 66


3446 114 82 66
114 82
114 66


3447 114 82 66
114 82
114 66


3448 114 82 66
114 82
114 66


3449 114 82 66
114 82
114 66


3450 114 82 66
114 82
114 66


3451 114 82 66
114 82
114 66


3452 114 82 66
114 82
114 66


3453 114 82 66
114 82
114 66


3454 114 82 66
114 82
114 66


3455 114 82 66
114 82
114 66


3456 114 82 66
114 82
114 66


3457 114 82 66
114 82
114 66


3458 114 82 66
114 82
114 66


3459 114 82 66
114 82
114 66


3460 114 82 66
114 82
114 66


3461 114 82 66
114 82
114 66


3462 114 82 66
114 82
114 66


3463 114 82 66
114 82
114 66


3464 114 82 66
114 82
114 66


3465 114 82 66
114 82
114 66


3466 114 82 66
114 82
114 66


3467 114 82 66
114 82
114 66


3468 114 82 66
114 82
114 66


3469 114 82 66
114 82
114 66


3470 114 82 66
114 82
114 66


3471 114 82 66
114 82
114 66


3472 114 82 66
114 82
114 66


3473 114 82 66
114 82
114 66


3474 114 82 66
114 82
114 66


3475 114 82 66
114 82
114 66


3476 114 82 66
114 82
114 66


3477 114 82 66
114 82
114 66


3478 114 82 66
114 82
114 66


3479 114 82 66
114 82
114 66


3480 114 82 66
114 82
114 66


3481 114 82 66
114 82
114 66


3482 114 82 66
114 82
114 66


3483 114 82 66
114 82
114 66


3484 114 82 66
114 82
114 66


3485 114 82 66
114 82
114 66


3486 114 82 66
114 82
114 66


3487 114 82 66
114 82
114 66


3488 114 82 66
114 82
114 66


3489 114 82 66
114 82
114 66


3490 114 82 66
114 82
114 66


3491 114 82 66
114 82
114 66


3492 114 82 66
114 82
114 66


3493 114 82 66
114 82
114 66


3494 114 82 66
114 82
114 66


3495 114 82 66
114 82
114 66


3496 114 82 66
114 82
114 66


3497 114 82 66
114 82
114 66


3498 114 82 66
114 82
114 66


3499 114 82 66
114 82
114 66


3500 114 82 66
114 82
114 66


3501 114 82 66
114 82
114 66


3502 114 82 66
114 82
114 66


3503 114 82 66
114 82
114 66


3504 114 82 66
114 82
114 66


3505 114 82 66
114 82
114 66


3506 114 82 66
114 82
114 66


3507 114 82 66
114 82
114 66


3508 114 82 66
114 82
114 66


3509 114 82 66
114 82
114 66


3510 114 82 66
114 82
114 66


3511 114 82 66
114 82
114 66


3512 114 82 66
114 82
114 66


3513 114 82 66
114 82
114 66


3514 114 82 66
114 82
114 66


3515 114 82 66
114 82
114 66


3516 114 82 66
114 82
114 66


3517 114 82 66
114 82
114 66


3518 114 82 66
114 82
114 66


3519 114 82 66
114 82
114 66


3520 114 82 66
114 82
114 66


3521 114 82 66
114 82
114 66


3522 114 82 66
114 82
114 66


3523 114 82 66
114 82
114 66


3524 114 82 66
114 82
114 66


3525 114 82 66
114 82
114 66


3526 114 82 66
114 82
114 66


3527 114 82 66
114 82
114 66


3528 114 82 66
114 82
114 66


4829 70 38 54
70 38
70 54


4830 70 38 54
70 38
70 54


4831 70 38 54
70 38
70 54


4832 70 38 54
70 38
70 54


4833 70 38 54
70 38
70 54


4834 70 38 54
70 38
70 54


4835 70 38 54
70 38
70 54


4836 70 38 54
70 38
70 54


4837 70 38 54
70 38
70 54


4838 70 38 54
70 38
70 54


4839 70 38 54
70 38
70 54


4840 70 38 54
70 38
70 54


4841 70 38 54
70 38
70 54


4842 70 38 54
70 38
70 54


4843 70 38 54
70 38
70 54


4844 70 38 54
70 38
70 54


4845 70 38 54
70 38
70 54


4846 70 38 54
70 38
70 54


4847 70 38 54
70 38
70 54


4848 70 38 54
70 38
70 54


4849 70 38 54
70 38
70 54


4850 70 38 54
70 38
70 54


4851 70 38 54
70 38
70 54


4852 70 38 54
70 38
70 54


4853 70 38 54
70 38
70 54


4854 70 38 54
70 38
70 54


4855 70 38 54
70 38
70 54


4856 70 38 54
70 38
70 54


4857 70 38 54
70 38
70 54


4858 70 38 54
70 38
70 54


4859 70 38 54
70 38
70 54


4860 70 38 54
70 38
70 54


4861 70 38 54
70 38
70 54


4862 70 38 54
70 38
70 54


4863 70 38 54
70 38
70 54


4864 70 38 54
70 38
70 54


4865 70 38 54
70 38
70 54


4866 70 38 54
70 38
70 54


4867 70 38 54
70 38
70 54


4868 70 38 54
70 38
70 54


4869 70 38 54
70 38
70 54


4870 70 38 54
70 38
70 54


4871 70 38 54
70 38
70 54


4872 70 38 54
70 38
70 54


4873 70 38 54
70 38
70 54


4874 70 38 54
70 38
70 54


4875 70 38 54
70 38
70 54


4876 70 38 54
70 38
70 54


4877 70 38 54
70 38
70 54


4878 70 38 54
70 38
70 54


4879 70 38 54
70 38
70 54


4880 70 38 54
70 38
70 54


4881 70 38 54
70 38
70 54


4882 70 38 54
70 38
70 54


4883 70 38 54
70 38
70 54


4884 70 38 54
70 38
70 54


4885 70 38 54
70 38
70 54


4886 70 38 54
70 38
70 54


4887 70 38 54
70 38
70 54


4888 70 38 54
70 38
70 54


4889 70 38 54
70 38
70 54


4890 70 38 54
70 38
70 54


4891 70 38 54
70 38
70 54


4892 70 38 54
70 38
70 54


4893 70 38 54
70 38
70 54


4894 70 38 54
70 38
70 54


4895 70 38 54
70 38
70 54


4896 70 38 54
70 38
70 54


4897 70 38 54
70 38
70 54


4898 70 38 54
70 38
70 54


4899 70 38 54
70 38
70 54


4900 70 38 54
70 38
70 54


4901 70 38 54
70 38
70 54


4902 70 38 54
70 38
70 54


4903 70 38 54
70 38
70 54


4904 70 38 54
70 38
70 54


4905 70 38 54
70 38
70 54


4906 70 38 54
70 38
70 54


4907 70 38 54
70 38
70 54


4908 70 38 54
70 38
70 54


4909 70 38 54
70 38
70 54


4910 70 38 54
70 38
70 54


4911 70 38 54
70 38
70 54


4912 70 38 54
70 38
70 54


4913 70 38 54
70 38
70 54


4914 70 38 54
70 38
70 54


4915 70 38 54
70 38
70 54


4916 70 38 54
70 38
70 54


4917 70 38 54
70 38
70 54


4918 70 38 54
70 38
70 54


4919 70 38 54
70 38
70 54


4920 70 38 54
70 38
70 54


4921 70 38 54
70 38
70 54


4922 70 38 54
70 38
70 54


4923 70 38 54
70 38
70 54


4924 70 38 54
70 38
70 54


4925 70 38 54
70 38
70 54


4926 70 38 54
70 38
70 54


4927 70 38 54
70 38
70 54


4928 70 38 54
70 38
70 54


4929 70 38 54
70 38
70 54


4930 70 38 54
70 38
70 54


4931 70 38 54
70 38
70 54


4932 70 38 54
70 38
70 54


4933 70 38 54
70 38
70 54


4934 70 38 54
70 38
70 54


4935 70 38 54
70 38
70 54


4936 70 38 54
70 38
70 54


4937 70 38 54
70 38
70 54


4938 70 38 54
70 38
70 54


4939 70 38 54
70 38
70 54


4940 70 38 54
70 38
70 54


4941 70 38 54
70 38
70 54


4942 70 38 54
70 38
70 54


4943 70 38 54
70 38
70 54


4944 70 38 54
70 38
70 54


4945 70 38 54
70 38
70 54


4946 70 38 54
70 38
70 54


4947 70 38 54
70 38
70 54


4948 70 38 54
70 38
70 54


4949 70 38 54
70 38
70 54


4950 70 38 54
70 38
70 54


4951 70 38 54
70 38
70 54


4952 70 38 54
70 38
70 54


4953 70 38 54
70 38
70 54


4954 70 38 54
70 38
70 54


4955 70 38 54
70 38
70 54


4956 70 38 54
70 38
70 54


6257 40 58 59
40 58
40 59


6258 40 58 59
40 58
40 59


6259 40 58 59
40 58
40 59


6260 40 58 59
40 58
40 59


6261 40 58 59
40 58
40 59


6262 40 58 59
40 58
40 59


6263 40 58 59
40 58
40 59


6264 40 58 59
40 58
40 59


6265 40 58 59
40 58
40 59


6266 40 58 59
40 58
40 59


6267 40 58 59
40 58
40 59


6268 40 58 59
40 58
40 59


6269 40 58 59
40 58
40 59


6270 40 58 59
40 58
40 59


6271 40 58 59
40 58
40 59


6272 40 58 59
40 58
40 59


6273 40 58 59
40 58
40 59


6274 40 58 59
40 58
40 59


6275 40 58 59
40 58
40 59


6276 40 58 59
40 58
40 59


6277 40 58 59
40 58
40 59


6278 40 58 59
40 58
40 59


6279 40 58 59
40 58
40 59


6280 40 58 59
40 58
40 59


6281 40 58 59
40 58
40 59


6282 40 58 59
40 58
40 59


6283 40 58 59
40 58
40 59


6284 40 58 59
40 58
40 59


6285 40 58 59
40 58
40 59


6286 40 58 59
40 58
40 59


6287 40 58 59
40 58
40 59


6288 40 58 59
40 58
40 59


6289 40 58 59
40 58
40 59


6290 40 58 59
40 58
40 59


6291 40 58 59
40 58
40 59


6292 40 58 59
40 58
40 59


6293 40 58 59
40 58
40 59


6294 40 58 59
40 58
40 59


6295 40 58 59
40 58
40 59


6296 40 58 59
40 58
40 59


6297 40 58 59
40 58
40 59


6298 40 58 59
40 58
40 59


6299 40 58 59
40 58
40 59


6300 40 58 59
40 58
40 59


6301 40 58 59
40 58
40 59


6302 40 58 59
40 58
40 59


6303 40 58 59
40 58
40 59


6304 40 58 59
40 58
40 59


6305 40 58 59
40 58
40 59


6306 40 58 59
40 58
40 59


6307 40 58 59
40 58
40 59


6308 40 58 59
40 58
40 59


6309 40 58 59
40 58
40 59


6310 40 58 59
40 58
40 59


6311 40 58 59
40 58
40 59


6312 40 58 59
40 58
40 59


6313 40 58 59
40 58
40 59


6314 40 58 59
40 58
40 59


6315 40 58 59
40 58
40 59


6316 40 58 59
40 58
40 59


6317 40 58 59
40 58
40 59


6318 40 58 59
40 58
40 59


6319 40 58 59
40 58
40 59


6320 40 58 59
40 58
40 59


6321 40 58 59
40 58
40 59


6322 40 58 59
40 58
40 59


6323 40 58 59
40 58
40 59


6324 40 58 59
40 58
40 59


6325 40 58 59
40 58
40 59


6326 40 58 59
40 58
40 59


6327 40 58 59
40 58
40 59


6328 40 58 59
40 58
40 59


6329 40 58 59
40 58
40 59


6330 40 58 59
40 58
40 59


6331 40 58 59
40 58
40 59


6332 40 58 59
40 58
40 59


6333 40 58 59
40 58
40 59


6334 40 58 59
40 58
40 59


6335 40 58 59
40 58
40 59


6336 40 58 59
40 58
40 59


6337 40 58 59
40 58
40 59


6338 40 58 59
40 58
40 59


6339 40 58 59
40 58
40 59


6340 40 58 59
40 58
40 59


6341 40 58 59
40 58
40 59


6342 40 58 59
40 58
40 59


6343 40 58 59
40 58
40 59


6344 40 58 59
40 58
40 59


6345 40 58 59
40 58
40 59


6346 40 58 59
40 58
40 59


6347 40 58 59
40 58
40 59


6348 40 58 59
40 58
40 59


6349 40 58 59
40 58
40 59


6350 40 58 59
40 58
40 59


6351 40 58 59
40 58
40 59


6352 40 58 59
40 58
40 59


6353 40 58 59
40 58
40 59


6354 40 58 59
40 58
40 59


6355 40 58 59
40 58
40 59


6356 40 58 59
40 58
40 59


6357 40 58 59
40 58
40 59


6358 40 58 59
40 58
40 59


6359 40 58 59
40 58
40 59


6360 40 58 59
40 58
40 59


6361 40 58 59
40 58
40 59


6362 40 58 59
40 58
40 59


6363 40 58 59
40 58
40 59


6364 40 58 59
40 58
40 59


6365 40 58 59
40 58
40 59


6366 40 58 59
40 58
40 59


6367 40 58 59
40 58
40 59


6368 40 58 59
40 58
40 59


6369 40 58 59
40 58
40 59


6370 40 58 59
40 58
40 59


6371 40 58 59
40 58
40 59


6372 40 58 59
40 58
40 59


6373 40 58 59
40 58
40 59


6374 40 58 59
40 58
40 59


6375 40 58 59
40 58
40 59


6376 40 58 59
40 58
40 59


6377 40 58 59
40 58
40 59


6378 40 58 59
40 58
40 59


6379 40 58 59
40 58
40 59


6380 40 58 59
40 58
40 59


6381 40 58 59
40 58
40 59


6382 40 58 59
40 58
40 59


6383 40 58 59
40 58
40 59


6384 40 58 59
40 58
40 59


