0 3 1 7
3 1
3 7


1 3 1 7
3 1
3 7


2 3 1 7
3 1
3 7


3 3 1 7
3 1
3 7


4 3 1 7
3 1
3 7


5 3 1 7
3 1
3 7


6 3 1 7
3 1
3 7


7 3 1 7
3 1
3 7


8 3 1 7
3 1
3 7


9 3 1 7
3 1
3 7


10 3 1 7
3 1
3 7


11 3 1 7
3 1
3 7


12 3 1 7
3 1
3 7


13 3 1 7
3 1
3 7


14 3 1 7
3 1
3 7


15 3 1 7
3 1
3 7


81 0 14 20
0 14
0 20


82 0 14 20
0 14
0 20


83 0 14 20
0 14
0 20


84 0 14 20
0 14
0 20


85 0 14 20
0 14
0 20


86 0 14 20
0 14
0 20


87 0 14 20
0 14
0 20


88 0 14 20
0 14
0 20


89 0 14 20
0 14
0 20


90 0 14 20
0 14
0 20


91 0 14 20
0 14
0 20


92 0 14 20
0 14
0 20


93 0 14 20
0 14
0 20


94 0 14 20
0 14
0 20


95 0 14 20
0 14
0 20


96 0 14 20
0 14
0 20


162 13 8 4
13 8
13 4


163 13 8 4
13 8
13 4


164 13 8 4
13 8
13 4


165 13 8 4
13 8
13 4


166 13 8 4
13 8
13 4


167 13 8 4
13 8
13 4


168 13 8 4
13 8
13 4


169 13 8 4
13 8
13 4


170 13 8 4
13 8
13 4


171 13 8 4
13 8
13 4


172 13 8 4
13 8
13 4


173 13 8 4
13 8
13 4


174 13 8 4
13 8
13 4


175 13 8 4
13 8
13 4


176 13 8 4
13 8
13 4


177 13 8 4
13 8
13 4


243 9 26 31
9 26
9 31


244 9 26 31
9 26
9 31


245 9 26 31
9 26
9 31


246 9 26 31
9 26
9 31


247 9 26 31
9 26
9 31


248 9 26 31
9 26
9 31


249 9 26 31
9 26
9 31


250 9 26 31
9 26
9 31


251 9 26 31
9 26
9 31


252 9 26 31
9 26
9 31


253 9 26 31
9 26
9 31


254 9 26 31
9 26
9 31


255 9 26 31
9 26
9 31


256 9 26 31
9 26
9 31


257 9 26 31
9 26
9 31


258 9 26 31
9 26
9 31


324 27 25 24
27 25
27 24


325 27 25 24
27 25
27 24


326 27 25 24
27 25
27 24


327 27 25 24
27 25
27 24


328 27 25 24
27 25
27 24


329 27 25 24
27 25
27 24


330 27 25 24
27 25
27 24


331 27 25 24
27 25
27 24


332 27 25 24
27 25
27 24


333 27 25 24
27 25
27 24


334 27 25 24
27 25
27 24


335 27 25 24
27 25
27 24


336 27 25 24
27 25
27 24


337 27 25 24
27 25
27 24


338 27 25 24
27 25
27 24


339 27 25 24
27 25
27 24


340 27 25 24
27 25
27 24


341 27 25 24
27 25
27 24


342 27 25 24
27 25
27 24


343 27 25 24
27 25
27 24


344 27 25 24
27 25
27 24


345 27 25 24
27 25
27 24


346 27 25 24
27 25
27 24


347 27 25 24
27 25
27 24


348 27 25 24
27 25
27 24


349 27 25 24
27 25
27 24


350 27 25 24
27 25
27 24


351 27 25 24
27 25
27 24


352 27 25 24
27 25
27 24


353 27 25 24
27 25
27 24


354 27 25 24
27 25
27 24


355 27 25 24
27 25
27 24


356 27 25 24
27 25
27 24


357 27 25 24
27 25
27 24


358 27 25 24
27 25
27 24


359 27 25 24
27 25
27 24


360 27 25 24
27 25
27 24


361 27 25 24
27 25
27 24


362 27 25 24
27 25
27 24


363 27 25 24
27 25
27 24


364 27 25 24
27 25
27 24


365 27 25 24
27 25
27 24


366 27 25 24
27 25
27 24


367 27 25 24
27 25
27 24


368 27 25 24
27 25
27 24


369 27 25 24
27 25
27 24


370 27 25 24
27 25
27 24


371 27 25 24
27 25
27 24


372 27 25 24
27 25
27 24


373 27 25 24
27 25
27 24


374 27 25 24
27 25
27 24


375 27 25 24
27 25
27 24


376 27 25 24
27 25
27 24


377 27 25 24
27 25
27 24


378 27 25 24
27 25
27 24


379 27 25 24
27 25
27 24


380 27 25 24
27 25
27 24


381 27 25 24
27 25
27 24


382 27 25 24
27 25
27 24


383 27 25 24
27 25
27 24


384 27 25 24
27 25
27 24


385 27 25 24
27 25
27 24


386 27 25 24
27 25
27 24


387 27 25 24
27 25
27 24


645 30 1 7
30 1
30 7


646 30 1 7
30 1
30 7


647 30 1 7
30 1
30 7


648 30 1 7
30 1
30 7


649 30 1 7
30 1
30 7


650 30 1 7
30 1
30 7


651 30 1 7
30 1
30 7


652 30 1 7
30 1
30 7


653 30 1 7
30 1
30 7


654 30 1 7
30 1
30 7


655 30 1 7
30 1
30 7


656 30 1 7
30 1
30 7


657 30 1 7
30 1
30 7


658 30 1 7
30 1
30 7


659 30 1 7
30 1
30 7


660 30 1 7
30 1
30 7


661 30 1 7
30 1
30 7


662 30 1 7
30 1
30 7


663 30 1 7
30 1
30 7


664 30 1 7
30 1
30 7


665 30 1 7
30 1
30 7


666 30 1 7
30 1
30 7


667 30 1 7
30 1
30 7


668 30 1 7
30 1
30 7


669 30 1 7
30 1
30 7


670 30 1 7
30 1
30 7


671 30 1 7
30 1
30 7


672 30 1 7
30 1
30 7


673 30 1 7
30 1
30 7


674 30 1 7
30 1
30 7


675 30 1 7
30 1
30 7


676 30 1 7
30 1
30 7


677 30 1 7
30 1
30 7


678 30 1 7
30 1
30 7


679 30 1 7
30 1
30 7


680 30 1 7
30 1
30 7


681 30 1 7
30 1
30 7


682 30 1 7
30 1
30 7


683 30 1 7
30 1
30 7


684 30 1 7
30 1
30 7


685 30 1 7
30 1
30 7


686 30 1 7
30 1
30 7


687 30 1 7
30 1
30 7


688 30 1 7
30 1
30 7


689 30 1 7
30 1
30 7


690 30 1 7
30 1
30 7


691 30 1 7
30 1
30 7


692 30 1 7
30 1
30 7


693 30 1 7
30 1
30 7


694 30 1 7
30 1
30 7


695 30 1 7
30 1
30 7


696 30 1 7
30 1
30 7


697 30 1 7
30 1
30 7


698 30 1 7
30 1
30 7


699 30 1 7
30 1
30 7


700 30 1 7
30 1
30 7


701 30 1 7
30 1
30 7


702 30 1 7
30 1
30 7


703 30 1 7
30 1
30 7


704 30 1 7
30 1
30 7


705 30 1 7
30 1
30 7


706 30 1 7
30 1
30 7


707 30 1 7
30 1
30 7


708 30 1 7
30 1
30 7


709 30 1 7
30 1
30 7


710 30 1 7
30 1
30 7


711 30 1 7
30 1
30 7


712 30 1 7
30 1
30 7


713 30 1 7
30 1
30 7


714 30 1 7
30 1
30 7


715 30 1 7
30 1
30 7


716 30 1 7
30 1
30 7


717 30 1 7
30 1
30 7


718 30 1 7
30 1
30 7


719 30 1 7
30 1
30 7


720 30 1 7
30 1
30 7


721 30 1 7
30 1
30 7


722 30 1 7
30 1
30 7


723 30 1 7
30 1
30 7


724 30 1 7
30 1
30 7


725 30 1 7
30 1
30 7


726 30 1 7
30 1
30 7


727 30 1 7
30 1
30 7


728 30 1 7
30 1
30 7


729 30 1 7
30 1
30 7


730 30 1 7
30 1
30 7


731 30 1 7
30 1
30 7


732 30 1 7
30 1
30 7


733 30 1 7
30 1
30 7


734 30 1 7
30 1
30 7


735 30 1 7
30 1
30 7


736 30 1 7
30 1
30 7


737 30 1 7
30 1
30 7


738 30 1 7
30 1
30 7


739 30 1 7
30 1
30 7


740 30 1 7
30 1
30 7


741 30 1 7
30 1
30 7


742 30 1 7
30 1
30 7


743 30 1 7
30 1
30 7


744 30 1 7
30 1
30 7


745 30 1 7
30 1
30 7


746 30 1 7
30 1
30 7


747 30 1 7
30 1
30 7


748 30 1 7
30 1
30 7


749 30 1 7
30 1
30 7


750 30 1 7
30 1
30 7


751 30 1 7
30 1
30 7


752 30 1 7
30 1
30 7


753 30 1 7
30 1
30 7


754 30 1 7
30 1
30 7


755 30 1 7
30 1
30 7


756 30 1 7
30 1
30 7


757 30 1 7
30 1
30 7


758 30 1 7
30 1
30 7


759 30 1 7
30 1
30 7


760 30 1 7
30 1
30 7


761 30 1 7
30 1
30 7


762 30 1 7
30 1
30 7


763 30 1 7
30 1
30 7


764 30 1 7
30 1
30 7


765 30 1 7
30 1
30 7


766 30 1 7
30 1
30 7


767 30 1 7
30 1
30 7


768 30 1 7
30 1
30 7


769 30 1 7
30 1
30 7


770 30 1 7
30 1
30 7


771 30 1 7
30 1
30 7


772 30 1 7
30 1
30 7


1034 0 6 19
0 6
0 19


1035 0 6 19
0 6
0 19


1036 0 6 19
0 6
0 19


1037 0 6 19
0 6
0 19


1038 0 6 19
0 6
0 19


1039 0 6 19
0 6
0 19


1040 0 6 19
0 6
0 19


1041 0 6 19
0 6
0 19


1042 0 6 19
0 6
0 19


1043 0 6 19
0 6
0 19


1044 0 6 19
0 6
0 19


1045 0 6 19
0 6
0 19


1046 0 6 19
0 6
0 19


1047 0 6 19
0 6
0 19


1048 0 6 19
0 6
0 19


1049 0 6 19
0 6
0 19


1115 13 20 21
13 20
13 21


1116 13 20 21
13 20
13 21


1117 13 20 21
13 20
13 21


1118 13 20 21
13 20
13 21


1119 13 20 21
13 20
13 21


1120 13 20 21
13 20
13 21


1121 13 20 21
13 20
13 21


1122 13 20 21
13 20
13 21


1123 13 20 21
13 20
13 21


1124 13 20 21
13 20
13 21


1125 13 20 21
13 20
13 21


1126 13 20 21
13 20
13 21


1127 13 20 21
13 20
13 21


1128 13 20 21
13 20
13 21


1129 13 20 21
13 20
13 21


1130 13 20 21
13 20
13 21


1973 14 15 9
14 15
14 9


1974 14 15 9
14 15
14 9


1975 14 15 9
14 15
14 9


1976 14 15 9
14 15
14 9


1977 14 15 9
14 15
14 9


1978 14 15 9
14 15
14 9


1979 14 15 9
14 15
14 9


1980 14 15 9
14 15
14 9


1981 14 15 9
14 15
14 9


1982 14 15 9
14 15
14 9


1983 14 15 9
14 15
14 9


1984 14 15 9
14 15
14 9


1985 14 15 9
14 15
14 9


1986 14 15 9
14 15
14 9


1987 14 15 9
14 15
14 9


1988 14 15 9
14 15
14 9


1989 14 15 9
14 15
14 9


1990 14 15 9
14 15
14 9


1991 14 15 9
14 15
14 9


1992 14 15 9
14 15
14 9


1993 14 15 9
14 15
14 9


1994 14 15 9
14 15
14 9


1995 14 15 9
14 15
14 9


1996 14 15 9
14 15
14 9


1997 14 15 9
14 15
14 9


1998 14 15 9
14 15
14 9


1999 14 15 9
14 15
14 9


2000 14 15 9
14 15
14 9


2001 14 15 9
14 15
14 9


2002 14 15 9
14 15
14 9


2003 14 15 9
14 15
14 9


2004 14 15 9
14 15
14 9


2005 14 15 9
14 15
14 9


2006 14 15 9
14 15
14 9


2007 14 15 9
14 15
14 9


2008 14 15 9
14 15
14 9


2009 14 15 9
14 15
14 9


2010 14 15 9
14 15
14 9


2011 14 15 9
14 15
14 9


2012 14 15 9
14 15
14 9


2013 14 15 9
14 15
14 9


2014 14 15 9
14 15
14 9


2015 14 15 9
14 15
14 9


2016 14 15 9
14 15
14 9


2017 14 15 9
14 15
14 9


2018 14 15 9
14 15
14 9


2019 14 15 9
14 15
14 9


2020 14 15 9
14 15
14 9


2021 14 15 9
14 15
14 9


2022 14 15 9
14 15
14 9


2023 14 15 9
14 15
14 9


2024 14 15 9
14 15
14 9


2025 14 15 9
14 15
14 9


2026 14 15 9
14 15
14 9


2027 14 15 9
14 15
14 9


2028 14 15 9
14 15
14 9


2029 14 15 9
14 15
14 9


2030 14 15 9
14 15
14 9


2031 14 15 9
14 15
14 9


2032 14 15 9
14 15
14 9


2033 14 15 9
14 15
14 9


2034 14 15 9
14 15
14 9


2035 14 15 9
14 15
14 9


2036 14 15 9
14 15
14 9


2037 14 15 9
14 15
14 9


2038 14 15 9
14 15
14 9


2039 14 15 9
14 15
14 9


2040 14 15 9
14 15
14 9


2041 14 15 9
14 15
14 9


2042 14 15 9
14 15
14 9


2043 14 15 9
14 15
14 9


2044 14 15 9
14 15
14 9


2045 14 15 9
14 15
14 9


2046 14 15 9
14 15
14 9


2047 14 15 9
14 15
14 9


2048 14 15 9
14 15
14 9


2049 14 15 9
14 15
14 9


2050 14 15 9
14 15
14 9


2051 14 15 9
14 15
14 9


2052 14 15 9
14 15
14 9


2053 14 15 9
14 15
14 9


2054 14 15 9
14 15
14 9


2055 14 15 9
14 15
14 9


2056 14 15 9
14 15
14 9


2057 14 15 9
14 15
14 9


2058 14 15 9
14 15
14 9


2059 14 15 9
14 15
14 9


2060 14 15 9
14 15
14 9


2061 14 15 9
14 15
14 9


2062 14 15 9
14 15
14 9


2063 14 15 9
14 15
14 9


2064 14 15 9
14 15
14 9


2065 14 15 9
14 15
14 9


2066 14 15 9
14 15
14 9


2067 14 15 9
14 15
14 9


2068 14 15 9
14 15
14 9


2069 14 15 9
14 15
14 9


2070 14 15 9
14 15
14 9


2071 14 15 9
14 15
14 9


2072 14 15 9
14 15
14 9


2073 14 15 9
14 15
14 9


2074 14 15 9
14 15
14 9


2075 14 15 9
14 15
14 9


2076 14 15 9
14 15
14 9


2077 14 15 9
14 15
14 9


2078 14 15 9
14 15
14 9


2079 14 15 9
14 15
14 9


2080 14 15 9
14 15
14 9


2081 14 15 9
14 15
14 9


2082 14 15 9
14 15
14 9


2083 14 15 9
14 15
14 9


2084 14 15 9
14 15
14 9


2085 14 15 9
14 15
14 9


2086 14 15 9
14 15
14 9


2087 14 15 9
14 15
14 9


2088 14 15 9
14 15
14 9


2089 14 15 9
14 15
14 9


2090 14 15 9
14 15
14 9


2091 14 15 9
14 15
14 9


2092 14 15 9
14 15
14 9


2093 14 15 9
14 15
14 9


2094 14 15 9
14 15
14 9


2095 14 15 9
14 15
14 9


2096 14 15 9
14 15
14 9


2097 14 15 9
14 15
14 9


2098 14 15 9
14 15
14 9


2099 14 15 9
14 15
14 9


2100 14 15 9
14 15
14 9


3401 24 30 0
24 30
24 0


3402 24 30 0
24 30
24 0


3403 24 30 0
24 30
24 0


3404 24 30 0
24 30
24 0


3405 24 30 0
24 30
24 0


3406 24 30 0
24 30
24 0


3407 24 30 0
24 30
24 0


3408 24 30 0
24 30
24 0


3409 24 30 0
24 30
24 0


3410 24 30 0
24 30
24 0


3411 24 30 0
24 30
24 0


3412 24 30 0
24 30
24 0


3413 24 30 0
24 30
24 0


3414 24 30 0
24 30
24 0


3415 24 30 0
24 30
24 0


3416 24 30 0
24 30
24 0


3417 24 30 0
24 30
24 0


3418 24 30 0
24 30
24 0


3419 24 30 0
24 30
24 0


3420 24 30 0
24 30
24 0


3421 24 30 0
24 30
24 0


3422 24 30 0
24 30
24 0


3423 24 30 0
24 30
24 0


3424 24 30 0
24 30
24 0


3425 24 30 0
24 30
24 0


3426 24 30 0
24 30
24 0


3427 24 30 0
24 30
24 0


3428 24 30 0
24 30
24 0


3429 24 30 0
24 30
24 0


3430 24 30 0
24 30
24 0


3431 24 30 0
24 30
24 0


3432 24 30 0
24 30
24 0


3433 24 30 0
24 30
24 0


3434 24 30 0
24 30
24 0


3435 24 30 0
24 30
24 0


3436 24 30 0
24 30
24 0


3437 24 30 0
24 30
24 0


3438 24 30 0
24 30
24 0


3439 24 30 0
24 30
24 0


3440 24 30 0
24 30
24 0


3441 24 30 0
24 30
24 0


3442 24 30 0
24 30
24 0


3443 24 30 0
24 30
24 0


3444 24 30 0
24 30
24 0


3445 24 30 0
24 30
24 0


3446 24 30 0
24 30
24 0


3447 24 30 0
24 30
24 0


3448 24 30 0
24 30
24 0


3449 24 30 0
24 30
24 0


3450 24 30 0
24 30
24 0


3451 24 30 0
24 30
24 0


3452 24 30 0
24 30
24 0


3453 24 30 0
24 30
24 0


3454 24 30 0
24 30
24 0


3455 24 30 0
24 30
24 0


3456 24 30 0
24 30
24 0


3457 24 30 0
24 30
24 0


3458 24 30 0
24 30
24 0


3459 24 30 0
24 30
24 0


3460 24 30 0
24 30
24 0


3461 24 30 0
24 30
24 0


3462 24 30 0
24 30
24 0


3463 24 30 0
24 30
24 0


3464 24 30 0
24 30
24 0


3465 24 30 0
24 30
24 0


3466 24 30 0
24 30
24 0


3467 24 30 0
24 30
24 0


3468 24 30 0
24 30
24 0


3469 24 30 0
24 30
24 0


3470 24 30 0
24 30
24 0


3471 24 30 0
24 30
24 0


3472 24 30 0
24 30
24 0


3473 24 30 0
24 30
24 0


3474 24 30 0
24 30
24 0


3475 24 30 0
24 30
24 0


3476 24 30 0
24 30
24 0


3477 24 30 0
24 30
24 0


3478 24 30 0
24 30
24 0


3479 24 30 0
24 30
24 0


3480 24 30 0
24 30
24 0


3481 24 30 0
24 30
24 0


3482 24 30 0
24 30
24 0


3483 24 30 0
24 30
24 0


3484 24 30 0
24 30
24 0


3485 24 30 0
24 30
24 0


3486 24 30 0
24 30
24 0


3487 24 30 0
24 30
24 0


3488 24 30 0
24 30
24 0


3489 24 30 0
24 30
24 0


3490 24 30 0
24 30
24 0


3491 24 30 0
24 30
24 0


3492 24 30 0
24 30
24 0


3493 24 30 0
24 30
24 0


3494 24 30 0
24 30
24 0


3495 24 30 0
24 30
24 0


3496 24 30 0
24 30
24 0


3497 24 30 0
24 30
24 0


3498 24 30 0
24 30
24 0


3499 24 30 0
24 30
24 0


3500 24 30 0
24 30
24 0


3501 24 30 0
24 30
24 0


3502 24 30 0
24 30
24 0


3503 24 30 0
24 30
24 0


3504 24 30 0
24 30
24 0


3505 24 30 0
24 30
24 0


3506 24 30 0
24 30
24 0


3507 24 30 0
24 30
24 0


3508 24 30 0
24 30
24 0


3509 24 30 0
24 30
24 0


3510 24 30 0
24 30
24 0


3511 24 30 0
24 30
24 0


3512 24 30 0
24 30
24 0


3513 24 30 0
24 30
24 0


3514 24 30 0
24 30
24 0


3515 24 30 0
24 30
24 0


3516 24 30 0
24 30
24 0


3517 24 30 0
24 30
24 0


3518 24 30 0
24 30
24 0


3519 24 30 0
24 30
24 0


3520 24 30 0
24 30
24 0


3521 24 30 0
24 30
24 0


3522 24 30 0
24 30
24 0


3523 24 30 0
24 30
24 0


3524 24 30 0
24 30
24 0


3525 24 30 0
24 30
24 0


3526 24 30 0
24 30
24 0


3527 24 30 0
24 30
24 0


3528 24 30 0
24 30
24 0


4829 22 29 27
22 29
22 27


4830 22 29 27
22 29
22 27


4831 22 29 27
22 29
22 27


4832 22 29 27
22 29
22 27


4833 22 29 27
22 29
22 27


4834 22 29 27
22 29
22 27


4835 22 29 27
22 29
22 27


4836 22 29 27
22 29
22 27


4837 22 29 27
22 29
22 27


4838 22 29 27
22 29
22 27


4839 22 29 27
22 29
22 27


4840 22 29 27
22 29
22 27


4841 22 29 27
22 29
22 27


4842 22 29 27
22 29
22 27


4843 22 29 27
22 29
22 27


4844 22 29 27
22 29
22 27


4845 22 29 27
22 29
22 27


4846 22 29 27
22 29
22 27


4847 22 29 27
22 29
22 27


4848 22 29 27
22 29
22 27


4849 22 29 27
22 29
22 27


4850 22 29 27
22 29
22 27


4851 22 29 27
22 29
22 27


4852 22 29 27
22 29
22 27


4853 22 29 27
22 29
22 27


4854 22 29 27
22 29
22 27


4855 22 29 27
22 29
22 27


4856 22 29 27
22 29
22 27


4857 22 29 27
22 29
22 27


4858 22 29 27
22 29
22 27


4859 22 29 27
22 29
22 27


4860 22 29 27
22 29
22 27


4861 22 29 27
22 29
22 27


4862 22 29 27
22 29
22 27


4863 22 29 27
22 29
22 27


4864 22 29 27
22 29
22 27


4865 22 29 27
22 29
22 27


4866 22 29 27
22 29
22 27


4867 22 29 27
22 29
22 27


4868 22 29 27
22 29
22 27


4869 22 29 27
22 29
22 27


4870 22 29 27
22 29
22 27


4871 22 29 27
22 29
22 27


4872 22 29 27
22 29
22 27


4873 22 29 27
22 29
22 27


4874 22 29 27
22 29
22 27


4875 22 29 27
22 29
22 27


4876 22 29 27
22 29
22 27


4877 22 29 27
22 29
22 27


4878 22 29 27
22 29
22 27


4879 22 29 27
22 29
22 27


4880 22 29 27
22 29
22 27


4881 22 29 27
22 29
22 27


4882 22 29 27
22 29
22 27


4883 22 29 27
22 29
22 27


4884 22 29 27
22 29
22 27


4885 22 29 27
22 29
22 27


4886 22 29 27
22 29
22 27


4887 22 29 27
22 29
22 27


4888 22 29 27
22 29
22 27


4889 22 29 27
22 29
22 27


4890 22 29 27
22 29
22 27


4891 22 29 27
22 29
22 27


4892 22 29 27
22 29
22 27


4893 22 29 27
22 29
22 27


4894 22 29 27
22 29
22 27


4895 22 29 27
22 29
22 27


4896 22 29 27
22 29
22 27


4897 22 29 27
22 29
22 27


4898 22 29 27
22 29
22 27


4899 22 29 27
22 29
22 27


4900 22 29 27
22 29
22 27


4901 22 29 27
22 29
22 27


4902 22 29 27
22 29
22 27


4903 22 29 27
22 29
22 27


4904 22 29 27
22 29
22 27


4905 22 29 27
22 29
22 27


4906 22 29 27
22 29
22 27


4907 22 29 27
22 29
22 27


4908 22 29 27
22 29
22 27


4909 22 29 27
22 29
22 27


4910 22 29 27
22 29
22 27


4911 22 29 27
22 29
22 27


4912 22 29 27
22 29
22 27


4913 22 29 27
22 29
22 27


4914 22 29 27
22 29
22 27


4915 22 29 27
22 29
22 27


4916 22 29 27
22 29
22 27


4917 22 29 27
22 29
22 27


4918 22 29 27
22 29
22 27


4919 22 29 27
22 29
22 27


4920 22 29 27
22 29
22 27


4921 22 29 27
22 29
22 27


4922 22 29 27
22 29
22 27


4923 22 29 27
22 29
22 27


4924 22 29 27
22 29
22 27


4925 22 29 27
22 29
22 27


4926 22 29 27
22 29
22 27


4927 22 29 27
22 29
22 27


4928 22 29 27
22 29
22 27


4929 22 29 27
22 29
22 27


4930 22 29 27
22 29
22 27


4931 22 29 27
22 29
22 27


4932 22 29 27
22 29
22 27


4933 22 29 27
22 29
22 27


4934 22 29 27
22 29
22 27


4935 22 29 27
22 29
22 27


4936 22 29 27
22 29
22 27


4937 22 29 27
22 29
22 27


4938 22 29 27
22 29
22 27


4939 22 29 27
22 29
22 27


4940 22 29 27
22 29
22 27


4941 22 29 27
22 29
22 27


4942 22 29 27
22 29
22 27


4943 22 29 27
22 29
22 27


4944 22 29 27
22 29
22 27


4945 22 29 27
22 29
22 27


4946 22 29 27
22 29
22 27


4947 22 29 27
22 29
22 27


4948 22 29 27
22 29
22 27


4949 22 29 27
22 29
22 27


4950 22 29 27
22 29
22 27


4951 22 29 27
22 29
22 27


4952 22 29 27
22 29
22 27


4953 22 29 27
22 29
22 27


4954 22 29 27
22 29
22 27


4955 22 29 27
22 29
22 27


4956 22 29 27
22 29
22 27


6257 20 10 11
20 10
20 11


6258 20 10 11
20 10
20 11


6259 20 10 11
20 10
20 11


6260 20 10 11
20 10
20 11


6261 20 10 11
20 10
20 11


6262 20 10 11
20 10
20 11


6263 20 10 11
20 10
20 11


6264 20 10 11
20 10
20 11


6265 20 10 11
20 10
20 11


6266 20 10 11
20 10
20 11


6267 20 10 11
20 10
20 11


6268 20 10 11
20 10
20 11


6269 20 10 11
20 10
20 11


6270 20 10 11
20 10
20 11


6271 20 10 11
20 10
20 11


6272 20 10 11
20 10
20 11


6273 20 10 11
20 10
20 11


6274 20 10 11
20 10
20 11


6275 20 10 11
20 10
20 11


6276 20 10 11
20 10
20 11


6277 20 10 11
20 10
20 11


6278 20 10 11
20 10
20 11


6279 20 10 11
20 10
20 11


6280 20 10 11
20 10
20 11


6281 20 10 11
20 10
20 11


6282 20 10 11
20 10
20 11


6283 20 10 11
20 10
20 11


6284 20 10 11
20 10
20 11


6285 20 10 11
20 10
20 11


6286 20 10 11
20 10
20 11


6287 20 10 11
20 10
20 11


6288 20 10 11
20 10
20 11


6289 20 10 11
20 10
20 11


6290 20 10 11
20 10
20 11


6291 20 10 11
20 10
20 11


6292 20 10 11
20 10
20 11


6293 20 10 11
20 10
20 11


6294 20 10 11
20 10
20 11


6295 20 10 11
20 10
20 11


6296 20 10 11
20 10
20 11


6297 20 10 11
20 10
20 11


6298 20 10 11
20 10
20 11


6299 20 10 11
20 10
20 11


6300 20 10 11
20 10
20 11


6301 20 10 11
20 10
20 11


6302 20 10 11
20 10
20 11


6303 20 10 11
20 10
20 11


6304 20 10 11
20 10
20 11


6305 20 10 11
20 10
20 11


6306 20 10 11
20 10
20 11


6307 20 10 11
20 10
20 11


6308 20 10 11
20 10
20 11


6309 20 10 11
20 10
20 11


6310 20 10 11
20 10
20 11


6311 20 10 11
20 10
20 11


6312 20 10 11
20 10
20 11


6313 20 10 11
20 10
20 11


6314 20 10 11
20 10
20 11


6315 20 10 11
20 10
20 11


6316 20 10 11
20 10
20 11


6317 20 10 11
20 10
20 11


6318 20 10 11
20 10
20 11


6319 20 10 11
20 10
20 11


6320 20 10 11
20 10
20 11


6321 20 10 11
20 10
20 11


6322 20 10 11
20 10
20 11


6323 20 10 11
20 10
20 11


6324 20 10 11
20 10
20 11


6325 20 10 11
20 10
20 11


6326 20 10 11
20 10
20 11


6327 20 10 11
20 10
20 11


6328 20 10 11
20 10
20 11


6329 20 10 11
20 10
20 11


6330 20 10 11
20 10
20 11


6331 20 10 11
20 10
20 11


6332 20 10 11
20 10
20 11


6333 20 10 11
20 10
20 11


6334 20 10 11
20 10
20 11


6335 20 10 11
20 10
20 11


6336 20 10 11
20 10
20 11


6337 20 10 11
20 10
20 11


6338 20 10 11
20 10
20 11


6339 20 10 11
20 10
20 11


6340 20 10 11
20 10
20 11


6341 20 10 11
20 10
20 11


6342 20 10 11
20 10
20 11


6343 20 10 11
20 10
20 11


6344 20 10 11
20 10
20 11


6345 20 10 11
20 10
20 11


6346 20 10 11
20 10
20 11


6347 20 10 11
20 10
20 11


6348 20 10 11
20 10
20 11


6349 20 10 11
20 10
20 11


6350 20 10 11
20 10
20 11


6351 20 10 11
20 10
20 11


6352 20 10 11
20 10
20 11


6353 20 10 11
20 10
20 11


6354 20 10 11
20 10
20 11


6355 20 10 11
20 10
20 11


6356 20 10 11
20 10
20 11


6357 20 10 11
20 10
20 11


6358 20 10 11
20 10
20 11


6359 20 10 11
20 10
20 11


6360 20 10 11
20 10
20 11


6361 20 10 11
20 10
20 11


6362 20 10 11
20 10
20 11


6363 20 10 11
20 10
20 11


6364 20 10 11
20 10
20 11


6365 20 10 11
20 10
20 11


6366 20 10 11
20 10
20 11


6367 20 10 11
20 10
20 11


6368 20 10 11
20 10
20 11


6369 20 10 11
20 10
20 11


6370 20 10 11
20 10
20 11


6371 20 10 11
20 10
20 11


6372 20 10 11
20 10
20 11


6373 20 10 11
20 10
20 11


6374 20 10 11
20 10
20 11


6375 20 10 11
20 10
20 11


6376 20 10 11
20 10
20 11


6377 20 10 11
20 10
20 11


6378 20 10 11
20 10
20 11


6379 20 10 11
20 10
20 11


6380 20 10 11
20 10
20 11


6381 20 10 11
20 10
20 11


6382 20 10 11
20 10
20 11


6383 20 10 11
20 10
20 11


6384 20 10 11
20 10
20 11


