0 4 1 9
4 1
4 9


1 4 1 9
4 1
4 9


2 4 1 9
4 1
4 9


3 4 1 9
4 1
4 9


4 4 1 9
4 1
4 9


5 4 1 9
4 1
4 9


6 4 1 9
4 1
4 9


7 4 1 9
4 1
4 9


8 4 1 9
4 1
4 9


9 4 1 9
4 1
4 9


10 4 1 9
4 1
4 9


11 4 1 9
4 1
4 9


12 4 1 9
4 1
4 9


13 4 1 9
4 1
4 9


14 4 1 9
4 1
4 9


15 4 1 9
4 1
4 9


16 4 1 9
4 1
4 9


17 4 1 9
4 1
4 9


18 4 1 9
4 1
4 9


19 4 1 9
4 1
4 9


20 4 1 9
4 1
4 9


21 4 1 9
4 1
4 9


22 4 1 9
4 1
4 9


23 4 1 9
4 1
4 9


24 4 1 9
4 1
4 9


25 4 1 9
4 1
4 9


26 4 1 9
4 1
4 9


27 4 1 9
4 1
4 9


28 4 1 9
4 1
4 9


29 4 1 9
4 1
4 9


30 4 1 9
4 1
4 9


31 4 1 9
4 1
4 9


32 4 1 9
4 1
4 9


33 4 1 9
4 1
4 9


34 4 1 9
4 1
4 9


35 4 1 9
4 1
4 9


36 4 1 9
4 1
4 9


37 4 1 9
4 1
4 9


38 4 1 9
4 1
4 9


39 4 1 9
4 1
4 9


40 4 1 9
4 1
4 9


41 4 1 9
4 1
4 9


42 4 1 9
4 1
4 9


43 4 1 9
4 1
4 9


44 4 1 9
4 1
4 9


45 4 1 9
4 1
4 9


46 4 1 9
4 1
4 9


47 4 1 9
4 1
4 9


48 4 1 9
4 1
4 9


49 4 1 9
4 1
4 9


50 4 1 9
4 1
4 9


51 4 1 9
4 1
4 9


52 4 1 9
4 1
4 9


53 4 1 9
4 1
4 9


54 4 1 9
4 1
4 9


55 4 1 9
4 1
4 9


56 4 1 9
4 1
4 9


57 4 1 9
4 1
4 9


58 4 1 9
4 1
4 9


59 4 1 9
4 1
4 9


60 4 1 9
4 1
4 9


61 4 1 9
4 1
4 9


62 4 1 9
4 1
4 9


63 4 1 9
4 1
4 9


324 0 16 25
0 16
0 25


325 0 16 25
0 16
0 25


326 0 16 25
0 16
0 25


327 0 16 25
0 16
0 25


328 0 16 25
0 16
0 25


329 0 16 25
0 16
0 25


330 0 16 25
0 16
0 25


331 0 16 25
0 16
0 25


332 0 16 25
0 16
0 25


333 0 16 25
0 16
0 25


334 0 16 25
0 16
0 25


335 0 16 25
0 16
0 25


336 0 16 25
0 16
0 25


337 0 16 25
0 16
0 25


338 0 16 25
0 16
0 25


339 0 16 25
0 16
0 25


340 0 16 25
0 16
0 25


341 0 16 25
0 16
0 25


342 0 16 25
0 16
0 25


343 0 16 25
0 16
0 25


344 0 16 25
0 16
0 25


345 0 16 25
0 16
0 25


346 0 16 25
0 16
0 25


347 0 16 25
0 16
0 25


348 0 16 25
0 16
0 25


349 0 16 25
0 16
0 25


350 0 16 25
0 16
0 25


351 0 16 25
0 16
0 25


352 0 16 25
0 16
0 25


353 0 16 25
0 16
0 25


354 0 16 25
0 16
0 25


355 0 16 25
0 16
0 25


356 0 16 25
0 16
0 25


357 0 16 25
0 16
0 25


358 0 16 25
0 16
0 25


359 0 16 25
0 16
0 25


360 0 16 25
0 16
0 25


361 0 16 25
0 16
0 25


362 0 16 25
0 16
0 25


363 0 16 25
0 16
0 25


364 0 16 25
0 16
0 25


365 0 16 25
0 16
0 25


366 0 16 25
0 16
0 25


367 0 16 25
0 16
0 25


368 0 16 25
0 16
0 25


369 0 16 25
0 16
0 25


370 0 16 25
0 16
0 25


371 0 16 25
0 16
0 25


372 0 16 25
0 16
0 25


373 0 16 25
0 16
0 25


374 0 16 25
0 16
0 25


375 0 16 25
0 16
0 25


376 0 16 25
0 16
0 25


377 0 16 25
0 16
0 25


378 0 16 25
0 16
0 25


379 0 16 25
0 16
0 25


380 0 16 25
0 16
0 25


381 0 16 25
0 16
0 25


382 0 16 25
0 16
0 25


383 0 16 25
0 16
0 25


384 0 16 25
0 16
0 25


385 0 16 25
0 16
0 25


386 0 16 25
0 16
0 25


387 0 16 25
0 16
0 25


648 8 18 26
8 18
8 26


649 8 18 26
8 18
8 26


650 8 18 26
8 18
8 26


651 8 18 26
8 18
8 26


652 8 18 26
8 18
8 26


653 8 18 26
8 18
8 26


654 8 18 26
8 18
8 26


655 8 18 26
8 18
8 26


656 8 18 26
8 18
8 26


657 8 18 26
8 18
8 26


658 8 18 26
8 18
8 26


659 8 18 26
8 18
8 26


660 8 18 26
8 18
8 26


661 8 18 26
8 18
8 26


662 8 18 26
8 18
8 26


663 8 18 26
8 18
8 26


664 8 18 26
8 18
8 26


665 8 18 26
8 18
8 26


666 8 18 26
8 18
8 26


667 8 18 26
8 18
8 26


668 8 18 26
8 18
8 26


669 8 18 26
8 18
8 26


670 8 18 26
8 18
8 26


671 8 18 26
8 18
8 26


672 8 18 26
8 18
8 26


673 8 18 26
8 18
8 26


674 8 18 26
8 18
8 26


675 8 18 26
8 18
8 26


676 8 18 26
8 18
8 26


677 8 18 26
8 18
8 26


678 8 18 26
8 18
8 26


679 8 18 26
8 18
8 26


680 8 18 26
8 18
8 26


681 8 18 26
8 18
8 26


682 8 18 26
8 18
8 26


683 8 18 26
8 18
8 26


684 8 18 26
8 18
8 26


685 8 18 26
8 18
8 26


686 8 18 26
8 18
8 26


687 8 18 26
8 18
8 26


688 8 18 26
8 18
8 26


689 8 18 26
8 18
8 26


690 8 18 26
8 18
8 26


691 8 18 26
8 18
8 26


692 8 18 26
8 18
8 26


693 8 18 26
8 18
8 26


694 8 18 26
8 18
8 26


695 8 18 26
8 18
8 26


696 8 18 26
8 18
8 26


697 8 18 26
8 18
8 26


698 8 18 26
8 18
8 26


699 8 18 26
8 18
8 26


700 8 18 26
8 18
8 26


701 8 18 26
8 18
8 26


702 8 18 26
8 18
8 26


703 8 18 26
8 18
8 26


704 8 18 26
8 18
8 26


705 8 18 26
8 18
8 26


706 8 18 26
8 18
8 26


707 8 18 26
8 18
8 26


708 8 18 26
8 18
8 26


709 8 18 26
8 18
8 26


710 8 18 26
8 18
8 26


711 8 18 26
8 18
8 26


972 17 19 11
17 19
17 11


973 17 19 11
17 19
17 11


974 17 19 11
17 19
17 11


975 17 19 11
17 19
17 11


976 17 19 11
17 19
17 11


977 17 19 11
17 19
17 11


978 17 19 11
17 19
17 11


979 17 19 11
17 19
17 11


980 17 19 11
17 19
17 11


981 17 19 11
17 19
17 11


982 17 19 11
17 19
17 11


983 17 19 11
17 19
17 11


984 17 19 11
17 19
17 11


985 17 19 11
17 19
17 11


986 17 19 11
17 19
17 11


987 17 19 11
17 19
17 11


988 17 19 11
17 19
17 11


989 17 19 11
17 19
17 11


990 17 19 11
17 19
17 11


991 17 19 11
17 19
17 11


992 17 19 11
17 19
17 11


993 17 19 11
17 19
17 11


994 17 19 11
17 19
17 11


995 17 19 11
17 19
17 11


996 17 19 11
17 19
17 11


997 17 19 11
17 19
17 11


998 17 19 11
17 19
17 11


999 17 19 11
17 19
17 11


1000 17 19 11
17 19
17 11


1001 17 19 11
17 19
17 11


1002 17 19 11
17 19
17 11


1003 17 19 11
17 19
17 11


1004 17 19 11
17 19
17 11


1005 17 19 11
17 19
17 11


1006 17 19 11
17 19
17 11


1007 17 19 11
17 19
17 11


1008 17 19 11
17 19
17 11


1009 17 19 11
17 19
17 11


1010 17 19 11
17 19
17 11


1011 17 19 11
17 19
17 11


1012 17 19 11
17 19
17 11


1013 17 19 11
17 19
17 11


1014 17 19 11
17 19
17 11


1015 17 19 11
17 19
17 11


1016 17 19 11
17 19
17 11


1017 17 19 11
17 19
17 11


1018 17 19 11
17 19
17 11


1019 17 19 11
17 19
17 11


1020 17 19 11
17 19
17 11


1021 17 19 11
17 19
17 11


1022 17 19 11
17 19
17 11


1023 17 19 11
17 19
17 11


1024 17 19 11
17 19
17 11


1025 17 19 11
17 19
17 11


1026 17 19 11
17 19
17 11


1027 17 19 11
17 19
17 11


1028 17 19 11
17 19
17 11


1029 17 19 11
17 19
17 11


1030 17 19 11
17 19
17 11


1031 17 19 11
17 19
17 11


1032 17 19 11
17 19
17 11


1033 17 19 11
17 19
17 11


1034 17 19 11
17 19
17 11


1035 17 19 11
17 19
17 11


1296 27 2 12
27 2
27 12


1297 27 2 12
27 2
27 12


1298 27 2 12
27 2
27 12


1299 27 2 12
27 2
27 12


1300 27 2 12
27 2
27 12


1301 27 2 12
27 2
27 12


1302 27 2 12
27 2
27 12


1303 27 2 12
27 2
27 12


1304 27 2 12
27 2
27 12


1305 27 2 12
27 2
27 12


1306 27 2 12
27 2
27 12


1307 27 2 12
27 2
27 12


1308 27 2 12
27 2
27 12


1309 27 2 12
27 2
27 12


1310 27 2 12
27 2
27 12


1311 27 2 12
27 2
27 12


1312 27 2 12
27 2
27 12


1313 27 2 12
27 2
27 12


1314 27 2 12
27 2
27 12


1315 27 2 12
27 2
27 12


1316 27 2 12
27 2
27 12


1317 27 2 12
27 2
27 12


1318 27 2 12
27 2
27 12


1319 27 2 12
27 2
27 12


1320 27 2 12
27 2
27 12


1321 27 2 12
27 2
27 12


1322 27 2 12
27 2
27 12


1323 27 2 12
27 2
27 12


1324 27 2 12
27 2
27 12


1325 27 2 12
27 2
27 12


1326 27 2 12
27 2
27 12


1327 27 2 12
27 2
27 12


1328 27 2 12
27 2
27 12


1329 27 2 12
27 2
27 12


1330 27 2 12
27 2
27 12


1331 27 2 12
27 2
27 12


1332 27 2 12
27 2
27 12


1333 27 2 12
27 2
27 12


1334 27 2 12
27 2
27 12


1335 27 2 12
27 2
27 12


1336 27 2 12
27 2
27 12


1337 27 2 12
27 2
27 12


1338 27 2 12
27 2
27 12


1339 27 2 12
27 2
27 12


1340 27 2 12
27 2
27 12


1341 27 2 12
27 2
27 12


1342 27 2 12
27 2
27 12


1343 27 2 12
27 2
27 12


1344 27 2 12
27 2
27 12


1345 27 2 12
27 2
27 12


1346 27 2 12
27 2
27 12


1347 27 2 12
27 2
27 12


1348 27 2 12
27 2
27 12


1349 27 2 12
27 2
27 12


1350 27 2 12
27 2
27 12


1351 27 2 12
27 2
27 12


1352 27 2 12
27 2
27 12


1353 27 2 12
27 2
27 12


1354 27 2 12
27 2
27 12


1355 27 2 12
27 2
27 12


1356 27 2 12
27 2
27 12


1357 27 2 12
27 2
27 12


1358 27 2 12
27 2
27 12


1359 27 2 12
27 2
27 12


1360 27 2 12
27 2
27 12


1361 27 2 12
27 2
27 12


1362 27 2 12
27 2
27 12


1363 27 2 12
27 2
27 12


1364 27 2 12
27 2
27 12


1365 27 2 12
27 2
27 12


1366 27 2 12
27 2
27 12


1367 27 2 12
27 2
27 12


1368 27 2 12
27 2
27 12


1369 27 2 12
27 2
27 12


1370 27 2 12
27 2
27 12


1371 27 2 12
27 2
27 12


1372 27 2 12
27 2
27 12


1373 27 2 12
27 2
27 12


1374 27 2 12
27 2
27 12


1375 27 2 12
27 2
27 12


1376 27 2 12
27 2
27 12


1377 27 2 12
27 2
27 12


1378 27 2 12
27 2
27 12


1379 27 2 12
27 2
27 12


1380 27 2 12
27 2
27 12


1381 27 2 12
27 2
27 12


1382 27 2 12
27 2
27 12


1383 27 2 12
27 2
27 12


1384 27 2 12
27 2
27 12


1385 27 2 12
27 2
27 12


1386 27 2 12
27 2
27 12


1387 27 2 12
27 2
27 12


1388 27 2 12
27 2
27 12


1389 27 2 12
27 2
27 12


1390 27 2 12
27 2
27 12


1391 27 2 12
27 2
27 12


1392 27 2 12
27 2
27 12


1393 27 2 12
27 2
27 12


1394 27 2 12
27 2
27 12


1395 27 2 12
27 2
27 12


1396 27 2 12
27 2
27 12


1397 27 2 12
27 2
27 12


1398 27 2 12
27 2
27 12


1399 27 2 12
27 2
27 12


1400 27 2 12
27 2
27 12


1401 27 2 12
27 2
27 12


1402 27 2 12
27 2
27 12


1403 27 2 12
27 2
27 12


1404 27 2 12
27 2
27 12


1405 27 2 12
27 2
27 12


1406 27 2 12
27 2
27 12


1407 27 2 12
27 2
27 12


1408 27 2 12
27 2
27 12


1409 27 2 12
27 2
27 12


1410 27 2 12
27 2
27 12


1411 27 2 12
27 2
27 12


1412 27 2 12
27 2
27 12


1413 27 2 12
27 2
27 12


1414 27 2 12
27 2
27 12


1415 27 2 12
27 2
27 12


1416 27 2 12
27 2
27 12


1417 27 2 12
27 2
27 12


1418 27 2 12
27 2
27 12


1419 27 2 12
27 2
27 12


1420 27 2 12
27 2
27 12


1421 27 2 12
27 2
27 12


1422 27 2 12
27 2
27 12


1423 27 2 12
27 2
27 12


1424 27 2 12
27 2
27 12


1425 27 2 12
27 2
27 12


1426 27 2 12
27 2
27 12


1427 27 2 12
27 2
27 12


1428 27 2 12
27 2
27 12


1429 27 2 12
27 2
27 12


1430 27 2 12
27 2
27 12


1431 27 2 12
27 2
27 12


1432 27 2 12
27 2
27 12


1433 27 2 12
27 2
27 12


1434 27 2 12
27 2
27 12


1435 27 2 12
27 2
27 12


1436 27 2 12
27 2
27 12


1437 27 2 12
27 2
27 12


1438 27 2 12
27 2
27 12


1439 27 2 12
27 2
27 12


1440 27 2 12
27 2
27 12


1441 27 2 12
27 2
27 12


1442 27 2 12
27 2
27 12


1443 27 2 12
27 2
27 12


1444 27 2 12
27 2
27 12


1445 27 2 12
27 2
27 12


1446 27 2 12
27 2
27 12


1447 27 2 12
27 2
27 12


1448 27 2 12
27 2
27 12


1449 27 2 12
27 2
27 12


1450 27 2 12
27 2
27 12


1451 27 2 12
27 2
27 12


1452 27 2 12
27 2
27 12


1453 27 2 12
27 2
27 12


1454 27 2 12
27 2
27 12


1455 27 2 12
27 2
27 12


1456 27 2 12
27 2
27 12


1457 27 2 12
27 2
27 12


1458 27 2 12
27 2
27 12


1459 27 2 12
27 2
27 12


1460 27 2 12
27 2
27 12


1461 27 2 12
27 2
27 12


1462 27 2 12
27 2
27 12


1463 27 2 12
27 2
27 12


1464 27 2 12
27 2
27 12


1465 27 2 12
27 2
27 12


1466 27 2 12
27 2
27 12


1467 27 2 12
27 2
27 12


1468 27 2 12
27 2
27 12


1469 27 2 12
27 2
27 12


1470 27 2 12
27 2
27 12


1471 27 2 12
27 2
27 12


1472 27 2 12
27 2
27 12


1473 27 2 12
27 2
27 12


1474 27 2 12
27 2
27 12


1475 27 2 12
27 2
27 12


1476 27 2 12
27 2
27 12


1477 27 2 12
27 2
27 12


1478 27 2 12
27 2
27 12


1479 27 2 12
27 2
27 12


1480 27 2 12
27 2
27 12


1481 27 2 12
27 2
27 12


1482 27 2 12
27 2
27 12


1483 27 2 12
27 2
27 12


1484 27 2 12
27 2
27 12


1485 27 2 12
27 2
27 12


1486 27 2 12
27 2
27 12


1487 27 2 12
27 2
27 12


1488 27 2 12
27 2
27 12


1489 27 2 12
27 2
27 12


1490 27 2 12
27 2
27 12


1491 27 2 12
27 2
27 12


1492 27 2 12
27 2
27 12


1493 27 2 12
27 2
27 12


1494 27 2 12
27 2
27 12


1495 27 2 12
27 2
27 12


1496 27 2 12
27 2
27 12


1497 27 2 12
27 2
27 12


1498 27 2 12
27 2
27 12


1499 27 2 12
27 2
27 12


1500 27 2 12
27 2
27 12


1501 27 2 12
27 2
27 12


1502 27 2 12
27 2
27 12


1503 27 2 12
27 2
27 12


1504 27 2 12
27 2
27 12


1505 27 2 12
27 2
27 12


1506 27 2 12
27 2
27 12


1507 27 2 12
27 2
27 12


1508 27 2 12
27 2
27 12


1509 27 2 12
27 2
27 12


1510 27 2 12
27 2
27 12


1511 27 2 12
27 2
27 12


1512 27 2 12
27 2
27 12


1513 27 2 12
27 2
27 12


1514 27 2 12
27 2
27 12


1515 27 2 12
27 2
27 12


1516 27 2 12
27 2
27 12


1517 27 2 12
27 2
27 12


1518 27 2 12
27 2
27 12


1519 27 2 12
27 2
27 12


1520 27 2 12
27 2
27 12


1521 27 2 12
27 2
27 12


1522 27 2 12
27 2
27 12


1523 27 2 12
27 2
27 12


1524 27 2 12
27 2
27 12


1525 27 2 12
27 2
27 12


1526 27 2 12
27 2
27 12


1527 27 2 12
27 2
27 12


1528 27 2 12
27 2
27 12


1529 27 2 12
27 2
27 12


1530 27 2 12
27 2
27 12


1531 27 2 12
27 2
27 12


1532 27 2 12
27 2
27 12


1533 27 2 12
27 2
27 12


1534 27 2 12
27 2
27 12


1535 27 2 12
27 2
27 12


1536 27 2 12
27 2
27 12


1537 27 2 12
27 2
27 12


1538 27 2 12
27 2
27 12


1539 27 2 12
27 2
27 12


1540 27 2 12
27 2
27 12


1541 27 2 12
27 2
27 12


1542 27 2 12
27 2
27 12


1543 27 2 12
27 2
27 12


1544 27 2 12
27 2
27 12


1545 27 2 12
27 2
27 12


1546 27 2 12
27 2
27 12


1547 27 2 12
27 2
27 12


1548 27 2 12
27 2
27 12


1549 27 2 12
27 2
27 12


1550 27 2 12
27 2
27 12


1551 27 2 12
27 2
27 12


2580 10 5 6
10 5
10 6


2581 10 5 6
10 5
10 6


2582 10 5 6
10 5
10 6


2583 10 5 6
10 5
10 6


2584 10 5 6
10 5
10 6


2585 10 5 6
10 5
10 6


2586 10 5 6
10 5
10 6


2587 10 5 6
10 5
10 6


2588 10 5 6
10 5
10 6


2589 10 5 6
10 5
10 6


2590 10 5 6
10 5
10 6


2591 10 5 6
10 5
10 6


2592 10 5 6
10 5
10 6


2593 10 5 6
10 5
10 6


2594 10 5 6
10 5
10 6


2595 10 5 6
10 5
10 6


2596 10 5 6
10 5
10 6


2597 10 5 6
10 5
10 6


2598 10 5 6
10 5
10 6


2599 10 5 6
10 5
10 6


2600 10 5 6
10 5
10 6


2601 10 5 6
10 5
10 6


2602 10 5 6
10 5
10 6


2603 10 5 6
10 5
10 6


2604 10 5 6
10 5
10 6


2605 10 5 6
10 5
10 6


2606 10 5 6
10 5
10 6


2607 10 5 6
10 5
10 6


2608 10 5 6
10 5
10 6


2609 10 5 6
10 5
10 6


2610 10 5 6
10 5
10 6


2611 10 5 6
10 5
10 6


2612 10 5 6
10 5
10 6


2613 10 5 6
10 5
10 6


2614 10 5 6
10 5
10 6


2615 10 5 6
10 5
10 6


2616 10 5 6
10 5
10 6


2617 10 5 6
10 5
10 6


2618 10 5 6
10 5
10 6


2619 10 5 6
10 5
10 6


2620 10 5 6
10 5
10 6


2621 10 5 6
10 5
10 6


2622 10 5 6
10 5
10 6


2623 10 5 6
10 5
10 6


2624 10 5 6
10 5
10 6


2625 10 5 6
10 5
10 6


2626 10 5 6
10 5
10 6


2627 10 5 6
10 5
10 6


2628 10 5 6
10 5
10 6


2629 10 5 6
10 5
10 6


2630 10 5 6
10 5
10 6


2631 10 5 6
10 5
10 6


2632 10 5 6
10 5
10 6


2633 10 5 6
10 5
10 6


2634 10 5 6
10 5
10 6


2635 10 5 6
10 5
10 6


2636 10 5 6
10 5
10 6


2637 10 5 6
10 5
10 6


2638 10 5 6
10 5
10 6


2639 10 5 6
10 5
10 6


2640 10 5 6
10 5
10 6


2641 10 5 6
10 5
10 6


2642 10 5 6
10 5
10 6


2643 10 5 6
10 5
10 6


2644 10 5 6
10 5
10 6


2645 10 5 6
10 5
10 6


2646 10 5 6
10 5
10 6


2647 10 5 6
10 5
10 6


2648 10 5 6
10 5
10 6


2649 10 5 6
10 5
10 6


2650 10 5 6
10 5
10 6


2651 10 5 6
10 5
10 6


2652 10 5 6
10 5
10 6


2653 10 5 6
10 5
10 6


2654 10 5 6
10 5
10 6


2655 10 5 6
10 5
10 6


2656 10 5 6
10 5
10 6


2657 10 5 6
10 5
10 6


2658 10 5 6
10 5
10 6


2659 10 5 6
10 5
10 6


2660 10 5 6
10 5
10 6


2661 10 5 6
10 5
10 6


2662 10 5 6
10 5
10 6


2663 10 5 6
10 5
10 6


2664 10 5 6
10 5
10 6


2665 10 5 6
10 5
10 6


2666 10 5 6
10 5
10 6


2667 10 5 6
10 5
10 6


2668 10 5 6
10 5
10 6


2669 10 5 6
10 5
10 6


2670 10 5 6
10 5
10 6


2671 10 5 6
10 5
10 6


2672 10 5 6
10 5
10 6


2673 10 5 6
10 5
10 6


2674 10 5 6
10 5
10 6


2675 10 5 6
10 5
10 6


2676 10 5 6
10 5
10 6


2677 10 5 6
10 5
10 6


2678 10 5 6
10 5
10 6


2679 10 5 6
10 5
10 6


2680 10 5 6
10 5
10 6


2681 10 5 6
10 5
10 6


2682 10 5 6
10 5
10 6


2683 10 5 6
10 5
10 6


2684 10 5 6
10 5
10 6


2685 10 5 6
10 5
10 6


2686 10 5 6
10 5
10 6


2687 10 5 6
10 5
10 6


2688 10 5 6
10 5
10 6


2689 10 5 6
10 5
10 6


2690 10 5 6
10 5
10 6


2691 10 5 6
10 5
10 6


2692 10 5 6
10 5
10 6


2693 10 5 6
10 5
10 6


2694 10 5 6
10 5
10 6


2695 10 5 6
10 5
10 6


2696 10 5 6
10 5
10 6


2697 10 5 6
10 5
10 6


2698 10 5 6
10 5
10 6


2699 10 5 6
10 5
10 6


2700 10 5 6
10 5
10 6


2701 10 5 6
10 5
10 6


2702 10 5 6
10 5
10 6


2703 10 5 6
10 5
10 6


2704 10 5 6
10 5
10 6


2705 10 5 6
10 5
10 6


2706 10 5 6
10 5
10 6


2707 10 5 6
10 5
10 6


2708 10 5 6
10 5
10 6


2709 10 5 6
10 5
10 6


2710 10 5 6
10 5
10 6


2711 10 5 6
10 5
10 6


2712 10 5 6
10 5
10 6


2713 10 5 6
10 5
10 6


2714 10 5 6
10 5
10 6


2715 10 5 6
10 5
10 6


2716 10 5 6
10 5
10 6


2717 10 5 6
10 5
10 6


2718 10 5 6
10 5
10 6


2719 10 5 6
10 5
10 6


2720 10 5 6
10 5
10 6


2721 10 5 6
10 5
10 6


2722 10 5 6
10 5
10 6


2723 10 5 6
10 5
10 6


2724 10 5 6
10 5
10 6


2725 10 5 6
10 5
10 6


2726 10 5 6
10 5
10 6


2727 10 5 6
10 5
10 6


2728 10 5 6
10 5
10 6


2729 10 5 6
10 5
10 6


2730 10 5 6
10 5
10 6


2731 10 5 6
10 5
10 6


2732 10 5 6
10 5
10 6


2733 10 5 6
10 5
10 6


2734 10 5 6
10 5
10 6


2735 10 5 6
10 5
10 6


2736 10 5 6
10 5
10 6


2737 10 5 6
10 5
10 6


2738 10 5 6
10 5
10 6


2739 10 5 6
10 5
10 6


2740 10 5 6
10 5
10 6


2741 10 5 6
10 5
10 6


2742 10 5 6
10 5
10 6


2743 10 5 6
10 5
10 6


2744 10 5 6
10 5
10 6


2745 10 5 6
10 5
10 6


2746 10 5 6
10 5
10 6


2747 10 5 6
10 5
10 6


2748 10 5 6
10 5
10 6


2749 10 5 6
10 5
10 6


2750 10 5 6
10 5
10 6


2751 10 5 6
10 5
10 6


2752 10 5 6
10 5
10 6


2753 10 5 6
10 5
10 6


2754 10 5 6
10 5
10 6


2755 10 5 6
10 5
10 6


2756 10 5 6
10 5
10 6


2757 10 5 6
10 5
10 6


2758 10 5 6
10 5
10 6


2759 10 5 6
10 5
10 6


2760 10 5 6
10 5
10 6


2761 10 5 6
10 5
10 6


2762 10 5 6
10 5
10 6


2763 10 5 6
10 5
10 6


2764 10 5 6
10 5
10 6


2765 10 5 6
10 5
10 6


2766 10 5 6
10 5
10 6


2767 10 5 6
10 5
10 6


2768 10 5 6
10 5
10 6


2769 10 5 6
10 5
10 6


2770 10 5 6
10 5
10 6


2771 10 5 6
10 5
10 6


2772 10 5 6
10 5
10 6


2773 10 5 6
10 5
10 6


2774 10 5 6
10 5
10 6


2775 10 5 6
10 5
10 6


2776 10 5 6
10 5
10 6


2777 10 5 6
10 5
10 6


2778 10 5 6
10 5
10 6


2779 10 5 6
10 5
10 6


2780 10 5 6
10 5
10 6


2781 10 5 6
10 5
10 6


2782 10 5 6
10 5
10 6


2783 10 5 6
10 5
10 6


2784 10 5 6
10 5
10 6


2785 10 5 6
10 5
10 6


2786 10 5 6
10 5
10 6


2787 10 5 6
10 5
10 6


2788 10 5 6
10 5
10 6


2789 10 5 6
10 5
10 6


2790 10 5 6
10 5
10 6


2791 10 5 6
10 5
10 6


2792 10 5 6
10 5
10 6


2793 10 5 6
10 5
10 6


2794 10 5 6
10 5
10 6


2795 10 5 6
10 5
10 6


2796 10 5 6
10 5
10 6


2797 10 5 6
10 5
10 6


2798 10 5 6
10 5
10 6


2799 10 5 6
10 5
10 6


2800 10 5 6
10 5
10 6


2801 10 5 6
10 5
10 6


2802 10 5 6
10 5
10 6


2803 10 5 6
10 5
10 6


2804 10 5 6
10 5
10 6


2805 10 5 6
10 5
10 6


2806 10 5 6
10 5
10 6


2807 10 5 6
10 5
10 6


2808 10 5 6
10 5
10 6


2809 10 5 6
10 5
10 6


2810 10 5 6
10 5
10 6


2811 10 5 6
10 5
10 6


2812 10 5 6
10 5
10 6


2813 10 5 6
10 5
10 6


2814 10 5 6
10 5
10 6


2815 10 5 6
10 5
10 6


2816 10 5 6
10 5
10 6


2817 10 5 6
10 5
10 6


2818 10 5 6
10 5
10 6


2819 10 5 6
10 5
10 6


2820 10 5 6
10 5
10 6


2821 10 5 6
10 5
10 6


2822 10 5 6
10 5
10 6


2823 10 5 6
10 5
10 6


2824 10 5 6
10 5
10 6


2825 10 5 6
10 5
10 6


2826 10 5 6
10 5
10 6


2827 10 5 6
10 5
10 6


2828 10 5 6
10 5
10 6


2829 10 5 6
10 5
10 6


2830 10 5 6
10 5
10 6


2831 10 5 6
10 5
10 6


2832 10 5 6
10 5
10 6


2833 10 5 6
10 5
10 6


2834 10 5 6
10 5
10 6


2835 10 5 6
10 5
10 6


2836 10 5 6
10 5
10 6


2837 10 5 6
10 5
10 6


2838 10 5 6
10 5
10 6


2839 10 5 6
10 5
10 6


2840 10 5 6
10 5
10 6


2841 10 5 6
10 5
10 6


2842 10 5 6
10 5
10 6


2843 10 5 6
10 5
10 6


2844 10 5 6
10 5
10 6


2845 10 5 6
10 5
10 6


2846 10 5 6
10 5
10 6


2847 10 5 6
10 5
10 6


2848 10 5 6
10 5
10 6


2849 10 5 6
10 5
10 6


2850 10 5 6
10 5
10 6


2851 10 5 6
10 5
10 6


2852 10 5 6
10 5
10 6


2853 10 5 6
10 5
10 6


2854 10 5 6
10 5
10 6


2855 10 5 6
10 5
10 6


2856 10 5 6
10 5
10 6


2857 10 5 6
10 5
10 6


2858 10 5 6
10 5
10 6


2859 10 5 6
10 5
10 6


2860 10 5 6
10 5
10 6


2861 10 5 6
10 5
10 6


2862 10 5 6
10 5
10 6


2863 10 5 6
10 5
10 6


2864 10 5 6
10 5
10 6


2865 10 5 6
10 5
10 6


2866 10 5 6
10 5
10 6


2867 10 5 6
10 5
10 6


2868 10 5 6
10 5
10 6


2869 10 5 6
10 5
10 6


2870 10 5 6
10 5
10 6


2871 10 5 6
10 5
10 6


2872 10 5 6
10 5
10 6


2873 10 5 6
10 5
10 6


2874 10 5 6
10 5
10 6


2875 10 5 6
10 5
10 6


2876 10 5 6
10 5
10 6


2877 10 5 6
10 5
10 6


2878 10 5 6
10 5
10 6


2879 10 5 6
10 5
10 6


2880 10 5 6
10 5
10 6


2881 10 5 6
10 5
10 6


2882 10 5 6
10 5
10 6


2883 10 5 6
10 5
10 6


2884 10 5 6
10 5
10 6


2885 10 5 6
10 5
10 6


2886 10 5 6
10 5
10 6


2887 10 5 6
10 5
10 6


2888 10 5 6
10 5
10 6


2889 10 5 6
10 5
10 6


2890 10 5 6
10 5
10 6


2891 10 5 6
10 5
10 6


2892 10 5 6
10 5
10 6


2893 10 5 6
10 5
10 6


2894 10 5 6
10 5
10 6


2895 10 5 6
10 5
10 6


2896 10 5 6
10 5
10 6


2897 10 5 6
10 5
10 6


2898 10 5 6
10 5
10 6


2899 10 5 6
10 5
10 6


2900 10 5 6
10 5
10 6


2901 10 5 6
10 5
10 6


2902 10 5 6
10 5
10 6


2903 10 5 6
10 5
10 6


2904 10 5 6
10 5
10 6


2905 10 5 6
10 5
10 6


2906 10 5 6
10 5
10 6


2907 10 5 6
10 5
10 6


2908 10 5 6
10 5
10 6


2909 10 5 6
10 5
10 6


2910 10 5 6
10 5
10 6


2911 10 5 6
10 5
10 6


2912 10 5 6
10 5
10 6


2913 10 5 6
10 5
10 6


2914 10 5 6
10 5
10 6


2915 10 5 6
10 5
10 6


2916 10 5 6
10 5
10 6


2917 10 5 6
10 5
10 6


2918 10 5 6
10 5
10 6


2919 10 5 6
10 5
10 6


2920 10 5 6
10 5
10 6


2921 10 5 6
10 5
10 6


2922 10 5 6
10 5
10 6


2923 10 5 6
10 5
10 6


2924 10 5 6
10 5
10 6


2925 10 5 6
10 5
10 6


2926 10 5 6
10 5
10 6


2927 10 5 6
10 5
10 6


2928 10 5 6
10 5
10 6


2929 10 5 6
10 5
10 6


2930 10 5 6
10 5
10 6


2931 10 5 6
10 5
10 6


2932 10 5 6
10 5
10 6


2933 10 5 6
10 5
10 6


2934 10 5 6
10 5
10 6


2935 10 5 6
10 5
10 6


2936 10 5 6
10 5
10 6


2937 10 5 6
10 5
10 6


2938 10 5 6
10 5
10 6


2939 10 5 6
10 5
10 6


2940 10 5 6
10 5
10 6


2941 10 5 6
10 5
10 6


2942 10 5 6
10 5
10 6


2943 10 5 6
10 5
10 6


2944 10 5 6
10 5
10 6


2945 10 5 6
10 5
10 6


2946 10 5 6
10 5
10 6


2947 10 5 6
10 5
10 6


2948 10 5 6
10 5
10 6


2949 10 5 6
10 5
10 6


2950 10 5 6
10 5
10 6


2951 10 5 6
10 5
10 6


2952 10 5 6
10 5
10 6


2953 10 5 6
10 5
10 6


2954 10 5 6
10 5
10 6


2955 10 5 6
10 5
10 6


2956 10 5 6
10 5
10 6


2957 10 5 6
10 5
10 6


2958 10 5 6
10 5
10 6


2959 10 5 6
10 5
10 6


2960 10 5 6
10 5
10 6


2961 10 5 6
10 5
10 6


2962 10 5 6
10 5
10 6


2963 10 5 6
10 5
10 6


2964 10 5 6
10 5
10 6


2965 10 5 6
10 5
10 6


2966 10 5 6
10 5
10 6


2967 10 5 6
10 5
10 6


2968 10 5 6
10 5
10 6


2969 10 5 6
10 5
10 6


2970 10 5 6
10 5
10 6


2971 10 5 6
10 5
10 6


2972 10 5 6
10 5
10 6


2973 10 5 6
10 5
10 6


2974 10 5 6
10 5
10 6


2975 10 5 6
10 5
10 6


2976 10 5 6
10 5
10 6


2977 10 5 6
10 5
10 6


2978 10 5 6
10 5
10 6


2979 10 5 6
10 5
10 6


2980 10 5 6
10 5
10 6


2981 10 5 6
10 5
10 6


2982 10 5 6
10 5
10 6


2983 10 5 6
10 5
10 6


2984 10 5 6
10 5
10 6


2985 10 5 6
10 5
10 6


2986 10 5 6
10 5
10 6


2987 10 5 6
10 5
10 6


2988 10 5 6
10 5
10 6


2989 10 5 6
10 5
10 6


2990 10 5 6
10 5
10 6


2991 10 5 6
10 5
10 6


2992 10 5 6
10 5
10 6


2993 10 5 6
10 5
10 6


2994 10 5 6
10 5
10 6


2995 10 5 6
10 5
10 6


2996 10 5 6
10 5
10 6


2997 10 5 6
10 5
10 6


2998 10 5 6
10 5
10 6


2999 10 5 6
10 5
10 6


3000 10 5 6
10 5
10 6


3001 10 5 6
10 5
10 6


3002 10 5 6
10 5
10 6


3003 10 5 6
10 5
10 6


3004 10 5 6
10 5
10 6


3005 10 5 6
10 5
10 6


3006 10 5 6
10 5
10 6


3007 10 5 6
10 5
10 6


3008 10 5 6
10 5
10 6


3009 10 5 6
10 5
10 6


3010 10 5 6
10 5
10 6


3011 10 5 6
10 5
10 6


3012 10 5 6
10 5
10 6


3013 10 5 6
10 5
10 6


3014 10 5 6
10 5
10 6


3015 10 5 6
10 5
10 6


3016 10 5 6
10 5
10 6


3017 10 5 6
10 5
10 6


3018 10 5 6
10 5
10 6


3019 10 5 6
10 5
10 6


3020 10 5 6
10 5
10 6


3021 10 5 6
10 5
10 6


3022 10 5 6
10 5
10 6


3023 10 5 6
10 5
10 6


3024 10 5 6
10 5
10 6


3025 10 5 6
10 5
10 6


3026 10 5 6
10 5
10 6


3027 10 5 6
10 5
10 6


3028 10 5 6
10 5
10 6


3029 10 5 6
10 5
10 6


3030 10 5 6
10 5
10 6


3031 10 5 6
10 5
10 6


3032 10 5 6
10 5
10 6


3033 10 5 6
10 5
10 6


3034 10 5 6
10 5
10 6


3035 10 5 6
10 5
10 6


3036 10 5 6
10 5
10 6


3037 10 5 6
10 5
10 6


3038 10 5 6
10 5
10 6


3039 10 5 6
10 5
10 6


3040 10 5 6
10 5
10 6


3041 10 5 6
10 5
10 6


3042 10 5 6
10 5
10 6


3043 10 5 6
10 5
10 6


3044 10 5 6
10 5
10 6


3045 10 5 6
10 5
10 6


3046 10 5 6
10 5
10 6


3047 10 5 6
10 5
10 6


3048 10 5 6
10 5
10 6


3049 10 5 6
10 5
10 6


3050 10 5 6
10 5
10 6


3051 10 5 6
10 5
10 6


3052 10 5 6
10 5
10 6


3053 10 5 6
10 5
10 6


3054 10 5 6
10 5
10 6


3055 10 5 6
10 5
10 6


3056 10 5 6
10 5
10 6


3057 10 5 6
10 5
10 6


3058 10 5 6
10 5
10 6


3059 10 5 6
10 5
10 6


3060 10 5 6
10 5
10 6


3061 10 5 6
10 5
10 6


3062 10 5 6
10 5
10 6


3063 10 5 6
10 5
10 6


3064 10 5 6
10 5
10 6


3065 10 5 6
10 5
10 6


3066 10 5 6
10 5
10 6


3067 10 5 6
10 5
10 6


3068 10 5 6
10 5
10 6


3069 10 5 6
10 5
10 6


3070 10 5 6
10 5
10 6


3071 10 5 6
10 5
10 6


3072 10 5 6
10 5
10 6


3073 10 5 6
10 5
10 6


3074 10 5 6
10 5
10 6


3075 10 5 6
10 5
10 6


3076 10 5 6
10 5
10 6


3077 10 5 6
10 5
10 6


3078 10 5 6
10 5
10 6


3079 10 5 6
10 5
10 6


3080 10 5 6
10 5
10 6


3081 10 5 6
10 5
10 6


3082 10 5 6
10 5
10 6


3083 10 5 6
10 5
10 6


3084 10 5 6
10 5
10 6


3085 10 5 6
10 5
10 6


3086 10 5 6
10 5
10 6


3087 10 5 6
10 5
10 6


3088 10 5 6
10 5
10 6


3089 10 5 6
10 5
10 6


3090 10 5 6
10 5
10 6


3091 10 5 6
10 5
10 6


4136 13 15 14
13 15
13 14


4137 13 15 14
13 15
13 14


4138 13 15 14
13 15
13 14


4139 13 15 14
13 15
13 14


4140 13 15 14
13 15
13 14


4141 13 15 14
13 15
13 14


4142 13 15 14
13 15
13 14


4143 13 15 14
13 15
13 14


4144 13 15 14
13 15
13 14


4145 13 15 14
13 15
13 14


4146 13 15 14
13 15
13 14


4147 13 15 14
13 15
13 14


4148 13 15 14
13 15
13 14


4149 13 15 14
13 15
13 14


4150 13 15 14
13 15
13 14


4151 13 15 14
13 15
13 14


4152 13 15 14
13 15
13 14


4153 13 15 14
13 15
13 14


4154 13 15 14
13 15
13 14


4155 13 15 14
13 15
13 14


4156 13 15 14
13 15
13 14


4157 13 15 14
13 15
13 14


4158 13 15 14
13 15
13 14


4159 13 15 14
13 15
13 14


4160 13 15 14
13 15
13 14


4161 13 15 14
13 15
13 14


4162 13 15 14
13 15
13 14


4163 13 15 14
13 15
13 14


4164 13 15 14
13 15
13 14


4165 13 15 14
13 15
13 14


4166 13 15 14
13 15
13 14


4167 13 15 14
13 15
13 14


4168 13 15 14
13 15
13 14


4169 13 15 14
13 15
13 14


4170 13 15 14
13 15
13 14


4171 13 15 14
13 15
13 14


4172 13 15 14
13 15
13 14


4173 13 15 14
13 15
13 14


4174 13 15 14
13 15
13 14


4175 13 15 14
13 15
13 14


4176 13 15 14
13 15
13 14


4177 13 15 14
13 15
13 14


4178 13 15 14
13 15
13 14


4179 13 15 14
13 15
13 14


4180 13 15 14
13 15
13 14


4181 13 15 14
13 15
13 14


4182 13 15 14
13 15
13 14


4183 13 15 14
13 15
13 14


4184 13 15 14
13 15
13 14


4185 13 15 14
13 15
13 14


4186 13 15 14
13 15
13 14


4187 13 15 14
13 15
13 14


4188 13 15 14
13 15
13 14


4189 13 15 14
13 15
13 14


4190 13 15 14
13 15
13 14


4191 13 15 14
13 15
13 14


4192 13 15 14
13 15
13 14


4193 13 15 14
13 15
13 14


4194 13 15 14
13 15
13 14


4195 13 15 14
13 15
13 14


4196 13 15 14
13 15
13 14


4197 13 15 14
13 15
13 14


4198 13 15 14
13 15
13 14


4199 13 15 14
13 15
13 14


4460 7 23 30
7 23
7 30


4461 7 23 30
7 23
7 30


4462 7 23 30
7 23
7 30


4463 7 23 30
7 23
7 30


4464 7 23 30
7 23
7 30


4465 7 23 30
7 23
7 30


4466 7 23 30
7 23
7 30


4467 7 23 30
7 23
7 30


4468 7 23 30
7 23
7 30


4469 7 23 30
7 23
7 30


4470 7 23 30
7 23
7 30


4471 7 23 30
7 23
7 30


4472 7 23 30
7 23
7 30


4473 7 23 30
7 23
7 30


4474 7 23 30
7 23
7 30


4475 7 23 30
7 23
7 30


4476 7 23 30
7 23
7 30


4477 7 23 30
7 23
7 30


4478 7 23 30
7 23
7 30


4479 7 23 30
7 23
7 30


4480 7 23 30
7 23
7 30


4481 7 23 30
7 23
7 30


4482 7 23 30
7 23
7 30


4483 7 23 30
7 23
7 30


4484 7 23 30
7 23
7 30


4485 7 23 30
7 23
7 30


4486 7 23 30
7 23
7 30


4487 7 23 30
7 23
7 30


4488 7 23 30
7 23
7 30


4489 7 23 30
7 23
7 30


4490 7 23 30
7 23
7 30


4491 7 23 30
7 23
7 30


4492 7 23 30
7 23
7 30


4493 7 23 30
7 23
7 30


4494 7 23 30
7 23
7 30


4495 7 23 30
7 23
7 30


4496 7 23 30
7 23
7 30


4497 7 23 30
7 23
7 30


4498 7 23 30
7 23
7 30


4499 7 23 30
7 23
7 30


4500 7 23 30
7 23
7 30


4501 7 23 30
7 23
7 30


4502 7 23 30
7 23
7 30


4503 7 23 30
7 23
7 30


4504 7 23 30
7 23
7 30


4505 7 23 30
7 23
7 30


4506 7 23 30
7 23
7 30


4507 7 23 30
7 23
7 30


4508 7 23 30
7 23
7 30


4509 7 23 30
7 23
7 30


4510 7 23 30
7 23
7 30


4511 7 23 30
7 23
7 30


4512 7 23 30
7 23
7 30


4513 7 23 30
7 23
7 30


4514 7 23 30
7 23
7 30


4515 7 23 30
7 23
7 30


4516 7 23 30
7 23
7 30


4517 7 23 30
7 23
7 30


4518 7 23 30
7 23
7 30


4519 7 23 30
7 23
7 30


4520 7 23 30
7 23
7 30


4521 7 23 30
7 23
7 30


4522 7 23 30
7 23
7 30


4523 7 23 30
7 23
7 30


7892 45 46 54
45 46
45 54


7893 45 46 54
45 46
45 54


7894 45 46 54
45 46
45 54


7895 45 46 54
45 46
45 54


7896 45 46 54
45 46
45 54


7897 45 46 54
45 46
45 54


7898 45 46 54
45 46
45 54


7899 45 46 54
45 46
45 54


7900 45 46 54
45 46
45 54


7901 45 46 54
45 46
45 54


7902 45 46 54
45 46
45 54


7903 45 46 54
45 46
45 54


7904 45 46 54
45 46
45 54


7905 45 46 54
45 46
45 54


7906 45 46 54
45 46
45 54


7907 45 46 54
45 46
45 54


7908 45 46 54
45 46
45 54


7909 45 46 54
45 46
45 54


7910 45 46 54
45 46
45 54


7911 45 46 54
45 46
45 54


7912 45 46 54
45 46
45 54


7913 45 46 54
45 46
45 54


7914 45 46 54
45 46
45 54


7915 45 46 54
45 46
45 54


7916 45 46 54
45 46
45 54


7917 45 46 54
45 46
45 54


7918 45 46 54
45 46
45 54


7919 45 46 54
45 46
45 54


7920 45 46 54
45 46
45 54


7921 45 46 54
45 46
45 54


7922 45 46 54
45 46
45 54


7923 45 46 54
45 46
45 54


7924 45 46 54
45 46
45 54


7925 45 46 54
45 46
45 54


7926 45 46 54
45 46
45 54


7927 45 46 54
45 46
45 54


7928 45 46 54
45 46
45 54


7929 45 46 54
45 46
45 54


7930 45 46 54
45 46
45 54


7931 45 46 54
45 46
45 54


7932 45 46 54
45 46
45 54


7933 45 46 54
45 46
45 54


7934 45 46 54
45 46
45 54


7935 45 46 54
45 46
45 54


7936 45 46 54
45 46
45 54


7937 45 46 54
45 46
45 54


7938 45 46 54
45 46
45 54


7939 45 46 54
45 46
45 54


7940 45 46 54
45 46
45 54


7941 45 46 54
45 46
45 54


7942 45 46 54
45 46
45 54


7943 45 46 54
45 46
45 54


7944 45 46 54
45 46
45 54


7945 45 46 54
45 46
45 54


7946 45 46 54
45 46
45 54


7947 45 46 54
45 46
45 54


7948 45 46 54
45 46
45 54


7949 45 46 54
45 46
45 54


7950 45 46 54
45 46
45 54


7951 45 46 54
45 46
45 54


7952 45 46 54
45 46
45 54


7953 45 46 54
45 46
45 54


7954 45 46 54
45 46
45 54


7955 45 46 54
45 46
45 54


7956 45 46 54
45 46
45 54


7957 45 46 54
45 46
45 54


7958 45 46 54
45 46
45 54


7959 45 46 54
45 46
45 54


7960 45 46 54
45 46
45 54


7961 45 46 54
45 46
45 54


7962 45 46 54
45 46
45 54


7963 45 46 54
45 46
45 54


7964 45 46 54
45 46
45 54


7965 45 46 54
45 46
45 54


7966 45 46 54
45 46
45 54


7967 45 46 54
45 46
45 54


7968 45 46 54
45 46
45 54


7969 45 46 54
45 46
45 54


7970 45 46 54
45 46
45 54


7971 45 46 54
45 46
45 54


7972 45 46 54
45 46
45 54


7973 45 46 54
45 46
45 54


7974 45 46 54
45 46
45 54


7975 45 46 54
45 46
45 54


7976 45 46 54
45 46
45 54


7977 45 46 54
45 46
45 54


7978 45 46 54
45 46
45 54


7979 45 46 54
45 46
45 54


7980 45 46 54
45 46
45 54


7981 45 46 54
45 46
45 54


7982 45 46 54
45 46
45 54


7983 45 46 54
45 46
45 54


7984 45 46 54
45 46
45 54


7985 45 46 54
45 46
45 54


7986 45 46 54
45 46
45 54


7987 45 46 54
45 46
45 54


7988 45 46 54
45 46
45 54


7989 45 46 54
45 46
45 54


7990 45 46 54
45 46
45 54


7991 45 46 54
45 46
45 54


7992 45 46 54
45 46
45 54


7993 45 46 54
45 46
45 54


7994 45 46 54
45 46
45 54


7995 45 46 54
45 46
45 54


7996 45 46 54
45 46
45 54


7997 45 46 54
45 46
45 54


7998 45 46 54
45 46
45 54


7999 45 46 54
45 46
45 54


8000 45 46 54
45 46
45 54


8001 45 46 54
45 46
45 54


8002 45 46 54
45 46
45 54


8003 45 46 54
45 46
45 54


8004 45 46 54
45 46
45 54


8005 45 46 54
45 46
45 54


8006 45 46 54
45 46
45 54


8007 45 46 54
45 46
45 54


8008 45 46 54
45 46
45 54


8009 45 46 54
45 46
45 54


8010 45 46 54
45 46
45 54


8011 45 46 54
45 46
45 54


8012 45 46 54
45 46
45 54


8013 45 46 54
45 46
45 54


8014 45 46 54
45 46
45 54


8015 45 46 54
45 46
45 54


8016 45 46 54
45 46
45 54


8017 45 46 54
45 46
45 54


8018 45 46 54
45 46
45 54


8019 45 46 54
45 46
45 54


8020 45 46 54
45 46
45 54


8021 45 46 54
45 46
45 54


8022 45 46 54
45 46
45 54


8023 45 46 54
45 46
45 54


8024 45 46 54
45 46
45 54


8025 45 46 54
45 46
45 54


8026 45 46 54
45 46
45 54


8027 45 46 54
45 46
45 54


8028 45 46 54
45 46
45 54


8029 45 46 54
45 46
45 54


8030 45 46 54
45 46
45 54


8031 45 46 54
45 46
45 54


8032 45 46 54
45 46
45 54


8033 45 46 54
45 46
45 54


8034 45 46 54
45 46
45 54


8035 45 46 54
45 46
45 54


8036 45 46 54
45 46
45 54


8037 45 46 54
45 46
45 54


8038 45 46 54
45 46
45 54


8039 45 46 54
45 46
45 54


8040 45 46 54
45 46
45 54


8041 45 46 54
45 46
45 54


8042 45 46 54
45 46
45 54


8043 45 46 54
45 46
45 54


8044 45 46 54
45 46
45 54


8045 45 46 54
45 46
45 54


8046 45 46 54
45 46
45 54


8047 45 46 54
45 46
45 54


8048 45 46 54
45 46
45 54


8049 45 46 54
45 46
45 54


8050 45 46 54
45 46
45 54


8051 45 46 54
45 46
45 54


8052 45 46 54
45 46
45 54


8053 45 46 54
45 46
45 54


8054 45 46 54
45 46
45 54


8055 45 46 54
45 46
45 54


8056 45 46 54
45 46
45 54


8057 45 46 54
45 46
45 54


8058 45 46 54
45 46
45 54


8059 45 46 54
45 46
45 54


8060 45 46 54
45 46
45 54


8061 45 46 54
45 46
45 54


8062 45 46 54
45 46
45 54


8063 45 46 54
45 46
45 54


8064 45 46 54
45 46
45 54


8065 45 46 54
45 46
45 54


8066 45 46 54
45 46
45 54


8067 45 46 54
45 46
45 54


8068 45 46 54
45 46
45 54


8069 45 46 54
45 46
45 54


8070 45 46 54
45 46
45 54


8071 45 46 54
45 46
45 54


8072 45 46 54
45 46
45 54


8073 45 46 54
45 46
45 54


8074 45 46 54
45 46
45 54


8075 45 46 54
45 46
45 54


8076 45 46 54
45 46
45 54


8077 45 46 54
45 46
45 54


8078 45 46 54
45 46
45 54


8079 45 46 54
45 46
45 54


8080 45 46 54
45 46
45 54


8081 45 46 54
45 46
45 54


8082 45 46 54
45 46
45 54


8083 45 46 54
45 46
45 54


8084 45 46 54
45 46
45 54


8085 45 46 54
45 46
45 54


8086 45 46 54
45 46
45 54


8087 45 46 54
45 46
45 54


8088 45 46 54
45 46
45 54


8089 45 46 54
45 46
45 54


8090 45 46 54
45 46
45 54


8091 45 46 54
45 46
45 54


8092 45 46 54
45 46
45 54


8093 45 46 54
45 46
45 54


8094 45 46 54
45 46
45 54


8095 45 46 54
45 46
45 54


8096 45 46 54
45 46
45 54


8097 45 46 54
45 46
45 54


8098 45 46 54
45 46
45 54


8099 45 46 54
45 46
45 54


8100 45 46 54
45 46
45 54


8101 45 46 54
45 46
45 54


8102 45 46 54
45 46
45 54


8103 45 46 54
45 46
45 54


8104 45 46 54
45 46
45 54


8105 45 46 54
45 46
45 54


8106 45 46 54
45 46
45 54


8107 45 46 54
45 46
45 54


8108 45 46 54
45 46
45 54


8109 45 46 54
45 46
45 54


8110 45 46 54
45 46
45 54


8111 45 46 54
45 46
45 54


8112 45 46 54
45 46
45 54


8113 45 46 54
45 46
45 54


8114 45 46 54
45 46
45 54


8115 45 46 54
45 46
45 54


8116 45 46 54
45 46
45 54


8117 45 46 54
45 46
45 54


8118 45 46 54
45 46
45 54


8119 45 46 54
45 46
45 54


8120 45 46 54
45 46
45 54


8121 45 46 54
45 46
45 54


8122 45 46 54
45 46
45 54


8123 45 46 54
45 46
45 54


8124 45 46 54
45 46
45 54


8125 45 46 54
45 46
45 54


8126 45 46 54
45 46
45 54


8127 45 46 54
45 46
45 54


8128 45 46 54
45 46
45 54


8129 45 46 54
45 46
45 54


8130 45 46 54
45 46
45 54


8131 45 46 54
45 46
45 54


8132 45 46 54
45 46
45 54


8133 45 46 54
45 46
45 54


8134 45 46 54
45 46
45 54


8135 45 46 54
45 46
45 54


8136 45 46 54
45 46
45 54


8137 45 46 54
45 46
45 54


8138 45 46 54
45 46
45 54


8139 45 46 54
45 46
45 54


8140 45 46 54
45 46
45 54


8141 45 46 54
45 46
45 54


8142 45 46 54
45 46
45 54


8143 45 46 54
45 46
45 54


8144 45 46 54
45 46
45 54


8145 45 46 54
45 46
45 54


8146 45 46 54
45 46
45 54


8147 45 46 54
45 46
45 54


8148 45 46 54
45 46
45 54


8149 45 46 54
45 46
45 54


8150 45 46 54
45 46
45 54


8151 45 46 54
45 46
45 54


8152 45 46 54
45 46
45 54


8153 45 46 54
45 46
45 54


8154 45 46 54
45 46
45 54


8155 45 46 54
45 46
45 54


8156 45 46 54
45 46
45 54


8157 45 46 54
45 46
45 54


8158 45 46 54
45 46
45 54


8159 45 46 54
45 46
45 54


8160 45 46 54
45 46
45 54


8161 45 46 54
45 46
45 54


8162 45 46 54
45 46
45 54


8163 45 46 54
45 46
45 54


8164 45 46 54
45 46
45 54


8165 45 46 54
45 46
45 54


8166 45 46 54
45 46
45 54


8167 45 46 54
45 46
45 54


8168 45 46 54
45 46
45 54


8169 45 46 54
45 46
45 54


8170 45 46 54
45 46
45 54


8171 45 46 54
45 46
45 54


8172 45 46 54
45 46
45 54


8173 45 46 54
45 46
45 54


8174 45 46 54
45 46
45 54


8175 45 46 54
45 46
45 54


8176 45 46 54
45 46
45 54


8177 45 46 54
45 46
45 54


8178 45 46 54
45 46
45 54


8179 45 46 54
45 46
45 54


8180 45 46 54
45 46
45 54


8181 45 46 54
45 46
45 54


8182 45 46 54
45 46
45 54


8183 45 46 54
45 46
45 54


8184 45 46 54
45 46
45 54


8185 45 46 54
45 46
45 54


8186 45 46 54
45 46
45 54


8187 45 46 54
45 46
45 54


8188 45 46 54
45 46
45 54


8189 45 46 54
45 46
45 54


8190 45 46 54
45 46
45 54


8191 45 46 54
45 46
45 54


8192 45 46 54
45 46
45 54


8193 45 46 54
45 46
45 54


8194 45 46 54
45 46
45 54


8195 45 46 54
45 46
45 54


8196 45 46 54
45 46
45 54


8197 45 46 54
45 46
45 54


8198 45 46 54
45 46
45 54


8199 45 46 54
45 46
45 54


8200 45 46 54
45 46
45 54


8201 45 46 54
45 46
45 54


8202 45 46 54
45 46
45 54


8203 45 46 54
45 46
45 54


8204 45 46 54
45 46
45 54


8205 45 46 54
45 46
45 54


8206 45 46 54
45 46
45 54


8207 45 46 54
45 46
45 54


8208 45 46 54
45 46
45 54


8209 45 46 54
45 46
45 54


8210 45 46 54
45 46
45 54


8211 45 46 54
45 46
45 54


8212 45 46 54
45 46
45 54


8213 45 46 54
45 46
45 54


8214 45 46 54
45 46
45 54


8215 45 46 54
45 46
45 54


8216 45 46 54
45 46
45 54


8217 45 46 54
45 46
45 54


8218 45 46 54
45 46
45 54


8219 45 46 54
45 46
45 54


8220 45 46 54
45 46
45 54


8221 45 46 54
45 46
45 54


8222 45 46 54
45 46
45 54


8223 45 46 54
45 46
45 54


8224 45 46 54
45 46
45 54


8225 45 46 54
45 46
45 54


8226 45 46 54
45 46
45 54


8227 45 46 54
45 46
45 54


8228 45 46 54
45 46
45 54


8229 45 46 54
45 46
45 54


8230 45 46 54
45 46
45 54


8231 45 46 54
45 46
45 54


8232 45 46 54
45 46
45 54


8233 45 46 54
45 46
45 54


8234 45 46 54
45 46
45 54


8235 45 46 54
45 46
45 54


8236 45 46 54
45 46
45 54


8237 45 46 54
45 46
45 54


8238 45 46 54
45 46
45 54


8239 45 46 54
45 46
45 54


8240 45 46 54
45 46
45 54


8241 45 46 54
45 46
45 54


8242 45 46 54
45 46
45 54


8243 45 46 54
45 46
45 54


8244 45 46 54
45 46
45 54


8245 45 46 54
45 46
45 54


8246 45 46 54
45 46
45 54


8247 45 46 54
45 46
45 54


8248 45 46 54
45 46
45 54


8249 45 46 54
45 46
45 54


8250 45 46 54
45 46
45 54


8251 45 46 54
45 46
45 54


8252 45 46 54
45 46
45 54


8253 45 46 54
45 46
45 54


8254 45 46 54
45 46
45 54


8255 45 46 54
45 46
45 54


8256 45 46 54
45 46
45 54


8257 45 46 54
45 46
45 54


8258 45 46 54
45 46
45 54


8259 45 46 54
45 46
45 54


8260 45 46 54
45 46
45 54


8261 45 46 54
45 46
45 54


8262 45 46 54
45 46
45 54


8263 45 46 54
45 46
45 54


8264 45 46 54
45 46
45 54


8265 45 46 54
45 46
45 54


8266 45 46 54
45 46
45 54


8267 45 46 54
45 46
45 54


8268 45 46 54
45 46
45 54


8269 45 46 54
45 46
45 54


8270 45 46 54
45 46
45 54


8271 45 46 54
45 46
45 54


8272 45 46 54
45 46
45 54


8273 45 46 54
45 46
45 54


8274 45 46 54
45 46
45 54


8275 45 46 54
45 46
45 54


8276 45 46 54
45 46
45 54


8277 45 46 54
45 46
45 54


8278 45 46 54
45 46
45 54


8279 45 46 54
45 46
45 54


8280 45 46 54
45 46
45 54


8281 45 46 54
45 46
45 54


8282 45 46 54
45 46
45 54


8283 45 46 54
45 46
45 54


8284 45 46 54
45 46
45 54


8285 45 46 54
45 46
45 54


8286 45 46 54
45 46
45 54


8287 45 46 54
45 46
45 54


8288 45 46 54
45 46
45 54


8289 45 46 54
45 46
45 54


8290 45 46 54
45 46
45 54


8291 45 46 54
45 46
45 54


8292 45 46 54
45 46
45 54


8293 45 46 54
45 46
45 54


8294 45 46 54
45 46
45 54


8295 45 46 54
45 46
45 54


8296 45 46 54
45 46
45 54


8297 45 46 54
45 46
45 54


8298 45 46 54
45 46
45 54


8299 45 46 54
45 46
45 54


8300 45 46 54
45 46
45 54


8301 45 46 54
45 46
45 54


8302 45 46 54
45 46
45 54


8303 45 46 54
45 46
45 54


8304 45 46 54
45 46
45 54


8305 45 46 54
45 46
45 54


8306 45 46 54
45 46
45 54


8307 45 46 54
45 46
45 54


8308 45 46 54
45 46
45 54


8309 45 46 54
45 46
45 54


8310 45 46 54
45 46
45 54


8311 45 46 54
45 46
45 54


8312 45 46 54
45 46
45 54


8313 45 46 54
45 46
45 54


8314 45 46 54
45 46
45 54


8315 45 46 54
45 46
45 54


8316 45 46 54
45 46
45 54


8317 45 46 54
45 46
45 54


8318 45 46 54
45 46
45 54


8319 45 46 54
45 46
45 54


8320 45 46 54
45 46
45 54


8321 45 46 54
45 46
45 54


8322 45 46 54
45 46
45 54


8323 45 46 54
45 46
45 54


8324 45 46 54
45 46
45 54


8325 45 46 54
45 46
45 54


8326 45 46 54
45 46
45 54


8327 45 46 54
45 46
45 54


8328 45 46 54
45 46
45 54


8329 45 46 54
45 46
45 54


8330 45 46 54
45 46
45 54


8331 45 46 54
45 46
45 54


8332 45 46 54
45 46
45 54


8333 45 46 54
45 46
45 54


8334 45 46 54
45 46
45 54


8335 45 46 54
45 46
45 54


8336 45 46 54
45 46
45 54


8337 45 46 54
45 46
45 54


8338 45 46 54
45 46
45 54


8339 45 46 54
45 46
45 54


8340 45 46 54
45 46
45 54


8341 45 46 54
45 46
45 54


8342 45 46 54
45 46
45 54


8343 45 46 54
45 46
45 54


8344 45 46 54
45 46
45 54


8345 45 46 54
45 46
45 54


8346 45 46 54
45 46
45 54


8347 45 46 54
45 46
45 54


8348 45 46 54
45 46
45 54


8349 45 46 54
45 46
45 54


8350 45 46 54
45 46
45 54


8351 45 46 54
45 46
45 54


8352 45 46 54
45 46
45 54


8353 45 46 54
45 46
45 54


8354 45 46 54
45 46
45 54


8355 45 46 54
45 46
45 54


8356 45 46 54
45 46
45 54


8357 45 46 54
45 46
45 54


8358 45 46 54
45 46
45 54


8359 45 46 54
45 46
45 54


8360 45 46 54
45 46
45 54


8361 45 46 54
45 46
45 54


8362 45 46 54
45 46
45 54


8363 45 46 54
45 46
45 54


8364 45 46 54
45 46
45 54


8365 45 46 54
45 46
45 54


8366 45 46 54
45 46
45 54


8367 45 46 54
45 46
45 54


8368 45 46 54
45 46
45 54


8369 45 46 54
45 46
45 54


8370 45 46 54
45 46
45 54


8371 45 46 54
45 46
45 54


8372 45 46 54
45 46
45 54


8373 45 46 54
45 46
45 54


8374 45 46 54
45 46
45 54


8375 45 46 54
45 46
45 54


8376 45 46 54
45 46
45 54


8377 45 46 54
45 46
45 54


8378 45 46 54
45 46
45 54


8379 45 46 54
45 46
45 54


8380 45 46 54
45 46
45 54


8381 45 46 54
45 46
45 54


8382 45 46 54
45 46
45 54


8383 45 46 54
45 46
45 54


8384 45 46 54
45 46
45 54


8385 45 46 54
45 46
45 54


8386 45 46 54
45 46
45 54


8387 45 46 54
45 46
45 54


8388 45 46 54
45 46
45 54


8389 45 46 54
45 46
45 54


8390 45 46 54
45 46
45 54


8391 45 46 54
45 46
45 54


8392 45 46 54
45 46
45 54


8393 45 46 54
45 46
45 54


8394 45 46 54
45 46
45 54


8395 45 46 54
45 46
45 54


8396 45 46 54
45 46
45 54


8397 45 46 54
45 46
45 54


8398 45 46 54
45 46
45 54


8399 45 46 54
45 46
45 54


8400 45 46 54
45 46
45 54


8401 45 46 54
45 46
45 54


8402 45 46 54
45 46
45 54


8403 45 46 54
45 46
45 54


13604 42 48 49
42 48
42 49


13605 42 48 49
42 48
42 49


13606 42 48 49
42 48
42 49


13607 42 48 49
42 48
42 49


13608 42 48 49
42 48
42 49


13609 42 48 49
42 48
42 49


13610 42 48 49
42 48
42 49


13611 42 48 49
42 48
42 49


13612 42 48 49
42 48
42 49


13613 42 48 49
42 48
42 49


13614 42 48 49
42 48
42 49


13615 42 48 49
42 48
42 49


13616 42 48 49
42 48
42 49


13617 42 48 49
42 48
42 49


13618 42 48 49
42 48
42 49


13619 42 48 49
42 48
42 49


13620 42 48 49
42 48
42 49


13621 42 48 49
42 48
42 49


13622 42 48 49
42 48
42 49


13623 42 48 49
42 48
42 49


13624 42 48 49
42 48
42 49


13625 42 48 49
42 48
42 49


13626 42 48 49
42 48
42 49


13627 42 48 49
42 48
42 49


13628 42 48 49
42 48
42 49


13629 42 48 49
42 48
42 49


13630 42 48 49
42 48
42 49


13631 42 48 49
42 48
42 49


13632 42 48 49
42 48
42 49


13633 42 48 49
42 48
42 49


13634 42 48 49
42 48
42 49


13635 42 48 49
42 48
42 49


13636 42 48 49
42 48
42 49


13637 42 48 49
42 48
42 49


13638 42 48 49
42 48
42 49


13639 42 48 49
42 48
42 49


13640 42 48 49
42 48
42 49


13641 42 48 49
42 48
42 49


13642 42 48 49
42 48
42 49


13643 42 48 49
42 48
42 49


13644 42 48 49
42 48
42 49


13645 42 48 49
42 48
42 49


13646 42 48 49
42 48
42 49


13647 42 48 49
42 48
42 49


13648 42 48 49
42 48
42 49


13649 42 48 49
42 48
42 49


13650 42 48 49
42 48
42 49


13651 42 48 49
42 48
42 49


13652 42 48 49
42 48
42 49


13653 42 48 49
42 48
42 49


13654 42 48 49
42 48
42 49


13655 42 48 49
42 48
42 49


13656 42 48 49
42 48
42 49


13657 42 48 49
42 48
42 49


13658 42 48 49
42 48
42 49


13659 42 48 49
42 48
42 49


13660 42 48 49
42 48
42 49


13661 42 48 49
42 48
42 49


13662 42 48 49
42 48
42 49


13663 42 48 49
42 48
42 49


13664 42 48 49
42 48
42 49


13665 42 48 49
42 48
42 49


13666 42 48 49
42 48
42 49


13667 42 48 49
42 48
42 49


13668 42 48 49
42 48
42 49


13669 42 48 49
42 48
42 49


13670 42 48 49
42 48
42 49


13671 42 48 49
42 48
42 49


13672 42 48 49
42 48
42 49


13673 42 48 49
42 48
42 49


13674 42 48 49
42 48
42 49


13675 42 48 49
42 48
42 49


13676 42 48 49
42 48
42 49


13677 42 48 49
42 48
42 49


13678 42 48 49
42 48
42 49


13679 42 48 49
42 48
42 49


13680 42 48 49
42 48
42 49


13681 42 48 49
42 48
42 49


13682 42 48 49
42 48
42 49


13683 42 48 49
42 48
42 49


13684 42 48 49
42 48
42 49


13685 42 48 49
42 48
42 49


13686 42 48 49
42 48
42 49


13687 42 48 49
42 48
42 49


13688 42 48 49
42 48
42 49


13689 42 48 49
42 48
42 49


13690 42 48 49
42 48
42 49


13691 42 48 49
42 48
42 49


13692 42 48 49
42 48
42 49


13693 42 48 49
42 48
42 49


13694 42 48 49
42 48
42 49


13695 42 48 49
42 48
42 49


13696 42 48 49
42 48
42 49


13697 42 48 49
42 48
42 49


13698 42 48 49
42 48
42 49


13699 42 48 49
42 48
42 49


13700 42 48 49
42 48
42 49


13701 42 48 49
42 48
42 49


13702 42 48 49
42 48
42 49


13703 42 48 49
42 48
42 49


13704 42 48 49
42 48
42 49


13705 42 48 49
42 48
42 49


13706 42 48 49
42 48
42 49


13707 42 48 49
42 48
42 49


13708 42 48 49
42 48
42 49


13709 42 48 49
42 48
42 49


13710 42 48 49
42 48
42 49


13711 42 48 49
42 48
42 49


13712 42 48 49
42 48
42 49


13713 42 48 49
42 48
42 49


13714 42 48 49
42 48
42 49


13715 42 48 49
42 48
42 49


13716 42 48 49
42 48
42 49


13717 42 48 49
42 48
42 49


13718 42 48 49
42 48
42 49


13719 42 48 49
42 48
42 49


13720 42 48 49
42 48
42 49


13721 42 48 49
42 48
42 49


13722 42 48 49
42 48
42 49


13723 42 48 49
42 48
42 49


13724 42 48 49
42 48
42 49


13725 42 48 49
42 48
42 49


13726 42 48 49
42 48
42 49


13727 42 48 49
42 48
42 49


13728 42 48 49
42 48
42 49


13729 42 48 49
42 48
42 49


13730 42 48 49
42 48
42 49


13731 42 48 49
42 48
42 49


13732 42 48 49
42 48
42 49


13733 42 48 49
42 48
42 49


13734 42 48 49
42 48
42 49


13735 42 48 49
42 48
42 49


13736 42 48 49
42 48
42 49


13737 42 48 49
42 48
42 49


13738 42 48 49
42 48
42 49


13739 42 48 49
42 48
42 49


13740 42 48 49
42 48
42 49


13741 42 48 49
42 48
42 49


13742 42 48 49
42 48
42 49


13743 42 48 49
42 48
42 49


13744 42 48 49
42 48
42 49


13745 42 48 49
42 48
42 49


13746 42 48 49
42 48
42 49


13747 42 48 49
42 48
42 49


13748 42 48 49
42 48
42 49


13749 42 48 49
42 48
42 49


13750 42 48 49
42 48
42 49


13751 42 48 49
42 48
42 49


13752 42 48 49
42 48
42 49


13753 42 48 49
42 48
42 49


13754 42 48 49
42 48
42 49


13755 42 48 49
42 48
42 49


13756 42 48 49
42 48
42 49


13757 42 48 49
42 48
42 49


13758 42 48 49
42 48
42 49


13759 42 48 49
42 48
42 49


13760 42 48 49
42 48
42 49


13761 42 48 49
42 48
42 49


13762 42 48 49
42 48
42 49


13763 42 48 49
42 48
42 49


13764 42 48 49
42 48
42 49


13765 42 48 49
42 48
42 49


13766 42 48 49
42 48
42 49


13767 42 48 49
42 48
42 49


13768 42 48 49
42 48
42 49


13769 42 48 49
42 48
42 49


13770 42 48 49
42 48
42 49


13771 42 48 49
42 48
42 49


13772 42 48 49
42 48
42 49


13773 42 48 49
42 48
42 49


13774 42 48 49
42 48
42 49


13775 42 48 49
42 48
42 49


13776 42 48 49
42 48
42 49


13777 42 48 49
42 48
42 49


13778 42 48 49
42 48
42 49


13779 42 48 49
42 48
42 49


13780 42 48 49
42 48
42 49


13781 42 48 49
42 48
42 49


13782 42 48 49
42 48
42 49


13783 42 48 49
42 48
42 49


13784 42 48 49
42 48
42 49


13785 42 48 49
42 48
42 49


13786 42 48 49
42 48
42 49


13787 42 48 49
42 48
42 49


13788 42 48 49
42 48
42 49


13789 42 48 49
42 48
42 49


13790 42 48 49
42 48
42 49


13791 42 48 49
42 48
42 49


13792 42 48 49
42 48
42 49


13793 42 48 49
42 48
42 49


13794 42 48 49
42 48
42 49


13795 42 48 49
42 48
42 49


13796 42 48 49
42 48
42 49


13797 42 48 49
42 48
42 49


13798 42 48 49
42 48
42 49


13799 42 48 49
42 48
42 49


13800 42 48 49
42 48
42 49


13801 42 48 49
42 48
42 49


13802 42 48 49
42 48
42 49


13803 42 48 49
42 48
42 49


13804 42 48 49
42 48
42 49


13805 42 48 49
42 48
42 49


13806 42 48 49
42 48
42 49


13807 42 48 49
42 48
42 49


13808 42 48 49
42 48
42 49


13809 42 48 49
42 48
42 49


13810 42 48 49
42 48
42 49


13811 42 48 49
42 48
42 49


13812 42 48 49
42 48
42 49


13813 42 48 49
42 48
42 49


13814 42 48 49
42 48
42 49


13815 42 48 49
42 48
42 49


13816 42 48 49
42 48
42 49


13817 42 48 49
42 48
42 49


13818 42 48 49
42 48
42 49


13819 42 48 49
42 48
42 49


13820 42 48 49
42 48
42 49


13821 42 48 49
42 48
42 49


13822 42 48 49
42 48
42 49


13823 42 48 49
42 48
42 49


13824 42 48 49
42 48
42 49


13825 42 48 49
42 48
42 49


13826 42 48 49
42 48
42 49


13827 42 48 49
42 48
42 49


13828 42 48 49
42 48
42 49


13829 42 48 49
42 48
42 49


13830 42 48 49
42 48
42 49


13831 42 48 49
42 48
42 49


13832 42 48 49
42 48
42 49


13833 42 48 49
42 48
42 49


13834 42 48 49
42 48
42 49


13835 42 48 49
42 48
42 49


13836 42 48 49
42 48
42 49


13837 42 48 49
42 48
42 49


13838 42 48 49
42 48
42 49


13839 42 48 49
42 48
42 49


13840 42 48 49
42 48
42 49


13841 42 48 49
42 48
42 49


13842 42 48 49
42 48
42 49


13843 42 48 49
42 48
42 49


13844 42 48 49
42 48
42 49


13845 42 48 49
42 48
42 49


13846 42 48 49
42 48
42 49


13847 42 48 49
42 48
42 49


13848 42 48 49
42 48
42 49


13849 42 48 49
42 48
42 49


13850 42 48 49
42 48
42 49


13851 42 48 49
42 48
42 49


13852 42 48 49
42 48
42 49


13853 42 48 49
42 48
42 49


13854 42 48 49
42 48
42 49


13855 42 48 49
42 48
42 49


13856 42 48 49
42 48
42 49


13857 42 48 49
42 48
42 49


13858 42 48 49
42 48
42 49


13859 42 48 49
42 48
42 49


13860 42 48 49
42 48
42 49


13861 42 48 49
42 48
42 49


13862 42 48 49
42 48
42 49


13863 42 48 49
42 48
42 49


13864 42 48 49
42 48
42 49


13865 42 48 49
42 48
42 49


13866 42 48 49
42 48
42 49


13867 42 48 49
42 48
42 49


13868 42 48 49
42 48
42 49


13869 42 48 49
42 48
42 49


13870 42 48 49
42 48
42 49


13871 42 48 49
42 48
42 49


13872 42 48 49
42 48
42 49


13873 42 48 49
42 48
42 49


13874 42 48 49
42 48
42 49


13875 42 48 49
42 48
42 49


13876 42 48 49
42 48
42 49


13877 42 48 49
42 48
42 49


13878 42 48 49
42 48
42 49


13879 42 48 49
42 48
42 49


13880 42 48 49
42 48
42 49


13881 42 48 49
42 48
42 49


13882 42 48 49
42 48
42 49


13883 42 48 49
42 48
42 49


13884 42 48 49
42 48
42 49


13885 42 48 49
42 48
42 49


13886 42 48 49
42 48
42 49


13887 42 48 49
42 48
42 49


13888 42 48 49
42 48
42 49


13889 42 48 49
42 48
42 49


13890 42 48 49
42 48
42 49


13891 42 48 49
42 48
42 49


13892 42 48 49
42 48
42 49


13893 42 48 49
42 48
42 49


13894 42 48 49
42 48
42 49


13895 42 48 49
42 48
42 49


13896 42 48 49
42 48
42 49


13897 42 48 49
42 48
42 49


13898 42 48 49
42 48
42 49


13899 42 48 49
42 48
42 49


13900 42 48 49
42 48
42 49


13901 42 48 49
42 48
42 49


13902 42 48 49
42 48
42 49


13903 42 48 49
42 48
42 49


13904 42 48 49
42 48
42 49


13905 42 48 49
42 48
42 49


13906 42 48 49
42 48
42 49


13907 42 48 49
42 48
42 49


13908 42 48 49
42 48
42 49


13909 42 48 49
42 48
42 49


13910 42 48 49
42 48
42 49


13911 42 48 49
42 48
42 49


13912 42 48 49
42 48
42 49


13913 42 48 49
42 48
42 49


13914 42 48 49
42 48
42 49


13915 42 48 49
42 48
42 49


13916 42 48 49
42 48
42 49


13917 42 48 49
42 48
42 49


13918 42 48 49
42 48
42 49


13919 42 48 49
42 48
42 49


13920 42 48 49
42 48
42 49


13921 42 48 49
42 48
42 49


13922 42 48 49
42 48
42 49


13923 42 48 49
42 48
42 49


13924 42 48 49
42 48
42 49


13925 42 48 49
42 48
42 49


13926 42 48 49
42 48
42 49


13927 42 48 49
42 48
42 49


13928 42 48 49
42 48
42 49


13929 42 48 49
42 48
42 49


13930 42 48 49
42 48
42 49


13931 42 48 49
42 48
42 49


13932 42 48 49
42 48
42 49


13933 42 48 49
42 48
42 49


13934 42 48 49
42 48
42 49


13935 42 48 49
42 48
42 49


13936 42 48 49
42 48
42 49


13937 42 48 49
42 48
42 49


13938 42 48 49
42 48
42 49


13939 42 48 49
42 48
42 49


13940 42 48 49
42 48
42 49


13941 42 48 49
42 48
42 49


13942 42 48 49
42 48
42 49


13943 42 48 49
42 48
42 49


13944 42 48 49
42 48
42 49


13945 42 48 49
42 48
42 49


13946 42 48 49
42 48
42 49


13947 42 48 49
42 48
42 49


13948 42 48 49
42 48
42 49


13949 42 48 49
42 48
42 49


13950 42 48 49
42 48
42 49


13951 42 48 49
42 48
42 49


13952 42 48 49
42 48
42 49


13953 42 48 49
42 48
42 49


13954 42 48 49
42 48
42 49


13955 42 48 49
42 48
42 49


13956 42 48 49
42 48
42 49


13957 42 48 49
42 48
42 49


13958 42 48 49
42 48
42 49


13959 42 48 49
42 48
42 49


13960 42 48 49
42 48
42 49


13961 42 48 49
42 48
42 49


13962 42 48 49
42 48
42 49


13963 42 48 49
42 48
42 49


13964 42 48 49
42 48
42 49


13965 42 48 49
42 48
42 49


13966 42 48 49
42 48
42 49


13967 42 48 49
42 48
42 49


13968 42 48 49
42 48
42 49


13969 42 48 49
42 48
42 49


13970 42 48 49
42 48
42 49


13971 42 48 49
42 48
42 49


13972 42 48 49
42 48
42 49


13973 42 48 49
42 48
42 49


13974 42 48 49
42 48
42 49


13975 42 48 49
42 48
42 49


13976 42 48 49
42 48
42 49


13977 42 48 49
42 48
42 49


13978 42 48 49
42 48
42 49


13979 42 48 49
42 48
42 49


13980 42 48 49
42 48
42 49


13981 42 48 49
42 48
42 49


13982 42 48 49
42 48
42 49


13983 42 48 49
42 48
42 49


13984 42 48 49
42 48
42 49


13985 42 48 49
42 48
42 49


13986 42 48 49
42 48
42 49


13987 42 48 49
42 48
42 49


13988 42 48 49
42 48
42 49


13989 42 48 49
42 48
42 49


13990 42 48 49
42 48
42 49


13991 42 48 49
42 48
42 49


13992 42 48 49
42 48
42 49


13993 42 48 49
42 48
42 49


13994 42 48 49
42 48
42 49


13995 42 48 49
42 48
42 49


13996 42 48 49
42 48
42 49


13997 42 48 49
42 48
42 49


13998 42 48 49
42 48
42 49


13999 42 48 49
42 48
42 49


14000 42 48 49
42 48
42 49


14001 42 48 49
42 48
42 49


14002 42 48 49
42 48
42 49


14003 42 48 49
42 48
42 49


14004 42 48 49
42 48
42 49


14005 42 48 49
42 48
42 49


14006 42 48 49
42 48
42 49


14007 42 48 49
42 48
42 49


14008 42 48 49
42 48
42 49


14009 42 48 49
42 48
42 49


14010 42 48 49
42 48
42 49


14011 42 48 49
42 48
42 49


14012 42 48 49
42 48
42 49


14013 42 48 49
42 48
42 49


14014 42 48 49
42 48
42 49


14015 42 48 49
42 48
42 49


14016 42 48 49
42 48
42 49


14017 42 48 49
42 48
42 49


14018 42 48 49
42 48
42 49


14019 42 48 49
42 48
42 49


14020 42 48 49
42 48
42 49


14021 42 48 49
42 48
42 49


14022 42 48 49
42 48
42 49


14023 42 48 49
42 48
42 49


14024 42 48 49
42 48
42 49


14025 42 48 49
42 48
42 49


14026 42 48 49
42 48
42 49


14027 42 48 49
42 48
42 49


14028 42 48 49
42 48
42 49


14029 42 48 49
42 48
42 49


14030 42 48 49
42 48
42 49


14031 42 48 49
42 48
42 49


14032 42 48 49
42 48
42 49


14033 42 48 49
42 48
42 49


14034 42 48 49
42 48
42 49


14035 42 48 49
42 48
42 49


14036 42 48 49
42 48
42 49


14037 42 48 49
42 48
42 49


14038 42 48 49
42 48
42 49


14039 42 48 49
42 48
42 49


14040 42 48 49
42 48
42 49


14041 42 48 49
42 48
42 49


14042 42 48 49
42 48
42 49


14043 42 48 49
42 48
42 49


14044 42 48 49
42 48
42 49


14045 42 48 49
42 48
42 49


14046 42 48 49
42 48
42 49


14047 42 48 49
42 48
42 49


14048 42 48 49
42 48
42 49


14049 42 48 49
42 48
42 49


14050 42 48 49
42 48
42 49


14051 42 48 49
42 48
42 49


14052 42 48 49
42 48
42 49


14053 42 48 49
42 48
42 49


14054 42 48 49
42 48
42 49


14055 42 48 49
42 48
42 49


14056 42 48 49
42 48
42 49


14057 42 48 49
42 48
42 49


14058 42 48 49
42 48
42 49


14059 42 48 49
42 48
42 49


14060 42 48 49
42 48
42 49


14061 42 48 49
42 48
42 49


14062 42 48 49
42 48
42 49


14063 42 48 49
42 48
42 49


14064 42 48 49
42 48
42 49


14065 42 48 49
42 48
42 49


14066 42 48 49
42 48
42 49


14067 42 48 49
42 48
42 49


14068 42 48 49
42 48
42 49


14069 42 48 49
42 48
42 49


14070 42 48 49
42 48
42 49


14071 42 48 49
42 48
42 49


14072 42 48 49
42 48
42 49


14073 42 48 49
42 48
42 49


14074 42 48 49
42 48
42 49


14075 42 48 49
42 48
42 49


14076 42 48 49
42 48
42 49


14077 42 48 49
42 48
42 49


14078 42 48 49
42 48
42 49


14079 42 48 49
42 48
42 49


14080 42 48 49
42 48
42 49


14081 42 48 49
42 48
42 49


14082 42 48 49
42 48
42 49


14083 42 48 49
42 48
42 49


14084 42 48 49
42 48
42 49


14085 42 48 49
42 48
42 49


14086 42 48 49
42 48
42 49


14087 42 48 49
42 48
42 49


14088 42 48 49
42 48
42 49


14089 42 48 49
42 48
42 49


14090 42 48 49
42 48
42 49


14091 42 48 49
42 48
42 49


14092 42 48 49
42 48
42 49


14093 42 48 49
42 48
42 49


14094 42 48 49
42 48
42 49


14095 42 48 49
42 48
42 49


14096 42 48 49
42 48
42 49


14097 42 48 49
42 48
42 49


14098 42 48 49
42 48
42 49


14099 42 48 49
42 48
42 49


14100 42 48 49
42 48
42 49


14101 42 48 49
42 48
42 49


14102 42 48 49
42 48
42 49


14103 42 48 49
42 48
42 49


14104 42 48 49
42 48
42 49


14105 42 48 49
42 48
42 49


14106 42 48 49
42 48
42 49


14107 42 48 49
42 48
42 49


14108 42 48 49
42 48
42 49


14109 42 48 49
42 48
42 49


14110 42 48 49
42 48
42 49


14111 42 48 49
42 48
42 49


14112 42 48 49
42 48
42 49


14113 42 48 49
42 48
42 49


14114 42 48 49
42 48
42 49


14115 42 48 49
42 48
42 49


19316 19 12 13
19 12
19 13


19317 19 12 13
19 12
19 13


19318 19 12 13
19 12
19 13


19319 19 12 13
19 12
19 13


19320 19 12 13
19 12
19 13


19321 19 12 13
19 12
19 13


19322 19 12 13
19 12
19 13


19323 19 12 13
19 12
19 13


19324 19 12 13
19 12
19 13


19325 19 12 13
19 12
19 13


19326 19 12 13
19 12
19 13


19327 19 12 13
19 12
19 13


19328 19 12 13
19 12
19 13


19329 19 12 13
19 12
19 13


19330 19 12 13
19 12
19 13


19331 19 12 13
19 12
19 13


19332 19 12 13
19 12
19 13


19333 19 12 13
19 12
19 13


19334 19 12 13
19 12
19 13


19335 19 12 13
19 12
19 13


19336 19 12 13
19 12
19 13


19337 19 12 13
19 12
19 13


19338 19 12 13
19 12
19 13


19339 19 12 13
19 12
19 13


19340 19 12 13
19 12
19 13


19341 19 12 13
19 12
19 13


19342 19 12 13
19 12
19 13


19343 19 12 13
19 12
19 13


19344 19 12 13
19 12
19 13


19345 19 12 13
19 12
19 13


19346 19 12 13
19 12
19 13


19347 19 12 13
19 12
19 13


19348 19 12 13
19 12
19 13


19349 19 12 13
19 12
19 13


19350 19 12 13
19 12
19 13


19351 19 12 13
19 12
19 13


19352 19 12 13
19 12
19 13


19353 19 12 13
19 12
19 13


19354 19 12 13
19 12
19 13


19355 19 12 13
19 12
19 13


19356 19 12 13
19 12
19 13


19357 19 12 13
19 12
19 13


19358 19 12 13
19 12
19 13


19359 19 12 13
19 12
19 13


19360 19 12 13
19 12
19 13


19361 19 12 13
19 12
19 13


19362 19 12 13
19 12
19 13


19363 19 12 13
19 12
19 13


19364 19 12 13
19 12
19 13


19365 19 12 13
19 12
19 13


19366 19 12 13
19 12
19 13


19367 19 12 13
19 12
19 13


19368 19 12 13
19 12
19 13


19369 19 12 13
19 12
19 13


19370 19 12 13
19 12
19 13


19371 19 12 13
19 12
19 13


19372 19 12 13
19 12
19 13


19373 19 12 13
19 12
19 13


19374 19 12 13
19 12
19 13


19375 19 12 13
19 12
19 13


19376 19 12 13
19 12
19 13


19377 19 12 13
19 12
19 13


19378 19 12 13
19 12
19 13


19379 19 12 13
19 12
19 13


19380 19 12 13
19 12
19 13


19381 19 12 13
19 12
19 13


19382 19 12 13
19 12
19 13


19383 19 12 13
19 12
19 13


19384 19 12 13
19 12
19 13


19385 19 12 13
19 12
19 13


19386 19 12 13
19 12
19 13


19387 19 12 13
19 12
19 13


19388 19 12 13
19 12
19 13


19389 19 12 13
19 12
19 13


19390 19 12 13
19 12
19 13


19391 19 12 13
19 12
19 13


19392 19 12 13
19 12
19 13


19393 19 12 13
19 12
19 13


19394 19 12 13
19 12
19 13


19395 19 12 13
19 12
19 13


19396 19 12 13
19 12
19 13


19397 19 12 13
19 12
19 13


19398 19 12 13
19 12
19 13


19399 19 12 13
19 12
19 13


19400 19 12 13
19 12
19 13


19401 19 12 13
19 12
19 13


19402 19 12 13
19 12
19 13


19403 19 12 13
19 12
19 13


19404 19 12 13
19 12
19 13


19405 19 12 13
19 12
19 13


19406 19 12 13
19 12
19 13


19407 19 12 13
19 12
19 13


19408 19 12 13
19 12
19 13


19409 19 12 13
19 12
19 13


19410 19 12 13
19 12
19 13


19411 19 12 13
19 12
19 13


19412 19 12 13
19 12
19 13


19413 19 12 13
19 12
19 13


19414 19 12 13
19 12
19 13


19415 19 12 13
19 12
19 13


19416 19 12 13
19 12
19 13


19417 19 12 13
19 12
19 13


19418 19 12 13
19 12
19 13


19419 19 12 13
19 12
19 13


19420 19 12 13
19 12
19 13


19421 19 12 13
19 12
19 13


19422 19 12 13
19 12
19 13


19423 19 12 13
19 12
19 13


19424 19 12 13
19 12
19 13


19425 19 12 13
19 12
19 13


19426 19 12 13
19 12
19 13


19427 19 12 13
19 12
19 13


19428 19 12 13
19 12
19 13


19429 19 12 13
19 12
19 13


19430 19 12 13
19 12
19 13


19431 19 12 13
19 12
19 13


19432 19 12 13
19 12
19 13


19433 19 12 13
19 12
19 13


19434 19 12 13
19 12
19 13


19435 19 12 13
19 12
19 13


19436 19 12 13
19 12
19 13


19437 19 12 13
19 12
19 13


19438 19 12 13
19 12
19 13


19439 19 12 13
19 12
19 13


19440 19 12 13
19 12
19 13


19441 19 12 13
19 12
19 13


19442 19 12 13
19 12
19 13


19443 19 12 13
19 12
19 13


19444 19 12 13
19 12
19 13


19445 19 12 13
19 12
19 13


19446 19 12 13
19 12
19 13


19447 19 12 13
19 12
19 13


19448 19 12 13
19 12
19 13


19449 19 12 13
19 12
19 13


19450 19 12 13
19 12
19 13


19451 19 12 13
19 12
19 13


19452 19 12 13
19 12
19 13


19453 19 12 13
19 12
19 13


19454 19 12 13
19 12
19 13


19455 19 12 13
19 12
19 13


19456 19 12 13
19 12
19 13


19457 19 12 13
19 12
19 13


19458 19 12 13
19 12
19 13


19459 19 12 13
19 12
19 13


19460 19 12 13
19 12
19 13


19461 19 12 13
19 12
19 13


19462 19 12 13
19 12
19 13


19463 19 12 13
19 12
19 13


19464 19 12 13
19 12
19 13


19465 19 12 13
19 12
19 13


19466 19 12 13
19 12
19 13


19467 19 12 13
19 12
19 13


19468 19 12 13
19 12
19 13


19469 19 12 13
19 12
19 13


19470 19 12 13
19 12
19 13


19471 19 12 13
19 12
19 13


19472 19 12 13
19 12
19 13


19473 19 12 13
19 12
19 13


19474 19 12 13
19 12
19 13


19475 19 12 13
19 12
19 13


19476 19 12 13
19 12
19 13


19477 19 12 13
19 12
19 13


19478 19 12 13
19 12
19 13


19479 19 12 13
19 12
19 13


19480 19 12 13
19 12
19 13


19481 19 12 13
19 12
19 13


19482 19 12 13
19 12
19 13


19483 19 12 13
19 12
19 13


19484 19 12 13
19 12
19 13


19485 19 12 13
19 12
19 13


19486 19 12 13
19 12
19 13


19487 19 12 13
19 12
19 13


19488 19 12 13
19 12
19 13


19489 19 12 13
19 12
19 13


19490 19 12 13
19 12
19 13


19491 19 12 13
19 12
19 13


19492 19 12 13
19 12
19 13


19493 19 12 13
19 12
19 13


19494 19 12 13
19 12
19 13


19495 19 12 13
19 12
19 13


19496 19 12 13
19 12
19 13


19497 19 12 13
19 12
19 13


19498 19 12 13
19 12
19 13


19499 19 12 13
19 12
19 13


19500 19 12 13
19 12
19 13


19501 19 12 13
19 12
19 13


19502 19 12 13
19 12
19 13


19503 19 12 13
19 12
19 13


19504 19 12 13
19 12
19 13


19505 19 12 13
19 12
19 13


19506 19 12 13
19 12
19 13


19507 19 12 13
19 12
19 13


19508 19 12 13
19 12
19 13


19509 19 12 13
19 12
19 13


19510 19 12 13
19 12
19 13


19511 19 12 13
19 12
19 13


19512 19 12 13
19 12
19 13


19513 19 12 13
19 12
19 13


19514 19 12 13
19 12
19 13


19515 19 12 13
19 12
19 13


19516 19 12 13
19 12
19 13


19517 19 12 13
19 12
19 13


19518 19 12 13
19 12
19 13


19519 19 12 13
19 12
19 13


19520 19 12 13
19 12
19 13


19521 19 12 13
19 12
19 13


19522 19 12 13
19 12
19 13


19523 19 12 13
19 12
19 13


19524 19 12 13
19 12
19 13


19525 19 12 13
19 12
19 13


19526 19 12 13
19 12
19 13


19527 19 12 13
19 12
19 13


19528 19 12 13
19 12
19 13


19529 19 12 13
19 12
19 13


19530 19 12 13
19 12
19 13


19531 19 12 13
19 12
19 13


19532 19 12 13
19 12
19 13


19533 19 12 13
19 12
19 13


19534 19 12 13
19 12
19 13


19535 19 12 13
19 12
19 13


19536 19 12 13
19 12
19 13


19537 19 12 13
19 12
19 13


19538 19 12 13
19 12
19 13


19539 19 12 13
19 12
19 13


19540 19 12 13
19 12
19 13


19541 19 12 13
19 12
19 13


19542 19 12 13
19 12
19 13


19543 19 12 13
19 12
19 13


19544 19 12 13
19 12
19 13


19545 19 12 13
19 12
19 13


19546 19 12 13
19 12
19 13


19547 19 12 13
19 12
19 13


19548 19 12 13
19 12
19 13


19549 19 12 13
19 12
19 13


19550 19 12 13
19 12
19 13


19551 19 12 13
19 12
19 13


19552 19 12 13
19 12
19 13


19553 19 12 13
19 12
19 13


19554 19 12 13
19 12
19 13


19555 19 12 13
19 12
19 13


19556 19 12 13
19 12
19 13


19557 19 12 13
19 12
19 13


19558 19 12 13
19 12
19 13


19559 19 12 13
19 12
19 13


19560 19 12 13
19 12
19 13


19561 19 12 13
19 12
19 13


19562 19 12 13
19 12
19 13


19563 19 12 13
19 12
19 13


19564 19 12 13
19 12
19 13


19565 19 12 13
19 12
19 13


19566 19 12 13
19 12
19 13


19567 19 12 13
19 12
19 13


19568 19 12 13
19 12
19 13


19569 19 12 13
19 12
19 13


19570 19 12 13
19 12
19 13


19571 19 12 13
19 12
19 13


19572 19 12 13
19 12
19 13


19573 19 12 13
19 12
19 13


19574 19 12 13
19 12
19 13


19575 19 12 13
19 12
19 13


19576 19 12 13
19 12
19 13


19577 19 12 13
19 12
19 13


19578 19 12 13
19 12
19 13


19579 19 12 13
19 12
19 13


19580 19 12 13
19 12
19 13


19581 19 12 13
19 12
19 13


19582 19 12 13
19 12
19 13


19583 19 12 13
19 12
19 13


19584 19 12 13
19 12
19 13


19585 19 12 13
19 12
19 13


19586 19 12 13
19 12
19 13


19587 19 12 13
19 12
19 13


19588 19 12 13
19 12
19 13


19589 19 12 13
19 12
19 13


19590 19 12 13
19 12
19 13


19591 19 12 13
19 12
19 13


19592 19 12 13
19 12
19 13


19593 19 12 13
19 12
19 13


19594 19 12 13
19 12
19 13


19595 19 12 13
19 12
19 13


19596 19 12 13
19 12
19 13


19597 19 12 13
19 12
19 13


19598 19 12 13
19 12
19 13


19599 19 12 13
19 12
19 13


19600 19 12 13
19 12
19 13


19601 19 12 13
19 12
19 13


19602 19 12 13
19 12
19 13


19603 19 12 13
19 12
19 13


19604 19 12 13
19 12
19 13


19605 19 12 13
19 12
19 13


19606 19 12 13
19 12
19 13


19607 19 12 13
19 12
19 13


19608 19 12 13
19 12
19 13


19609 19 12 13
19 12
19 13


19610 19 12 13
19 12
19 13


19611 19 12 13
19 12
19 13


19612 19 12 13
19 12
19 13


19613 19 12 13
19 12
19 13


19614 19 12 13
19 12
19 13


19615 19 12 13
19 12
19 13


19616 19 12 13
19 12
19 13


19617 19 12 13
19 12
19 13


19618 19 12 13
19 12
19 13


19619 19 12 13
19 12
19 13


19620 19 12 13
19 12
19 13


19621 19 12 13
19 12
19 13


19622 19 12 13
19 12
19 13


19623 19 12 13
19 12
19 13


19624 19 12 13
19 12
19 13


19625 19 12 13
19 12
19 13


19626 19 12 13
19 12
19 13


19627 19 12 13
19 12
19 13


19628 19 12 13
19 12
19 13


19629 19 12 13
19 12
19 13


19630 19 12 13
19 12
19 13


19631 19 12 13
19 12
19 13


19632 19 12 13
19 12
19 13


19633 19 12 13
19 12
19 13


19634 19 12 13
19 12
19 13


19635 19 12 13
19 12
19 13


19636 19 12 13
19 12
19 13


19637 19 12 13
19 12
19 13


19638 19 12 13
19 12
19 13


19639 19 12 13
19 12
19 13


19640 19 12 13
19 12
19 13


19641 19 12 13
19 12
19 13


19642 19 12 13
19 12
19 13


19643 19 12 13
19 12
19 13


19644 19 12 13
19 12
19 13


19645 19 12 13
19 12
19 13


19646 19 12 13
19 12
19 13


19647 19 12 13
19 12
19 13


19648 19 12 13
19 12
19 13


19649 19 12 13
19 12
19 13


19650 19 12 13
19 12
19 13


19651 19 12 13
19 12
19 13


19652 19 12 13
19 12
19 13


19653 19 12 13
19 12
19 13


19654 19 12 13
19 12
19 13


19655 19 12 13
19 12
19 13


19656 19 12 13
19 12
19 13


19657 19 12 13
19 12
19 13


19658 19 12 13
19 12
19 13


19659 19 12 13
19 12
19 13


19660 19 12 13
19 12
19 13


19661 19 12 13
19 12
19 13


19662 19 12 13
19 12
19 13


19663 19 12 13
19 12
19 13


19664 19 12 13
19 12
19 13


19665 19 12 13
19 12
19 13


19666 19 12 13
19 12
19 13


19667 19 12 13
19 12
19 13


19668 19 12 13
19 12
19 13


19669 19 12 13
19 12
19 13


19670 19 12 13
19 12
19 13


19671 19 12 13
19 12
19 13


19672 19 12 13
19 12
19 13


19673 19 12 13
19 12
19 13


19674 19 12 13
19 12
19 13


19675 19 12 13
19 12
19 13


19676 19 12 13
19 12
19 13


19677 19 12 13
19 12
19 13


19678 19 12 13
19 12
19 13


19679 19 12 13
19 12
19 13


19680 19 12 13
19 12
19 13


19681 19 12 13
19 12
19 13


19682 19 12 13
19 12
19 13


19683 19 12 13
19 12
19 13


19684 19 12 13
19 12
19 13


19685 19 12 13
19 12
19 13


19686 19 12 13
19 12
19 13


19687 19 12 13
19 12
19 13


19688 19 12 13
19 12
19 13


19689 19 12 13
19 12
19 13


19690 19 12 13
19 12
19 13


19691 19 12 13
19 12
19 13


19692 19 12 13
19 12
19 13


19693 19 12 13
19 12
19 13


19694 19 12 13
19 12
19 13


19695 19 12 13
19 12
19 13


19696 19 12 13
19 12
19 13


19697 19 12 13
19 12
19 13


19698 19 12 13
19 12
19 13


19699 19 12 13
19 12
19 13


19700 19 12 13
19 12
19 13


19701 19 12 13
19 12
19 13


19702 19 12 13
19 12
19 13


19703 19 12 13
19 12
19 13


19704 19 12 13
19 12
19 13


19705 19 12 13
19 12
19 13


19706 19 12 13
19 12
19 13


19707 19 12 13
19 12
19 13


19708 19 12 13
19 12
19 13


19709 19 12 13
19 12
19 13


19710 19 12 13
19 12
19 13


19711 19 12 13
19 12
19 13


19712 19 12 13
19 12
19 13


19713 19 12 13
19 12
19 13


19714 19 12 13
19 12
19 13


19715 19 12 13
19 12
19 13


19716 19 12 13
19 12
19 13


19717 19 12 13
19 12
19 13


19718 19 12 13
19 12
19 13


19719 19 12 13
19 12
19 13


19720 19 12 13
19 12
19 13


19721 19 12 13
19 12
19 13


19722 19 12 13
19 12
19 13


19723 19 12 13
19 12
19 13


19724 19 12 13
19 12
19 13


19725 19 12 13
19 12
19 13


19726 19 12 13
19 12
19 13


19727 19 12 13
19 12
19 13


19728 19 12 13
19 12
19 13


19729 19 12 13
19 12
19 13


19730 19 12 13
19 12
19 13


19731 19 12 13
19 12
19 13


19732 19 12 13
19 12
19 13


19733 19 12 13
19 12
19 13


19734 19 12 13
19 12
19 13


19735 19 12 13
19 12
19 13


19736 19 12 13
19 12
19 13


19737 19 12 13
19 12
19 13


19738 19 12 13
19 12
19 13


19739 19 12 13
19 12
19 13


19740 19 12 13
19 12
19 13


19741 19 12 13
19 12
19 13


19742 19 12 13
19 12
19 13


19743 19 12 13
19 12
19 13


19744 19 12 13
19 12
19 13


19745 19 12 13
19 12
19 13


19746 19 12 13
19 12
19 13


19747 19 12 13
19 12
19 13


19748 19 12 13
19 12
19 13


19749 19 12 13
19 12
19 13


19750 19 12 13
19 12
19 13


19751 19 12 13
19 12
19 13


19752 19 12 13
19 12
19 13


19753 19 12 13
19 12
19 13


19754 19 12 13
19 12
19 13


19755 19 12 13
19 12
19 13


19756 19 12 13
19 12
19 13


19757 19 12 13
19 12
19 13


19758 19 12 13
19 12
19 13


19759 19 12 13
19 12
19 13


19760 19 12 13
19 12
19 13


19761 19 12 13
19 12
19 13


19762 19 12 13
19 12
19 13


19763 19 12 13
19 12
19 13


19764 19 12 13
19 12
19 13


19765 19 12 13
19 12
19 13


19766 19 12 13
19 12
19 13


19767 19 12 13
19 12
19 13


19768 19 12 13
19 12
19 13


19769 19 12 13
19 12
19 13


19770 19 12 13
19 12
19 13


19771 19 12 13
19 12
19 13


19772 19 12 13
19 12
19 13


19773 19 12 13
19 12
19 13


19774 19 12 13
19 12
19 13


19775 19 12 13
19 12
19 13


19776 19 12 13
19 12
19 13


19777 19 12 13
19 12
19 13


19778 19 12 13
19 12
19 13


19779 19 12 13
19 12
19 13


19780 19 12 13
19 12
19 13


19781 19 12 13
19 12
19 13


19782 19 12 13
19 12
19 13


19783 19 12 13
19 12
19 13


19784 19 12 13
19 12
19 13


19785 19 12 13
19 12
19 13


19786 19 12 13
19 12
19 13


19787 19 12 13
19 12
19 13


19788 19 12 13
19 12
19 13


19789 19 12 13
19 12
19 13


19790 19 12 13
19 12
19 13


19791 19 12 13
19 12
19 13


19792 19 12 13
19 12
19 13


19793 19 12 13
19 12
19 13


19794 19 12 13
19 12
19 13


19795 19 12 13
19 12
19 13


19796 19 12 13
19 12
19 13


19797 19 12 13
19 12
19 13


19798 19 12 13
19 12
19 13


19799 19 12 13
19 12
19 13


19800 19 12 13
19 12
19 13


19801 19 12 13
19 12
19 13


19802 19 12 13
19 12
19 13


19803 19 12 13
19 12
19 13


19804 19 12 13
19 12
19 13


19805 19 12 13
19 12
19 13


19806 19 12 13
19 12
19 13


19807 19 12 13
19 12
19 13


19808 19 12 13
19 12
19 13


19809 19 12 13
19 12
19 13


19810 19 12 13
19 12
19 13


19811 19 12 13
19 12
19 13


19812 19 12 13
19 12
19 13


19813 19 12 13
19 12
19 13


19814 19 12 13
19 12
19 13


19815 19 12 13
19 12
19 13


19816 19 12 13
19 12
19 13


19817 19 12 13
19 12
19 13


19818 19 12 13
19 12
19 13


19819 19 12 13
19 12
19 13


19820 19 12 13
19 12
19 13


19821 19 12 13
19 12
19 13


19822 19 12 13
19 12
19 13


19823 19 12 13
19 12
19 13


19824 19 12 13
19 12
19 13


19825 19 12 13
19 12
19 13


19826 19 12 13
19 12
19 13


19827 19 12 13
19 12
19 13


25028 36 38 47
36 38
36 47


25029 36 38 47
36 38
36 47


25030 36 38 47
36 38
36 47


25031 36 38 47
36 38
36 47


25032 36 38 47
36 38
36 47


25033 36 38 47
36 38
36 47


25034 36 38 47
36 38
36 47


25035 36 38 47
36 38
36 47


25036 36 38 47
36 38
36 47


25037 36 38 47
36 38
36 47


25038 36 38 47
36 38
36 47


25039 36 38 47
36 38
36 47


25040 36 38 47
36 38
36 47


25041 36 38 47
36 38
36 47


25042 36 38 47
36 38
36 47


25043 36 38 47
36 38
36 47


25044 36 38 47
36 38
36 47


25045 36 38 47
36 38
36 47


25046 36 38 47
36 38
36 47


25047 36 38 47
36 38
36 47


25048 36 38 47
36 38
36 47


25049 36 38 47
36 38
36 47


25050 36 38 47
36 38
36 47


25051 36 38 47
36 38
36 47


25052 36 38 47
36 38
36 47


25053 36 38 47
36 38
36 47


25054 36 38 47
36 38
36 47


25055 36 38 47
36 38
36 47


25056 36 38 47
36 38
36 47


25057 36 38 47
36 38
36 47


25058 36 38 47
36 38
36 47


25059 36 38 47
36 38
36 47


25060 36 38 47
36 38
36 47


25061 36 38 47
36 38
36 47


25062 36 38 47
36 38
36 47


25063 36 38 47
36 38
36 47


25064 36 38 47
36 38
36 47


25065 36 38 47
36 38
36 47


25066 36 38 47
36 38
36 47


25067 36 38 47
36 38
36 47


25068 36 38 47
36 38
36 47


25069 36 38 47
36 38
36 47


25070 36 38 47
36 38
36 47


25071 36 38 47
36 38
36 47


25072 36 38 47
36 38
36 47


25073 36 38 47
36 38
36 47


25074 36 38 47
36 38
36 47


25075 36 38 47
36 38
36 47


25076 36 38 47
36 38
36 47


25077 36 38 47
36 38
36 47


25078 36 38 47
36 38
36 47


25079 36 38 47
36 38
36 47


25080 36 38 47
36 38
36 47


25081 36 38 47
36 38
36 47


25082 36 38 47
36 38
36 47


25083 36 38 47
36 38
36 47


25084 36 38 47
36 38
36 47


25085 36 38 47
36 38
36 47


25086 36 38 47
36 38
36 47


25087 36 38 47
36 38
36 47


25088 36 38 47
36 38
36 47


25089 36 38 47
36 38
36 47


25090 36 38 47
36 38
36 47


25091 36 38 47
36 38
36 47


25092 36 38 47
36 38
36 47


25093 36 38 47
36 38
36 47


25094 36 38 47
36 38
36 47


25095 36 38 47
36 38
36 47


25096 36 38 47
36 38
36 47


25097 36 38 47
36 38
36 47


25098 36 38 47
36 38
36 47


25099 36 38 47
36 38
36 47


25100 36 38 47
36 38
36 47


25101 36 38 47
36 38
36 47


25102 36 38 47
36 38
36 47


25103 36 38 47
36 38
36 47


25104 36 38 47
36 38
36 47


25105 36 38 47
36 38
36 47


25106 36 38 47
36 38
36 47


25107 36 38 47
36 38
36 47


25108 36 38 47
36 38
36 47


25109 36 38 47
36 38
36 47


25110 36 38 47
36 38
36 47


25111 36 38 47
36 38
36 47


25112 36 38 47
36 38
36 47


25113 36 38 47
36 38
36 47


25114 36 38 47
36 38
36 47


25115 36 38 47
36 38
36 47


25116 36 38 47
36 38
36 47


25117 36 38 47
36 38
36 47


25118 36 38 47
36 38
36 47


25119 36 38 47
36 38
36 47


25120 36 38 47
36 38
36 47


25121 36 38 47
36 38
36 47


25122 36 38 47
36 38
36 47


25123 36 38 47
36 38
36 47


25124 36 38 47
36 38
36 47


25125 36 38 47
36 38
36 47


25126 36 38 47
36 38
36 47


25127 36 38 47
36 38
36 47


25128 36 38 47
36 38
36 47


25129 36 38 47
36 38
36 47


25130 36 38 47
36 38
36 47


25131 36 38 47
36 38
36 47


25132 36 38 47
36 38
36 47


25133 36 38 47
36 38
36 47


25134 36 38 47
36 38
36 47


25135 36 38 47
36 38
36 47


25136 36 38 47
36 38
36 47


25137 36 38 47
36 38
36 47


25138 36 38 47
36 38
36 47


25139 36 38 47
36 38
36 47


25140 36 38 47
36 38
36 47


25141 36 38 47
36 38
36 47


25142 36 38 47
36 38
36 47


25143 36 38 47
36 38
36 47


25144 36 38 47
36 38
36 47


25145 36 38 47
36 38
36 47


25146 36 38 47
36 38
36 47


25147 36 38 47
36 38
36 47


25148 36 38 47
36 38
36 47


25149 36 38 47
36 38
36 47


25150 36 38 47
36 38
36 47


25151 36 38 47
36 38
36 47


25152 36 38 47
36 38
36 47


25153 36 38 47
36 38
36 47


25154 36 38 47
36 38
36 47


25155 36 38 47
36 38
36 47


25156 36 38 47
36 38
36 47


25157 36 38 47
36 38
36 47


25158 36 38 47
36 38
36 47


25159 36 38 47
36 38
36 47


25160 36 38 47
36 38
36 47


25161 36 38 47
36 38
36 47


25162 36 38 47
36 38
36 47


25163 36 38 47
36 38
36 47


25164 36 38 47
36 38
36 47


25165 36 38 47
36 38
36 47


25166 36 38 47
36 38
36 47


25167 36 38 47
36 38
36 47


25168 36 38 47
36 38
36 47


25169 36 38 47
36 38
36 47


25170 36 38 47
36 38
36 47


25171 36 38 47
36 38
36 47


25172 36 38 47
36 38
36 47


25173 36 38 47
36 38
36 47


25174 36 38 47
36 38
36 47


25175 36 38 47
36 38
36 47


25176 36 38 47
36 38
36 47


25177 36 38 47
36 38
36 47


25178 36 38 47
36 38
36 47


25179 36 38 47
36 38
36 47


25180 36 38 47
36 38
36 47


25181 36 38 47
36 38
36 47


25182 36 38 47
36 38
36 47


25183 36 38 47
36 38
36 47


25184 36 38 47
36 38
36 47


25185 36 38 47
36 38
36 47


25186 36 38 47
36 38
36 47


25187 36 38 47
36 38
36 47


25188 36 38 47
36 38
36 47


25189 36 38 47
36 38
36 47


25190 36 38 47
36 38
36 47


25191 36 38 47
36 38
36 47


25192 36 38 47
36 38
36 47


25193 36 38 47
36 38
36 47


25194 36 38 47
36 38
36 47


25195 36 38 47
36 38
36 47


25196 36 38 47
36 38
36 47


25197 36 38 47
36 38
36 47


25198 36 38 47
36 38
36 47


25199 36 38 47
36 38
36 47


25200 36 38 47
36 38
36 47


25201 36 38 47
36 38
36 47


25202 36 38 47
36 38
36 47


25203 36 38 47
36 38
36 47


25204 36 38 47
36 38
36 47


25205 36 38 47
36 38
36 47


25206 36 38 47
36 38
36 47


25207 36 38 47
36 38
36 47


25208 36 38 47
36 38
36 47


25209 36 38 47
36 38
36 47


25210 36 38 47
36 38
36 47


25211 36 38 47
36 38
36 47


25212 36 38 47
36 38
36 47


25213 36 38 47
36 38
36 47


25214 36 38 47
36 38
36 47


25215 36 38 47
36 38
36 47


25216 36 38 47
36 38
36 47


25217 36 38 47
36 38
36 47


25218 36 38 47
36 38
36 47


25219 36 38 47
36 38
36 47


25220 36 38 47
36 38
36 47


25221 36 38 47
36 38
36 47


25222 36 38 47
36 38
36 47


25223 36 38 47
36 38
36 47


25224 36 38 47
36 38
36 47


25225 36 38 47
36 38
36 47


25226 36 38 47
36 38
36 47


25227 36 38 47
36 38
36 47


25228 36 38 47
36 38
36 47


25229 36 38 47
36 38
36 47


25230 36 38 47
36 38
36 47


25231 36 38 47
36 38
36 47


25232 36 38 47
36 38
36 47


25233 36 38 47
36 38
36 47


25234 36 38 47
36 38
36 47


25235 36 38 47
36 38
36 47


25236 36 38 47
36 38
36 47


25237 36 38 47
36 38
36 47


25238 36 38 47
36 38
36 47


25239 36 38 47
36 38
36 47


25240 36 38 47
36 38
36 47


25241 36 38 47
36 38
36 47


25242 36 38 47
36 38
36 47


25243 36 38 47
36 38
36 47


25244 36 38 47
36 38
36 47


25245 36 38 47
36 38
36 47


25246 36 38 47
36 38
36 47


25247 36 38 47
36 38
36 47


25248 36 38 47
36 38
36 47


25249 36 38 47
36 38
36 47


25250 36 38 47
36 38
36 47


25251 36 38 47
36 38
36 47


25252 36 38 47
36 38
36 47


25253 36 38 47
36 38
36 47


25254 36 38 47
36 38
36 47


25255 36 38 47
36 38
36 47


25256 36 38 47
36 38
36 47


25257 36 38 47
36 38
36 47


25258 36 38 47
36 38
36 47


25259 36 38 47
36 38
36 47


25260 36 38 47
36 38
36 47


25261 36 38 47
36 38
36 47


25262 36 38 47
36 38
36 47


25263 36 38 47
36 38
36 47


25264 36 38 47
36 38
36 47


25265 36 38 47
36 38
36 47


25266 36 38 47
36 38
36 47


25267 36 38 47
36 38
36 47


25268 36 38 47
36 38
36 47


25269 36 38 47
36 38
36 47


25270 36 38 47
36 38
36 47


25271 36 38 47
36 38
36 47


25272 36 38 47
36 38
36 47


25273 36 38 47
36 38
36 47


25274 36 38 47
36 38
36 47


25275 36 38 47
36 38
36 47


25276 36 38 47
36 38
36 47


25277 36 38 47
36 38
36 47


25278 36 38 47
36 38
36 47


25279 36 38 47
36 38
36 47


25280 36 38 47
36 38
36 47


25281 36 38 47
36 38
36 47


25282 36 38 47
36 38
36 47


25283 36 38 47
36 38
36 47


25284 36 38 47
36 38
36 47


25285 36 38 47
36 38
36 47


25286 36 38 47
36 38
36 47


25287 36 38 47
36 38
36 47


25288 36 38 47
36 38
36 47


25289 36 38 47
36 38
36 47


25290 36 38 47
36 38
36 47


25291 36 38 47
36 38
36 47


25292 36 38 47
36 38
36 47


25293 36 38 47
36 38
36 47


25294 36 38 47
36 38
36 47


25295 36 38 47
36 38
36 47


25296 36 38 47
36 38
36 47


25297 36 38 47
36 38
36 47


25298 36 38 47
36 38
36 47


25299 36 38 47
36 38
36 47


25300 36 38 47
36 38
36 47


25301 36 38 47
36 38
36 47


25302 36 38 47
36 38
36 47


25303 36 38 47
36 38
36 47


25304 36 38 47
36 38
36 47


25305 36 38 47
36 38
36 47


25306 36 38 47
36 38
36 47


25307 36 38 47
36 38
36 47


25308 36 38 47
36 38
36 47


25309 36 38 47
36 38
36 47


25310 36 38 47
36 38
36 47


25311 36 38 47
36 38
36 47


25312 36 38 47
36 38
36 47


25313 36 38 47
36 38
36 47


25314 36 38 47
36 38
36 47


25315 36 38 47
36 38
36 47


25316 36 38 47
36 38
36 47


25317 36 38 47
36 38
36 47


25318 36 38 47
36 38
36 47


25319 36 38 47
36 38
36 47


25320 36 38 47
36 38
36 47


25321 36 38 47
36 38
36 47


25322 36 38 47
36 38
36 47


25323 36 38 47
36 38
36 47


25324 36 38 47
36 38
36 47


25325 36 38 47
36 38
36 47


25326 36 38 47
36 38
36 47


25327 36 38 47
36 38
36 47


25328 36 38 47
36 38
36 47


25329 36 38 47
36 38
36 47


25330 36 38 47
36 38
36 47


25331 36 38 47
36 38
36 47


25332 36 38 47
36 38
36 47


25333 36 38 47
36 38
36 47


25334 36 38 47
36 38
36 47


25335 36 38 47
36 38
36 47


25336 36 38 47
36 38
36 47


25337 36 38 47
36 38
36 47


25338 36 38 47
36 38
36 47


25339 36 38 47
36 38
36 47


25340 36 38 47
36 38
36 47


25341 36 38 47
36 38
36 47


25342 36 38 47
36 38
36 47


25343 36 38 47
36 38
36 47


25344 36 38 47
36 38
36 47


25345 36 38 47
36 38
36 47


25346 36 38 47
36 38
36 47


25347 36 38 47
36 38
36 47


25348 36 38 47
36 38
36 47


25349 36 38 47
36 38
36 47


25350 36 38 47
36 38
36 47


25351 36 38 47
36 38
36 47


25352 36 38 47
36 38
36 47


25353 36 38 47
36 38
36 47


25354 36 38 47
36 38
36 47


25355 36 38 47
36 38
36 47


25356 36 38 47
36 38
36 47


25357 36 38 47
36 38
36 47


25358 36 38 47
36 38
36 47


25359 36 38 47
36 38
36 47


25360 36 38 47
36 38
36 47


25361 36 38 47
36 38
36 47


25362 36 38 47
36 38
36 47


25363 36 38 47
36 38
36 47


25364 36 38 47
36 38
36 47


25365 36 38 47
36 38
36 47


25366 36 38 47
36 38
36 47


25367 36 38 47
36 38
36 47


25368 36 38 47
36 38
36 47


25369 36 38 47
36 38
36 47


25370 36 38 47
36 38
36 47


25371 36 38 47
36 38
36 47


25372 36 38 47
36 38
36 47


25373 36 38 47
36 38
36 47


25374 36 38 47
36 38
36 47


25375 36 38 47
36 38
36 47


25376 36 38 47
36 38
36 47


25377 36 38 47
36 38
36 47


25378 36 38 47
36 38
36 47


25379 36 38 47
36 38
36 47


25380 36 38 47
36 38
36 47


25381 36 38 47
36 38
36 47


25382 36 38 47
36 38
36 47


25383 36 38 47
36 38
36 47


25384 36 38 47
36 38
36 47


25385 36 38 47
36 38
36 47


25386 36 38 47
36 38
36 47


25387 36 38 47
36 38
36 47


25388 36 38 47
36 38
36 47


25389 36 38 47
36 38
36 47


25390 36 38 47
36 38
36 47


25391 36 38 47
36 38
36 47


25392 36 38 47
36 38
36 47


25393 36 38 47
36 38
36 47


25394 36 38 47
36 38
36 47


25395 36 38 47
36 38
36 47


25396 36 38 47
36 38
36 47


25397 36 38 47
36 38
36 47


25398 36 38 47
36 38
36 47


25399 36 38 47
36 38
36 47


25400 36 38 47
36 38
36 47


25401 36 38 47
36 38
36 47


25402 36 38 47
36 38
36 47


25403 36 38 47
36 38
36 47


25404 36 38 47
36 38
36 47


25405 36 38 47
36 38
36 47


25406 36 38 47
36 38
36 47


25407 36 38 47
36 38
36 47


25408 36 38 47
36 38
36 47


25409 36 38 47
36 38
36 47


25410 36 38 47
36 38
36 47


25411 36 38 47
36 38
36 47


25412 36 38 47
36 38
36 47


25413 36 38 47
36 38
36 47


25414 36 38 47
36 38
36 47


25415 36 38 47
36 38
36 47


25416 36 38 47
36 38
36 47


25417 36 38 47
36 38
36 47


25418 36 38 47
36 38
36 47


25419 36 38 47
36 38
36 47


25420 36 38 47
36 38
36 47


25421 36 38 47
36 38
36 47


25422 36 38 47
36 38
36 47


25423 36 38 47
36 38
36 47


25424 36 38 47
36 38
36 47


25425 36 38 47
36 38
36 47


25426 36 38 47
36 38
36 47


25427 36 38 47
36 38
36 47


25428 36 38 47
36 38
36 47


25429 36 38 47
36 38
36 47


25430 36 38 47
36 38
36 47


25431 36 38 47
36 38
36 47


25432 36 38 47
36 38
36 47


25433 36 38 47
36 38
36 47


25434 36 38 47
36 38
36 47


25435 36 38 47
36 38
36 47


25436 36 38 47
36 38
36 47


25437 36 38 47
36 38
36 47


25438 36 38 47
36 38
36 47


25439 36 38 47
36 38
36 47


25440 36 38 47
36 38
36 47


25441 36 38 47
36 38
36 47


25442 36 38 47
36 38
36 47


25443 36 38 47
36 38
36 47


25444 36 38 47
36 38
36 47


25445 36 38 47
36 38
36 47


25446 36 38 47
36 38
36 47


25447 36 38 47
36 38
36 47


25448 36 38 47
36 38
36 47


25449 36 38 47
36 38
36 47


25450 36 38 47
36 38
36 47


25451 36 38 47
36 38
36 47


25452 36 38 47
36 38
36 47


25453 36 38 47
36 38
36 47


25454 36 38 47
36 38
36 47


25455 36 38 47
36 38
36 47


25456 36 38 47
36 38
36 47


25457 36 38 47
36 38
36 47


25458 36 38 47
36 38
36 47


25459 36 38 47
36 38
36 47


25460 36 38 47
36 38
36 47


25461 36 38 47
36 38
36 47


25462 36 38 47
36 38
36 47


25463 36 38 47
36 38
36 47


25464 36 38 47
36 38
36 47


25465 36 38 47
36 38
36 47


25466 36 38 47
36 38
36 47


25467 36 38 47
36 38
36 47


25468 36 38 47
36 38
36 47


25469 36 38 47
36 38
36 47


25470 36 38 47
36 38
36 47


25471 36 38 47
36 38
36 47


25472 36 38 47
36 38
36 47


25473 36 38 47
36 38
36 47


25474 36 38 47
36 38
36 47


25475 36 38 47
36 38
36 47


25476 36 38 47
36 38
36 47


25477 36 38 47
36 38
36 47


25478 36 38 47
36 38
36 47


25479 36 38 47
36 38
36 47


25480 36 38 47
36 38
36 47


25481 36 38 47
36 38
36 47


25482 36 38 47
36 38
36 47


25483 36 38 47
36 38
36 47


25484 36 38 47
36 38
36 47


25485 36 38 47
36 38
36 47


25486 36 38 47
36 38
36 47


25487 36 38 47
36 38
36 47


25488 36 38 47
36 38
36 47


25489 36 38 47
36 38
36 47


25490 36 38 47
36 38
36 47


25491 36 38 47
36 38
36 47


25492 36 38 47
36 38
36 47


25493 36 38 47
36 38
36 47


25494 36 38 47
36 38
36 47


25495 36 38 47
36 38
36 47


25496 36 38 47
36 38
36 47


25497 36 38 47
36 38
36 47


25498 36 38 47
36 38
36 47


25499 36 38 47
36 38
36 47


25500 36 38 47
36 38
36 47


25501 36 38 47
36 38
36 47


25502 36 38 47
36 38
36 47


25503 36 38 47
36 38
36 47


25504 36 38 47
36 38
36 47


25505 36 38 47
36 38
36 47


25506 36 38 47
36 38
36 47


25507 36 38 47
36 38
36 47


25508 36 38 47
36 38
36 47


25509 36 38 47
36 38
36 47


25510 36 38 47
36 38
36 47


25511 36 38 47
36 38
36 47


25512 36 38 47
36 38
36 47


25513 36 38 47
36 38
36 47


25514 36 38 47
36 38
36 47


25515 36 38 47
36 38
36 47


25516 36 38 47
36 38
36 47


25517 36 38 47
36 38
36 47


25518 36 38 47
36 38
36 47


25519 36 38 47
36 38
36 47


25520 36 38 47
36 38
36 47


25521 36 38 47
36 38
36 47


25522 36 38 47
36 38
36 47


25523 36 38 47
36 38
36 47


25524 36 38 47
36 38
36 47


25525 36 38 47
36 38
36 47


25526 36 38 47
36 38
36 47


25527 36 38 47
36 38
36 47


25528 36 38 47
36 38
36 47


25529 36 38 47
36 38
36 47


25530 36 38 47
36 38
36 47


25531 36 38 47
36 38
36 47


25532 36 38 47
36 38
36 47


25533 36 38 47
36 38
36 47


25534 36 38 47
36 38
36 47


25535 36 38 47
36 38
36 47


25536 36 38 47
36 38
36 47


25537 36 38 47
36 38
36 47


25538 36 38 47
36 38
36 47


25539 36 38 47
36 38
36 47


