0 3 0 1
3 0
3 1


1 3 0 1
3 0
3 1


2 3 0 1
3 0
3 1


3 3 0 1
3 0
3 1


4 3 0 1
3 0
3 1


5 3 0 1
3 0
3 1


6 3 0 1
3 0
3 1


7 3 0 1
3 0
3 1


8 3 0 1
3 0
3 1


9 3 0 1
3 0
3 1


10 3 0 1
3 0
3 1


11 3 0 1
3 0
3 1


12 3 0 1
3 0
3 1


13 3 0 1
3 0
3 1


14 3 0 1
3 0
3 1


15 3 0 1
3 0
3 1


81 6 20 0
6 20
6 0


82 6 20 0
6 20
6 0


83 6 20 0
6 20
6 0


84 6 20 0
6 20
6 0


85 6 20 0
6 20
6 0


86 6 20 0
6 20
6 0


87 6 20 0
6 20
6 0


88 6 20 0
6 20
6 0


89 6 20 0
6 20
6 0


90 6 20 0
6 20
6 0


91 6 20 0
6 20
6 0


92 6 20 0
6 20
6 0


93 6 20 0
6 20
6 0


94 6 20 0
6 20
6 0


95 6 20 0
6 20
6 0


96 6 20 0
6 20
6 0


162 1 20 0
1 20
1 0


163 1 20 0
1 20
1 0


164 1 20 0
1 20
1 0


165 1 20 0
1 20
1 0


166 1 20 0
1 20
1 0


167 1 20 0
1 20
1 0


168 1 20 0
1 20
1 0


169 1 20 0
1 20
1 0


170 1 20 0
1 20
1 0


171 1 20 0
1 20
1 0


172 1 20 0
1 20
1 0


173 1 20 0
1 20
1 0


174 1 20 0
1 20
1 0


175 1 20 0
1 20
1 0


176 1 20 0
1 20
1 0


177 1 20 0
1 20
1 0


243 21 7 4
21 7
21 4


244 21 7 4
21 7
21 4


245 21 7 4
21 7
21 4


246 21 7 4
21 7
21 4


247 21 7 4
21 7
21 4


248 21 7 4
21 7
21 4


249 21 7 4
21 7
21 4


250 21 7 4
21 7
21 4


251 21 7 4
21 7
21 4


252 21 7 4
21 7
21 4


253 21 7 4
21 7
21 4


254 21 7 4
21 7
21 4


255 21 7 4
21 7
21 4


256 21 7 4
21 7
21 4


257 21 7 4
21 7
21 4


258 21 7 4
21 7
21 4


324 8 9 24
8 9
8 24


325 8 9 24
8 9
8 24


326 8 9 24
8 9
8 24


327 8 9 24
8 9
8 24


328 8 9 24
8 9
8 24


329 8 9 24
8 9
8 24


330 8 9 24
8 9
8 24


331 8 9 24
8 9
8 24


332 8 9 24
8 9
8 24


333 8 9 24
8 9
8 24


334 8 9 24
8 9
8 24


335 8 9 24
8 9
8 24


336 8 9 24
8 9
8 24


337 8 9 24
8 9
8 24


338 8 9 24
8 9
8 24


339 8 9 24
8 9
8 24


340 8 9 24
8 9
8 24


341 8 9 24
8 9
8 24


342 8 9 24
8 9
8 24


343 8 9 24
8 9
8 24


344 8 9 24
8 9
8 24


345 8 9 24
8 9
8 24


346 8 9 24
8 9
8 24


347 8 9 24
8 9
8 24


348 8 9 24
8 9
8 24


349 8 9 24
8 9
8 24


350 8 9 24
8 9
8 24


351 8 9 24
8 9
8 24


352 8 9 24
8 9
8 24


353 8 9 24
8 9
8 24


354 8 9 24
8 9
8 24


355 8 9 24
8 9
8 24


356 8 9 24
8 9
8 24


357 8 9 24
8 9
8 24


358 8 9 24
8 9
8 24


359 8 9 24
8 9
8 24


360 8 9 24
8 9
8 24


361 8 9 24
8 9
8 24


362 8 9 24
8 9
8 24


363 8 9 24
8 9
8 24


364 8 9 24
8 9
8 24


365 8 9 24
8 9
8 24


366 8 9 24
8 9
8 24


367 8 9 24
8 9
8 24


368 8 9 24
8 9
8 24


369 8 9 24
8 9
8 24


370 8 9 24
8 9
8 24


371 8 9 24
8 9
8 24


372 8 9 24
8 9
8 24


373 8 9 24
8 9
8 24


374 8 9 24
8 9
8 24


375 8 9 24
8 9
8 24


376 8 9 24
8 9
8 24


377 8 9 24
8 9
8 24


378 8 9 24
8 9
8 24


379 8 9 24
8 9
8 24


380 8 9 24
8 9
8 24


381 8 9 24
8 9
8 24


382 8 9 24
8 9
8 24


383 8 9 24
8 9
8 24


384 8 9 24
8 9
8 24


385 8 9 24
8 9
8 24


386 8 9 24
8 9
8 24


387 8 9 24
8 9
8 24


645 21 20 0
21 20
21 0


646 21 20 0
21 20
21 0


647 21 20 0
21 20
21 0


648 21 20 0
21 20
21 0


649 21 20 0
21 20
21 0


650 21 20 0
21 20
21 0


651 21 20 0
21 20
21 0


652 21 20 0
21 20
21 0


653 21 20 0
21 20
21 0


654 21 20 0
21 20
21 0


655 21 20 0
21 20
21 0


656 21 20 0
21 20
21 0


657 21 20 0
21 20
21 0


658 21 20 0
21 20
21 0


659 21 20 0
21 20
21 0


660 21 20 0
21 20
21 0


661 21 20 0
21 20
21 0


662 21 20 0
21 20
21 0


663 21 20 0
21 20
21 0


664 21 20 0
21 20
21 0


665 21 20 0
21 20
21 0


666 21 20 0
21 20
21 0


667 21 20 0
21 20
21 0


668 21 20 0
21 20
21 0


669 21 20 0
21 20
21 0


670 21 20 0
21 20
21 0


671 21 20 0
21 20
21 0


672 21 20 0
21 20
21 0


673 21 20 0
21 20
21 0


674 21 20 0
21 20
21 0


675 21 20 0
21 20
21 0


676 21 20 0
21 20
21 0


677 21 20 0
21 20
21 0


678 21 20 0
21 20
21 0


679 21 20 0
21 20
21 0


680 21 20 0
21 20
21 0


681 21 20 0
21 20
21 0


682 21 20 0
21 20
21 0


683 21 20 0
21 20
21 0


684 21 20 0
21 20
21 0


685 21 20 0
21 20
21 0


686 21 20 0
21 20
21 0


687 21 20 0
21 20
21 0


688 21 20 0
21 20
21 0


689 21 20 0
21 20
21 0


690 21 20 0
21 20
21 0


691 21 20 0
21 20
21 0


692 21 20 0
21 20
21 0


693 21 20 0
21 20
21 0


694 21 20 0
21 20
21 0


695 21 20 0
21 20
21 0


696 21 20 0
21 20
21 0


697 21 20 0
21 20
21 0


698 21 20 0
21 20
21 0


699 21 20 0
21 20
21 0


700 21 20 0
21 20
21 0


701 21 20 0
21 20
21 0


702 21 20 0
21 20
21 0


703 21 20 0
21 20
21 0


704 21 20 0
21 20
21 0


705 21 20 0
21 20
21 0


706 21 20 0
21 20
21 0


707 21 20 0
21 20
21 0


708 21 20 0
21 20
21 0


709 21 20 0
21 20
21 0


710 21 20 0
21 20
21 0


711 21 20 0
21 20
21 0


712 21 20 0
21 20
21 0


713 21 20 0
21 20
21 0


714 21 20 0
21 20
21 0


715 21 20 0
21 20
21 0


716 21 20 0
21 20
21 0


717 21 20 0
21 20
21 0


718 21 20 0
21 20
21 0


719 21 20 0
21 20
21 0


720 21 20 0
21 20
21 0


721 21 20 0
21 20
21 0


722 21 20 0
21 20
21 0


723 21 20 0
21 20
21 0


724 21 20 0
21 20
21 0


725 21 20 0
21 20
21 0


726 21 20 0
21 20
21 0


727 21 20 0
21 20
21 0


728 21 20 0
21 20
21 0


729 21 20 0
21 20
21 0


730 21 20 0
21 20
21 0


731 21 20 0
21 20
21 0


732 21 20 0
21 20
21 0


733 21 20 0
21 20
21 0


734 21 20 0
21 20
21 0


735 21 20 0
21 20
21 0


736 21 20 0
21 20
21 0


737 21 20 0
21 20
21 0


738 21 20 0
21 20
21 0


739 21 20 0
21 20
21 0


740 21 20 0
21 20
21 0


741 21 20 0
21 20
21 0


742 21 20 0
21 20
21 0


743 21 20 0
21 20
21 0


744 21 20 0
21 20
21 0


745 21 20 0
21 20
21 0


746 21 20 0
21 20
21 0


747 21 20 0
21 20
21 0


748 21 20 0
21 20
21 0


749 21 20 0
21 20
21 0


750 21 20 0
21 20
21 0


751 21 20 0
21 20
21 0


752 21 20 0
21 20
21 0


753 21 20 0
21 20
21 0


754 21 20 0
21 20
21 0


755 21 20 0
21 20
21 0


756 21 20 0
21 20
21 0


757 21 20 0
21 20
21 0


758 21 20 0
21 20
21 0


759 21 20 0
21 20
21 0


760 21 20 0
21 20
21 0


761 21 20 0
21 20
21 0


762 21 20 0
21 20
21 0


763 21 20 0
21 20
21 0


764 21 20 0
21 20
21 0


765 21 20 0
21 20
21 0


766 21 20 0
21 20
21 0


767 21 20 0
21 20
21 0


768 21 20 0
21 20
21 0


769 21 20 0
21 20
21 0


770 21 20 0
21 20
21 0


771 21 20 0
21 20
21 0


772 21 20 0
21 20
21 0


1034 1 5 16
1 5
1 16


1035 1 5 16
1 5
1 16


1036 1 5 16
1 5
1 16


1037 1 5 16
1 5
1 16


1038 1 5 16
1 5
1 16


1039 1 5 16
1 5
1 16


1040 1 5 16
1 5
1 16


1041 1 5 16
1 5
1 16


1042 1 5 16
1 5
1 16


1043 1 5 16
1 5
1 16


1044 1 5 16
1 5
1 16


1045 1 5 16
1 5
1 16


1046 1 5 16
1 5
1 16


1047 1 5 16
1 5
1 16


1048 1 5 16
1 5
1 16


1049 1 5 16
1 5
1 16


1115 6 12 17
6 12
6 17


1116 6 12 17
6 12
6 17


1117 6 12 17
6 12
6 17


1118 6 12 17
6 12
6 17


1119 6 12 17
6 12
6 17


1120 6 12 17
6 12
6 17


1121 6 12 17
6 12
6 17


1122 6 12 17
6 12
6 17


1123 6 12 17
6 12
6 17


1124 6 12 17
6 12
6 17


1125 6 12 17
6 12
6 17


1126 6 12 17
6 12
6 17


1127 6 12 17
6 12
6 17


1128 6 12 17
6 12
6 17


1129 6 12 17
6 12
6 17


1130 6 12 17
6 12
6 17


1973 18 8 7
18 8
18 7


1974 18 8 7
18 8
18 7


1975 18 8 7
18 8
18 7


1976 18 8 7
18 8
18 7


1977 18 8 7
18 8
18 7


1978 18 8 7
18 8
18 7


1979 18 8 7
18 8
18 7


1980 18 8 7
18 8
18 7


1981 18 8 7
18 8
18 7


1982 18 8 7
18 8
18 7


1983 18 8 7
18 8
18 7


1984 18 8 7
18 8
18 7


1985 18 8 7
18 8
18 7


1986 18 8 7
18 8
18 7


1987 18 8 7
18 8
18 7


1988 18 8 7
18 8
18 7


1989 18 8 7
18 8
18 7


1990 18 8 7
18 8
18 7


1991 18 8 7
18 8
18 7


1992 18 8 7
18 8
18 7


1993 18 8 7
18 8
18 7


1994 18 8 7
18 8
18 7


1995 18 8 7
18 8
18 7


1996 18 8 7
18 8
18 7


1997 18 8 7
18 8
18 7


1998 18 8 7
18 8
18 7


1999 18 8 7
18 8
18 7


2000 18 8 7
18 8
18 7


2001 18 8 7
18 8
18 7


2002 18 8 7
18 8
18 7


2003 18 8 7
18 8
18 7


2004 18 8 7
18 8
18 7


2005 18 8 7
18 8
18 7


2006 18 8 7
18 8
18 7


2007 18 8 7
18 8
18 7


2008 18 8 7
18 8
18 7


2009 18 8 7
18 8
18 7


2010 18 8 7
18 8
18 7


2011 18 8 7
18 8
18 7


2012 18 8 7
18 8
18 7


2013 18 8 7
18 8
18 7


2014 18 8 7
18 8
18 7


2015 18 8 7
18 8
18 7


2016 18 8 7
18 8
18 7


2017 18 8 7
18 8
18 7


2018 18 8 7
18 8
18 7


2019 18 8 7
18 8
18 7


2020 18 8 7
18 8
18 7


2021 18 8 7
18 8
18 7


2022 18 8 7
18 8
18 7


2023 18 8 7
18 8
18 7


2024 18 8 7
18 8
18 7


2025 18 8 7
18 8
18 7


2026 18 8 7
18 8
18 7


2027 18 8 7
18 8
18 7


2028 18 8 7
18 8
18 7


2029 18 8 7
18 8
18 7


2030 18 8 7
18 8
18 7


2031 18 8 7
18 8
18 7


2032 18 8 7
18 8
18 7


2033 18 8 7
18 8
18 7


2034 18 8 7
18 8
18 7


2035 18 8 7
18 8
18 7


2036 18 8 7
18 8
18 7


2037 18 8 7
18 8
18 7


2038 18 8 7
18 8
18 7


2039 18 8 7
18 8
18 7


2040 18 8 7
18 8
18 7


2041 18 8 7
18 8
18 7


2042 18 8 7
18 8
18 7


2043 18 8 7
18 8
18 7


2044 18 8 7
18 8
18 7


2045 18 8 7
18 8
18 7


2046 18 8 7
18 8
18 7


2047 18 8 7
18 8
18 7


2048 18 8 7
18 8
18 7


2049 18 8 7
18 8
18 7


2050 18 8 7
18 8
18 7


2051 18 8 7
18 8
18 7


2052 18 8 7
18 8
18 7


2053 18 8 7
18 8
18 7


2054 18 8 7
18 8
18 7


2055 18 8 7
18 8
18 7


2056 18 8 7
18 8
18 7


2057 18 8 7
18 8
18 7


2058 18 8 7
18 8
18 7


2059 18 8 7
18 8
18 7


2060 18 8 7
18 8
18 7


2061 18 8 7
18 8
18 7


2062 18 8 7
18 8
18 7


2063 18 8 7
18 8
18 7


2064 18 8 7
18 8
18 7


2065 18 8 7
18 8
18 7


2066 18 8 7
18 8
18 7


2067 18 8 7
18 8
18 7


2068 18 8 7
18 8
18 7


2069 18 8 7
18 8
18 7


2070 18 8 7
18 8
18 7


2071 18 8 7
18 8
18 7


2072 18 8 7
18 8
18 7


2073 18 8 7
18 8
18 7


2074 18 8 7
18 8
18 7


2075 18 8 7
18 8
18 7


2076 18 8 7
18 8
18 7


2077 18 8 7
18 8
18 7


2078 18 8 7
18 8
18 7


2079 18 8 7
18 8
18 7


2080 18 8 7
18 8
18 7


2081 18 8 7
18 8
18 7


2082 18 8 7
18 8
18 7


2083 18 8 7
18 8
18 7


2084 18 8 7
18 8
18 7


2085 18 8 7
18 8
18 7


2086 18 8 7
18 8
18 7


2087 18 8 7
18 8
18 7


2088 18 8 7
18 8
18 7


2089 18 8 7
18 8
18 7


2090 18 8 7
18 8
18 7


2091 18 8 7
18 8
18 7


2092 18 8 7
18 8
18 7


2093 18 8 7
18 8
18 7


2094 18 8 7
18 8
18 7


2095 18 8 7
18 8
18 7


2096 18 8 7
18 8
18 7


2097 18 8 7
18 8
18 7


2098 18 8 7
18 8
18 7


2099 18 8 7
18 8
18 7


2100 18 8 7
18 8
18 7


3401 17 7 4
17 7
17 4


3402 17 7 4
17 7
17 4


3403 17 7 4
17 7
17 4


3404 17 7 4
17 7
17 4


3405 17 7 4
17 7
17 4


3406 17 7 4
17 7
17 4


3407 17 7 4
17 7
17 4


3408 17 7 4
17 7
17 4


3409 17 7 4
17 7
17 4


3410 17 7 4
17 7
17 4


3411 17 7 4
17 7
17 4


3412 17 7 4
17 7
17 4


3413 17 7 4
17 7
17 4


3414 17 7 4
17 7
17 4


3415 17 7 4
17 7
17 4


3416 17 7 4
17 7
17 4


3417 17 7 4
17 7
17 4


3418 17 7 4
17 7
17 4


3419 17 7 4
17 7
17 4


3420 17 7 4
17 7
17 4


3421 17 7 4
17 7
17 4


3422 17 7 4
17 7
17 4


3423 17 7 4
17 7
17 4


3424 17 7 4
17 7
17 4


3425 17 7 4
17 7
17 4


3426 17 7 4
17 7
17 4


3427 17 7 4
17 7
17 4


3428 17 7 4
17 7
17 4


3429 17 7 4
17 7
17 4


3430 17 7 4
17 7
17 4


3431 17 7 4
17 7
17 4


3432 17 7 4
17 7
17 4


3433 17 7 4
17 7
17 4


3434 17 7 4
17 7
17 4


3435 17 7 4
17 7
17 4


3436 17 7 4
17 7
17 4


3437 17 7 4
17 7
17 4


3438 17 7 4
17 7
17 4


3439 17 7 4
17 7
17 4


3440 17 7 4
17 7
17 4


3441 17 7 4
17 7
17 4


3442 17 7 4
17 7
17 4


3443 17 7 4
17 7
17 4


3444 17 7 4
17 7
17 4


3445 17 7 4
17 7
17 4


3446 17 7 4
17 7
17 4


3447 17 7 4
17 7
17 4


3448 17 7 4
17 7
17 4


3449 17 7 4
17 7
17 4


3450 17 7 4
17 7
17 4


3451 17 7 4
17 7
17 4


3452 17 7 4
17 7
17 4


3453 17 7 4
17 7
17 4


3454 17 7 4
17 7
17 4


3455 17 7 4
17 7
17 4


3456 17 7 4
17 7
17 4


3457 17 7 4
17 7
17 4


3458 17 7 4
17 7
17 4


3459 17 7 4
17 7
17 4


3460 17 7 4
17 7
17 4


3461 17 7 4
17 7
17 4


3462 17 7 4
17 7
17 4


3463 17 7 4
17 7
17 4


3464 17 7 4
17 7
17 4


3465 17 7 4
17 7
17 4


3466 17 7 4
17 7
17 4


3467 17 7 4
17 7
17 4


3468 17 7 4
17 7
17 4


3469 17 7 4
17 7
17 4


3470 17 7 4
17 7
17 4


3471 17 7 4
17 7
17 4


3472 17 7 4
17 7
17 4


3473 17 7 4
17 7
17 4


3474 17 7 4
17 7
17 4


3475 17 7 4
17 7
17 4


3476 17 7 4
17 7
17 4


3477 17 7 4
17 7
17 4


3478 17 7 4
17 7
17 4


3479 17 7 4
17 7
17 4


3480 17 7 4
17 7
17 4


3481 17 7 4
17 7
17 4


3482 17 7 4
17 7
17 4


3483 17 7 4
17 7
17 4


3484 17 7 4
17 7
17 4


3485 17 7 4
17 7
17 4


3486 17 7 4
17 7
17 4


3487 17 7 4
17 7
17 4


3488 17 7 4
17 7
17 4


3489 17 7 4
17 7
17 4


3490 17 7 4
17 7
17 4


3491 17 7 4
17 7
17 4


3492 17 7 4
17 7
17 4


3493 17 7 4
17 7
17 4


3494 17 7 4
17 7
17 4


3495 17 7 4
17 7
17 4


3496 17 7 4
17 7
17 4


3497 17 7 4
17 7
17 4


3498 17 7 4
17 7
17 4


3499 17 7 4
17 7
17 4


3500 17 7 4
17 7
17 4


3501 17 7 4
17 7
17 4


3502 17 7 4
17 7
17 4


3503 17 7 4
17 7
17 4


3504 17 7 4
17 7
17 4


3505 17 7 4
17 7
17 4


3506 17 7 4
17 7
17 4


3507 17 7 4
17 7
17 4


3508 17 7 4
17 7
17 4


3509 17 7 4
17 7
17 4


3510 17 7 4
17 7
17 4


3511 17 7 4
17 7
17 4


3512 17 7 4
17 7
17 4


3513 17 7 4
17 7
17 4


3514 17 7 4
17 7
17 4


3515 17 7 4
17 7
17 4


3516 17 7 4
17 7
17 4


3517 17 7 4
17 7
17 4


3518 17 7 4
17 7
17 4


3519 17 7 4
17 7
17 4


3520 17 7 4
17 7
17 4


3521 17 7 4
17 7
17 4


3522 17 7 4
17 7
17 4


3523 17 7 4
17 7
17 4


3524 17 7 4
17 7
17 4


3525 17 7 4
17 7
17 4


3526 17 7 4
17 7
17 4


3527 17 7 4
17 7
17 4


3528 17 7 4
17 7
17 4


4829 9 21 20
9 21
9 20


4830 9 21 20
9 21
9 20


4831 9 21 20
9 21
9 20


4832 9 21 20
9 21
9 20


4833 9 21 20
9 21
9 20


4834 9 21 20
9 21
9 20


4835 9 21 20
9 21
9 20


4836 9 21 20
9 21
9 20


4837 9 21 20
9 21
9 20


4838 9 21 20
9 21
9 20


4839 9 21 20
9 21
9 20


4840 9 21 20
9 21
9 20


4841 9 21 20
9 21
9 20


4842 9 21 20
9 21
9 20


4843 9 21 20
9 21
9 20


4844 9 21 20
9 21
9 20


4845 9 21 20
9 21
9 20


4846 9 21 20
9 21
9 20


4847 9 21 20
9 21
9 20


4848 9 21 20
9 21
9 20


4849 9 21 20
9 21
9 20


4850 9 21 20
9 21
9 20


4851 9 21 20
9 21
9 20


4852 9 21 20
9 21
9 20


4853 9 21 20
9 21
9 20


4854 9 21 20
9 21
9 20


4855 9 21 20
9 21
9 20


4856 9 21 20
9 21
9 20


4857 9 21 20
9 21
9 20


4858 9 21 20
9 21
9 20


4859 9 21 20
9 21
9 20


4860 9 21 20
9 21
9 20


4861 9 21 20
9 21
9 20


4862 9 21 20
9 21
9 20


4863 9 21 20
9 21
9 20


4864 9 21 20
9 21
9 20


4865 9 21 20
9 21
9 20


4866 9 21 20
9 21
9 20


4867 9 21 20
9 21
9 20


4868 9 21 20
9 21
9 20


4869 9 21 20
9 21
9 20


4870 9 21 20
9 21
9 20


4871 9 21 20
9 21
9 20


4872 9 21 20
9 21
9 20


4873 9 21 20
9 21
9 20


4874 9 21 20
9 21
9 20


4875 9 21 20
9 21
9 20


4876 9 21 20
9 21
9 20


4877 9 21 20
9 21
9 20


4878 9 21 20
9 21
9 20


4879 9 21 20
9 21
9 20


4880 9 21 20
9 21
9 20


4881 9 21 20
9 21
9 20


4882 9 21 20
9 21
9 20


4883 9 21 20
9 21
9 20


4884 9 21 20
9 21
9 20


4885 9 21 20
9 21
9 20


4886 9 21 20
9 21
9 20


4887 9 21 20
9 21
9 20


4888 9 21 20
9 21
9 20


4889 9 21 20
9 21
9 20


4890 9 21 20
9 21
9 20


4891 9 21 20
9 21
9 20


4892 9 21 20
9 21
9 20


4893 9 21 20
9 21
9 20


4894 9 21 20
9 21
9 20


4895 9 21 20
9 21
9 20


4896 9 21 20
9 21
9 20


4897 9 21 20
9 21
9 20


4898 9 21 20
9 21
9 20


4899 9 21 20
9 21
9 20


4900 9 21 20
9 21
9 20


4901 9 21 20
9 21
9 20


4902 9 21 20
9 21
9 20


4903 9 21 20
9 21
9 20


4904 9 21 20
9 21
9 20


4905 9 21 20
9 21
9 20


4906 9 21 20
9 21
9 20


4907 9 21 20
9 21
9 20


4908 9 21 20
9 21
9 20


4909 9 21 20
9 21
9 20


4910 9 21 20
9 21
9 20


4911 9 21 20
9 21
9 20


4912 9 21 20
9 21
9 20


4913 9 21 20
9 21
9 20


4914 9 21 20
9 21
9 20


4915 9 21 20
9 21
9 20


4916 9 21 20
9 21
9 20


4917 9 21 20
9 21
9 20


4918 9 21 20
9 21
9 20


4919 9 21 20
9 21
9 20


4920 9 21 20
9 21
9 20


4921 9 21 20
9 21
9 20


4922 9 21 20
9 21
9 20


4923 9 21 20
9 21
9 20


4924 9 21 20
9 21
9 20


4925 9 21 20
9 21
9 20


4926 9 21 20
9 21
9 20


4927 9 21 20
9 21
9 20


4928 9 21 20
9 21
9 20


4929 9 21 20
9 21
9 20


4930 9 21 20
9 21
9 20


4931 9 21 20
9 21
9 20


4932 9 21 20
9 21
9 20


4933 9 21 20
9 21
9 20


4934 9 21 20
9 21
9 20


4935 9 21 20
9 21
9 20


4936 9 21 20
9 21
9 20


4937 9 21 20
9 21
9 20


4938 9 21 20
9 21
9 20


4939 9 21 20
9 21
9 20


4940 9 21 20
9 21
9 20


4941 9 21 20
9 21
9 20


4942 9 21 20
9 21
9 20


4943 9 21 20
9 21
9 20


4944 9 21 20
9 21
9 20


4945 9 21 20
9 21
9 20


4946 9 21 20
9 21
9 20


4947 9 21 20
9 21
9 20


4948 9 21 20
9 21
9 20


4949 9 21 20
9 21
9 20


4950 9 21 20
9 21
9 20


4951 9 21 20
9 21
9 20


4952 9 21 20
9 21
9 20


4953 9 21 20
9 21
9 20


4954 9 21 20
9 21
9 20


4955 9 21 20
9 21
9 20


4956 9 21 20
9 21
9 20


6257 4 6 5
4 6
4 5


6258 4 6 5
4 6
4 5


6259 4 6 5
4 6
4 5


6260 4 6 5
4 6
4 5


6261 4 6 5
4 6
4 5


6262 4 6 5
4 6
4 5


6263 4 6 5
4 6
4 5


6264 4 6 5
4 6
4 5


6265 4 6 5
4 6
4 5


6266 4 6 5
4 6
4 5


6267 4 6 5
4 6
4 5


6268 4 6 5
4 6
4 5


6269 4 6 5
4 6
4 5


6270 4 6 5
4 6
4 5


6271 4 6 5
4 6
4 5


6272 4 6 5
4 6
4 5


6273 4 6 5
4 6
4 5


6274 4 6 5
4 6
4 5


6275 4 6 5
4 6
4 5


6276 4 6 5
4 6
4 5


6277 4 6 5
4 6
4 5


6278 4 6 5
4 6
4 5


6279 4 6 5
4 6
4 5


6280 4 6 5
4 6
4 5


6281 4 6 5
4 6
4 5


6282 4 6 5
4 6
4 5


6283 4 6 5
4 6
4 5


6284 4 6 5
4 6
4 5


6285 4 6 5
4 6
4 5


6286 4 6 5
4 6
4 5


6287 4 6 5
4 6
4 5


6288 4 6 5
4 6
4 5


6289 4 6 5
4 6
4 5


6290 4 6 5
4 6
4 5


6291 4 6 5
4 6
4 5


6292 4 6 5
4 6
4 5


6293 4 6 5
4 6
4 5


6294 4 6 5
4 6
4 5


6295 4 6 5
4 6
4 5


6296 4 6 5
4 6
4 5


6297 4 6 5
4 6
4 5


6298 4 6 5
4 6
4 5


6299 4 6 5
4 6
4 5


6300 4 6 5
4 6
4 5


6301 4 6 5
4 6
4 5


6302 4 6 5
4 6
4 5


6303 4 6 5
4 6
4 5


6304 4 6 5
4 6
4 5


6305 4 6 5
4 6
4 5


6306 4 6 5
4 6
4 5


6307 4 6 5
4 6
4 5


6308 4 6 5
4 6
4 5


6309 4 6 5
4 6
4 5


6310 4 6 5
4 6
4 5


6311 4 6 5
4 6
4 5


6312 4 6 5
4 6
4 5


6313 4 6 5
4 6
4 5


6314 4 6 5
4 6
4 5


6315 4 6 5
4 6
4 5


6316 4 6 5
4 6
4 5


6317 4 6 5
4 6
4 5


6318 4 6 5
4 6
4 5


6319 4 6 5
4 6
4 5


6320 4 6 5
4 6
4 5


6321 4 6 5
4 6
4 5


6322 4 6 5
4 6
4 5


6323 4 6 5
4 6
4 5


6324 4 6 5
4 6
4 5


6325 4 6 5
4 6
4 5


6326 4 6 5
4 6
4 5


6327 4 6 5
4 6
4 5


6328 4 6 5
4 6
4 5


6329 4 6 5
4 6
4 5


6330 4 6 5
4 6
4 5


6331 4 6 5
4 6
4 5


6332 4 6 5
4 6
4 5


6333 4 6 5
4 6
4 5


6334 4 6 5
4 6
4 5


6335 4 6 5
4 6
4 5


6336 4 6 5
4 6
4 5


6337 4 6 5
4 6
4 5


6338 4 6 5
4 6
4 5


6339 4 6 5
4 6
4 5


6340 4 6 5
4 6
4 5


6341 4 6 5
4 6
4 5


6342 4 6 5
4 6
4 5


6343 4 6 5
4 6
4 5


6344 4 6 5
4 6
4 5


6345 4 6 5
4 6
4 5


6346 4 6 5
4 6
4 5


6347 4 6 5
4 6
4 5


6348 4 6 5
4 6
4 5


6349 4 6 5
4 6
4 5


6350 4 6 5
4 6
4 5


6351 4 6 5
4 6
4 5


6352 4 6 5
4 6
4 5


6353 4 6 5
4 6
4 5


6354 4 6 5
4 6
4 5


6355 4 6 5
4 6
4 5


6356 4 6 5
4 6
4 5


6357 4 6 5
4 6
4 5


6358 4 6 5
4 6
4 5


6359 4 6 5
4 6
4 5


6360 4 6 5
4 6
4 5


6361 4 6 5
4 6
4 5


6362 4 6 5
4 6
4 5


6363 4 6 5
4 6
4 5


6364 4 6 5
4 6
4 5


6365 4 6 5
4 6
4 5


6366 4 6 5
4 6
4 5


6367 4 6 5
4 6
4 5


6368 4 6 5
4 6
4 5


6369 4 6 5
4 6
4 5


6370 4 6 5
4 6
4 5


6371 4 6 5
4 6
4 5


6372 4 6 5
4 6
4 5


6373 4 6 5
4 6
4 5


6374 4 6 5
4 6
4 5


6375 4 6 5
4 6
4 5


6376 4 6 5
4 6
4 5


6377 4 6 5
4 6
4 5


6378 4 6 5
4 6
4 5


6379 4 6 5
4 6
4 5


6380 4 6 5
4 6
4 5


6381 4 6 5
4 6
4 5


6382 4 6 5
4 6
4 5


6383 4 6 5
4 6
4 5


6384 4 6 5
4 6
4 5


