0 4 1 9
4 1
4 9


1 4 1 9
4 1
4 9


2 4 1 9
4 1
4 9


3 4 1 9
4 1
4 9


4 4 1 9
4 1
4 9


5 4 1 9
4 1
4 9


6 4 1 9
4 1
4 9


7 4 1 9
4 1
4 9


8 4 1 9
4 1
4 9


9 4 1 9
4 1
4 9


10 4 1 9
4 1
4 9


11 4 1 9
4 1
4 9


12 4 1 9
4 1
4 9


13 4 1 9
4 1
4 9


14 4 1 9
4 1
4 9


15 4 1 9
4 1
4 9


81 0 47 46
0 47
0 46


82 0 47 46
0 47
0 46


83 0 47 46
0 47
0 46


84 0 47 46
0 47
0 46


85 0 47 46
0 47
0 46


86 0 47 46
0 47
0 46


87 0 47 46
0 47
0 46


88 0 47 46
0 47
0 46


89 0 47 46
0 47
0 46


90 0 47 46
0 47
0 46


91 0 47 46
0 47
0 46


92 0 47 46
0 47
0 46


93 0 47 46
0 47
0 46


94 0 47 46
0 47
0 46


95 0 47 46
0 47
0 46


96 0 47 46
0 47
0 46


162 54 19 11
54 19
54 11


163 54 19 11
54 19
54 11


164 54 19 11
54 19
54 11


165 54 19 11
54 19
54 11


166 54 19 11
54 19
54 11


167 54 19 11
54 19
54 11


168 54 19 11
54 19
54 11


169 54 19 11
54 19
54 11


170 54 19 11
54 19
54 11


171 54 19 11
54 19
54 11


172 54 19 11
54 19
54 11


173 54 19 11
54 19
54 11


174 54 19 11
54 19
54 11


175 54 19 11
54 19
54 11


176 54 19 11
54 19
54 11


177 54 19 11
54 19
54 11


243 10 23 30
10 23
10 30


244 10 23 30
10 23
10 30


245 10 23 30
10 23
10 30


246 10 23 30
10 23
10 30


247 10 23 30
10 23
10 30


248 10 23 30
10 23
10 30


249 10 23 30
10 23
10 30


250 10 23 30
10 23
10 30


251 10 23 30
10 23
10 30


252 10 23 30
10 23
10 30


253 10 23 30
10 23
10 30


254 10 23 30
10 23
10 30


255 10 23 30
10 23
10 30


256 10 23 30
10 23
10 30


257 10 23 30
10 23
10 30


258 10 23 30
10 23
10 30


324 29 21 20
29 21
29 20


325 29 21 20
29 21
29 20


326 29 21 20
29 21
29 20


327 29 21 20
29 21
29 20


328 29 21 20
29 21
29 20


329 29 21 20
29 21
29 20


330 29 21 20
29 21
29 20


331 29 21 20
29 21
29 20


332 29 21 20
29 21
29 20


333 29 21 20
29 21
29 20


334 29 21 20
29 21
29 20


335 29 21 20
29 21
29 20


336 29 21 20
29 21
29 20


337 29 21 20
29 21
29 20


338 29 21 20
29 21
29 20


339 29 21 20
29 21
29 20


340 29 21 20
29 21
29 20


341 29 21 20
29 21
29 20


342 29 21 20
29 21
29 20


343 29 21 20
29 21
29 20


344 29 21 20
29 21
29 20


345 29 21 20
29 21
29 20


346 29 21 20
29 21
29 20


347 29 21 20
29 21
29 20


348 29 21 20
29 21
29 20


349 29 21 20
29 21
29 20


350 29 21 20
29 21
29 20


351 29 21 20
29 21
29 20


352 29 21 20
29 21
29 20


353 29 21 20
29 21
29 20


354 29 21 20
29 21
29 20


355 29 21 20
29 21
29 20


356 29 21 20
29 21
29 20


357 29 21 20
29 21
29 20


358 29 21 20
29 21
29 20


359 29 21 20
29 21
29 20


360 29 21 20
29 21
29 20


361 29 21 20
29 21
29 20


362 29 21 20
29 21
29 20


363 29 21 20
29 21
29 20


364 29 21 20
29 21
29 20


365 29 21 20
29 21
29 20


366 29 21 20
29 21
29 20


367 29 21 20
29 21
29 20


368 29 21 20
29 21
29 20


369 29 21 20
29 21
29 20


370 29 21 20
29 21
29 20


371 29 21 20
29 21
29 20


372 29 21 20
29 21
29 20


373 29 21 20
29 21
29 20


374 29 21 20
29 21
29 20


375 29 21 20
29 21
29 20


376 29 21 20
29 21
29 20


377 29 21 20
29 21
29 20


378 29 21 20
29 21
29 20


379 29 21 20
29 21
29 20


380 29 21 20
29 21
29 20


381 29 21 20
29 21
29 20


382 29 21 20
29 21
29 20


383 29 21 20
29 21
29 20


384 29 21 20
29 21
29 20


385 29 21 20
29 21
29 20


386 29 21 20
29 21
29 20


387 29 21 20
29 21
29 20


645 28 36 44
28 36
28 44


646 28 36 44
28 36
28 44


647 28 36 44
28 36
28 44


648 28 36 44
28 36
28 44


649 28 36 44
28 36
28 44


650 28 36 44
28 36
28 44


651 28 36 44
28 36
28 44


652 28 36 44
28 36
28 44


653 28 36 44
28 36
28 44


654 28 36 44
28 36
28 44


655 28 36 44
28 36
28 44


656 28 36 44
28 36
28 44


657 28 36 44
28 36
28 44


658 28 36 44
28 36
28 44


659 28 36 44
28 36
28 44


660 28 36 44
28 36
28 44


661 28 36 44
28 36
28 44


662 28 36 44
28 36
28 44


663 28 36 44
28 36
28 44


664 28 36 44
28 36
28 44


665 28 36 44
28 36
28 44


666 28 36 44
28 36
28 44


667 28 36 44
28 36
28 44


668 28 36 44
28 36
28 44


669 28 36 44
28 36
28 44


670 28 36 44
28 36
28 44


671 28 36 44
28 36
28 44


672 28 36 44
28 36
28 44


673 28 36 44
28 36
28 44


674 28 36 44
28 36
28 44


675 28 36 44
28 36
28 44


676 28 36 44
28 36
28 44


677 28 36 44
28 36
28 44


678 28 36 44
28 36
28 44


679 28 36 44
28 36
28 44


680 28 36 44
28 36
28 44


681 28 36 44
28 36
28 44


682 28 36 44
28 36
28 44


683 28 36 44
28 36
28 44


684 28 36 44
28 36
28 44


685 28 36 44
28 36
28 44


686 28 36 44
28 36
28 44


687 28 36 44
28 36
28 44


688 28 36 44
28 36
28 44


689 28 36 44
28 36
28 44


690 28 36 44
28 36
28 44


691 28 36 44
28 36
28 44


692 28 36 44
28 36
28 44


693 28 36 44
28 36
28 44


694 28 36 44
28 36
28 44


695 28 36 44
28 36
28 44


696 28 36 44
28 36
28 44


697 28 36 44
28 36
28 44


698 28 36 44
28 36
28 44


699 28 36 44
28 36
28 44


700 28 36 44
28 36
28 44


701 28 36 44
28 36
28 44


702 28 36 44
28 36
28 44


703 28 36 44
28 36
28 44


704 28 36 44
28 36
28 44


705 28 36 44
28 36
28 44


706 28 36 44
28 36
28 44


707 28 36 44
28 36
28 44


708 28 36 44
28 36
28 44


709 28 36 44
28 36
28 44


710 28 36 44
28 36
28 44


711 28 36 44
28 36
28 44


712 28 36 44
28 36
28 44


713 28 36 44
28 36
28 44


714 28 36 44
28 36
28 44


715 28 36 44
28 36
28 44


716 28 36 44
28 36
28 44


717 28 36 44
28 36
28 44


718 28 36 44
28 36
28 44


719 28 36 44
28 36
28 44


720 28 36 44
28 36
28 44


721 28 36 44
28 36
28 44


722 28 36 44
28 36
28 44


723 28 36 44
28 36
28 44


724 28 36 44
28 36
28 44


725 28 36 44
28 36
28 44


726 28 36 44
28 36
28 44


727 28 36 44
28 36
28 44


728 28 36 44
28 36
28 44


729 28 36 44
28 36
28 44


730 28 36 44
28 36
28 44


731 28 36 44
28 36
28 44


732 28 36 44
28 36
28 44


733 28 36 44
28 36
28 44


734 28 36 44
28 36
28 44


735 28 36 44
28 36
28 44


736 28 36 44
28 36
28 44


737 28 36 44
28 36
28 44


738 28 36 44
28 36
28 44


739 28 36 44
28 36
28 44


740 28 36 44
28 36
28 44


741 28 36 44
28 36
28 44


742 28 36 44
28 36
28 44


743 28 36 44
28 36
28 44


744 28 36 44
28 36
28 44


745 28 36 44
28 36
28 44


746 28 36 44
28 36
28 44


747 28 36 44
28 36
28 44


748 28 36 44
28 36
28 44


749 28 36 44
28 36
28 44


750 28 36 44
28 36
28 44


751 28 36 44
28 36
28 44


752 28 36 44
28 36
28 44


753 28 36 44
28 36
28 44


754 28 36 44
28 36
28 44


755 28 36 44
28 36
28 44


756 28 36 44
28 36
28 44


757 28 36 44
28 36
28 44


758 28 36 44
28 36
28 44


759 28 36 44
28 36
28 44


760 28 36 44
28 36
28 44


761 28 36 44
28 36
28 44


762 28 36 44
28 36
28 44


763 28 36 44
28 36
28 44


764 28 36 44
28 36
28 44


765 28 36 44
28 36
28 44


766 28 36 44
28 36
28 44


767 28 36 44
28 36
28 44


768 28 36 44
28 36
28 44


769 28 36 44
28 36
28 44


770 28 36 44
28 36
28 44


771 28 36 44
28 36
28 44


772 28 36 44
28 36
28 44


1034 45 38 47
45 38
45 47


1035 45 38 47
45 38
45 47


1036 45 38 47
45 38
45 47


1037 45 38 47
45 38
45 47


1038 45 38 47
45 38
45 47


1039 45 38 47
45 38
45 47


1040 45 38 47
45 38
45 47


1041 45 38 47
45 38
45 47


1042 45 38 47
45 38
45 47


1043 45 38 47
45 38
45 47


1044 45 38 47
45 38
45 47


1045 45 38 47
45 38
45 47


1046 45 38 47
45 38
45 47


1047 45 38 47
45 38
45 47


1048 45 38 47
45 38
45 47


1049 45 38 47
45 38
45 47


1115 37 54 55
37 54
37 55


1116 37 54 55
37 54
37 55


1117 37 54 55
37 54
37 55


1118 37 54 55
37 54
37 55


1119 37 54 55
37 54
37 55


1120 37 54 55
37 54
37 55


1121 37 54 55
37 54
37 55


1122 37 54 55
37 54
37 55


1123 37 54 55
37 54
37 55


1124 37 54 55
37 54
37 55


1125 37 54 55
37 54
37 55


1126 37 54 55
37 54
37 55


1127 37 54 55
37 54
37 55


1128 37 54 55
37 54
37 55


1129 37 54 55
37 54
37 55


1130 37 54 55
37 54
37 55


1973 17 27 19
17 27
17 19


1974 17 27 19
17 27
17 19


1975 17 27 19
17 27
17 19


1976 17 27 19
17 27
17 19


1977 17 27 19
17 27
17 19


1978 17 27 19
17 27
17 19


1979 17 27 19
17 27
17 19


1980 17 27 19
17 27
17 19


1981 17 27 19
17 27
17 19


1982 17 27 19
17 27
17 19


1983 17 27 19
17 27
17 19


1984 17 27 19
17 27
17 19


1985 17 27 19
17 27
17 19


1986 17 27 19
17 27
17 19


1987 17 27 19
17 27
17 19


1988 17 27 19
17 27
17 19


1989 17 27 19
17 27
17 19


1990 17 27 19
17 27
17 19


1991 17 27 19
17 27
17 19


1992 17 27 19
17 27
17 19


1993 17 27 19
17 27
17 19


1994 17 27 19
17 27
17 19


1995 17 27 19
17 27
17 19


1996 17 27 19
17 27
17 19


1997 17 27 19
17 27
17 19


1998 17 27 19
17 27
17 19


1999 17 27 19
17 27
17 19


2000 17 27 19
17 27
17 19


2001 17 27 19
17 27
17 19


2002 17 27 19
17 27
17 19


2003 17 27 19
17 27
17 19


2004 17 27 19
17 27
17 19


2005 17 27 19
17 27
17 19


2006 17 27 19
17 27
17 19


2007 17 27 19
17 27
17 19


2008 17 27 19
17 27
17 19


2009 17 27 19
17 27
17 19


2010 17 27 19
17 27
17 19


2011 17 27 19
17 27
17 19


2012 17 27 19
17 27
17 19


2013 17 27 19
17 27
17 19


2014 17 27 19
17 27
17 19


2015 17 27 19
17 27
17 19


2016 17 27 19
17 27
17 19


2017 17 27 19
17 27
17 19


2018 17 27 19
17 27
17 19


2019 17 27 19
17 27
17 19


2020 17 27 19
17 27
17 19


2021 17 27 19
17 27
17 19


2022 17 27 19
17 27
17 19


2023 17 27 19
17 27
17 19


2024 17 27 19
17 27
17 19


2025 17 27 19
17 27
17 19


2026 17 27 19
17 27
17 19


2027 17 27 19
17 27
17 19


2028 17 27 19
17 27
17 19


2029 17 27 19
17 27
17 19


2030 17 27 19
17 27
17 19


2031 17 27 19
17 27
17 19


2032 17 27 19
17 27
17 19


2033 17 27 19
17 27
17 19


2034 17 27 19
17 27
17 19


2035 17 27 19
17 27
17 19


2036 17 27 19
17 27
17 19


2037 17 27 19
17 27
17 19


2038 17 27 19
17 27
17 19


2039 17 27 19
17 27
17 19


2040 17 27 19
17 27
17 19


2041 17 27 19
17 27
17 19


2042 17 27 19
17 27
17 19


2043 17 27 19
17 27
17 19


2044 17 27 19
17 27
17 19


2045 17 27 19
17 27
17 19


2046 17 27 19
17 27
17 19


2047 17 27 19
17 27
17 19


2048 17 27 19
17 27
17 19


2049 17 27 19
17 27
17 19


2050 17 27 19
17 27
17 19


2051 17 27 19
17 27
17 19


2052 17 27 19
17 27
17 19


2053 17 27 19
17 27
17 19


2054 17 27 19
17 27
17 19


2055 17 27 19
17 27
17 19


2056 17 27 19
17 27
17 19


2057 17 27 19
17 27
17 19


2058 17 27 19
17 27
17 19


2059 17 27 19
17 27
17 19


2060 17 27 19
17 27
17 19


2061 17 27 19
17 27
17 19


2062 17 27 19
17 27
17 19


2063 17 27 19
17 27
17 19


2064 17 27 19
17 27
17 19


2065 17 27 19
17 27
17 19


2066 17 27 19
17 27
17 19


2067 17 27 19
17 27
17 19


2068 17 27 19
17 27
17 19


2069 17 27 19
17 27
17 19


2070 17 27 19
17 27
17 19


2071 17 27 19
17 27
17 19


2072 17 27 19
17 27
17 19


2073 17 27 19
17 27
17 19


2074 17 27 19
17 27
17 19


2075 17 27 19
17 27
17 19


2076 17 27 19
17 27
17 19


2077 17 27 19
17 27
17 19


2078 17 27 19
17 27
17 19


2079 17 27 19
17 27
17 19


2080 17 27 19
17 27
17 19


2081 17 27 19
17 27
17 19


2082 17 27 19
17 27
17 19


2083 17 27 19
17 27
17 19


2084 17 27 19
17 27
17 19


2085 17 27 19
17 27
17 19


2086 17 27 19
17 27
17 19


2087 17 27 19
17 27
17 19


2088 17 27 19
17 27
17 19


2089 17 27 19
17 27
17 19


2090 17 27 19
17 27
17 19


2091 17 27 19
17 27
17 19


2092 17 27 19
17 27
17 19


2093 17 27 19
17 27
17 19


2094 17 27 19
17 27
17 19


2095 17 27 19
17 27
17 19


2096 17 27 19
17 27
17 19


2097 17 27 19
17 27
17 19


2098 17 27 19
17 27
17 19


2099 17 27 19
17 27
17 19


2100 17 27 19
17 27
17 19


3401 29 36 44
29 36
29 44


3402 29 36 44
29 36
29 44


3403 29 36 44
29 36
29 44


3404 29 36 44
29 36
29 44


3405 29 36 44
29 36
29 44


3406 29 36 44
29 36
29 44


3407 29 36 44
29 36
29 44


3408 29 36 44
29 36
29 44


3409 29 36 44
29 36
29 44


3410 29 36 44
29 36
29 44


3411 29 36 44
29 36
29 44


3412 29 36 44
29 36
29 44


3413 29 36 44
29 36
29 44


3414 29 36 44
29 36
29 44


3415 29 36 44
29 36
29 44


3416 29 36 44
29 36
29 44


3417 29 36 44
29 36
29 44


3418 29 36 44
29 36
29 44


3419 29 36 44
29 36
29 44


3420 29 36 44
29 36
29 44


3421 29 36 44
29 36
29 44


3422 29 36 44
29 36
29 44


3423 29 36 44
29 36
29 44


3424 29 36 44
29 36
29 44


3425 29 36 44
29 36
29 44


3426 29 36 44
29 36
29 44


3427 29 36 44
29 36
29 44


3428 29 36 44
29 36
29 44


3429 29 36 44
29 36
29 44


3430 29 36 44
29 36
29 44


3431 29 36 44
29 36
29 44


3432 29 36 44
29 36
29 44


3433 29 36 44
29 36
29 44


3434 29 36 44
29 36
29 44


3435 29 36 44
29 36
29 44


3436 29 36 44
29 36
29 44


3437 29 36 44
29 36
29 44


3438 29 36 44
29 36
29 44


3439 29 36 44
29 36
29 44


3440 29 36 44
29 36
29 44


3441 29 36 44
29 36
29 44


3442 29 36 44
29 36
29 44


3443 29 36 44
29 36
29 44


3444 29 36 44
29 36
29 44


3445 29 36 44
29 36
29 44


3446 29 36 44
29 36
29 44


3447 29 36 44
29 36
29 44


3448 29 36 44
29 36
29 44


3449 29 36 44
29 36
29 44


3450 29 36 44
29 36
29 44


3451 29 36 44
29 36
29 44


3452 29 36 44
29 36
29 44


3453 29 36 44
29 36
29 44


3454 29 36 44
29 36
29 44


3455 29 36 44
29 36
29 44


3456 29 36 44
29 36
29 44


3457 29 36 44
29 36
29 44


3458 29 36 44
29 36
29 44


3459 29 36 44
29 36
29 44


3460 29 36 44
29 36
29 44


3461 29 36 44
29 36
29 44


3462 29 36 44
29 36
29 44


3463 29 36 44
29 36
29 44


3464 29 36 44
29 36
29 44


3465 29 36 44
29 36
29 44


3466 29 36 44
29 36
29 44


3467 29 36 44
29 36
29 44


3468 29 36 44
29 36
29 44


3469 29 36 44
29 36
29 44


3470 29 36 44
29 36
29 44


3471 29 36 44
29 36
29 44


3472 29 36 44
29 36
29 44


3473 29 36 44
29 36
29 44


3474 29 36 44
29 36
29 44


3475 29 36 44
29 36
29 44


3476 29 36 44
29 36
29 44


3477 29 36 44
29 36
29 44


3478 29 36 44
29 36
29 44


3479 29 36 44
29 36
29 44


3480 29 36 44
29 36
29 44


3481 29 36 44
29 36
29 44


3482 29 36 44
29 36
29 44


3483 29 36 44
29 36
29 44


3484 29 36 44
29 36
29 44


3485 29 36 44
29 36
29 44


3486 29 36 44
29 36
29 44


3487 29 36 44
29 36
29 44


3488 29 36 44
29 36
29 44


3489 29 36 44
29 36
29 44


3490 29 36 44
29 36
29 44


3491 29 36 44
29 36
29 44


3492 29 36 44
29 36
29 44


3493 29 36 44
29 36
29 44


3494 29 36 44
29 36
29 44


3495 29 36 44
29 36
29 44


3496 29 36 44
29 36
29 44


3497 29 36 44
29 36
29 44


3498 29 36 44
29 36
29 44


3499 29 36 44
29 36
29 44


3500 29 36 44
29 36
29 44


3501 29 36 44
29 36
29 44


3502 29 36 44
29 36
29 44


3503 29 36 44
29 36
29 44


3504 29 36 44
29 36
29 44


3505 29 36 44
29 36
29 44


3506 29 36 44
29 36
29 44


3507 29 36 44
29 36
29 44


3508 29 36 44
29 36
29 44


3509 29 36 44
29 36
29 44


3510 29 36 44
29 36
29 44


3511 29 36 44
29 36
29 44


3512 29 36 44
29 36
29 44


3513 29 36 44
29 36
29 44


3514 29 36 44
29 36
29 44


3515 29 36 44
29 36
29 44


3516 29 36 44
29 36
29 44


3517 29 36 44
29 36
29 44


3518 29 36 44
29 36
29 44


3519 29 36 44
29 36
29 44


3520 29 36 44
29 36
29 44


3521 29 36 44
29 36
29 44


3522 29 36 44
29 36
29 44


3523 29 36 44
29 36
29 44


3524 29 36 44
29 36
29 44


3525 29 36 44
29 36
29 44


3526 29 36 44
29 36
29 44


3527 29 36 44
29 36
29 44


3528 29 36 44
29 36
29 44


4829 34 42 41
34 42
34 41


4830 34 42 41
34 42
34 41


4831 34 42 41
34 42
34 41


4832 34 42 41
34 42
34 41


4833 34 42 41
34 42
34 41


4834 34 42 41
34 42
34 41


4835 34 42 41
34 42
34 41


4836 34 42 41
34 42
34 41


4837 34 42 41
34 42
34 41


4838 34 42 41
34 42
34 41


4839 34 42 41
34 42
34 41


4840 34 42 41
34 42
34 41


4841 34 42 41
34 42
34 41


4842 34 42 41
34 42
34 41


4843 34 42 41
34 42
34 41


4844 34 42 41
34 42
34 41


4845 34 42 41
34 42
34 41


4846 34 42 41
34 42
34 41


4847 34 42 41
34 42
34 41


4848 34 42 41
34 42
34 41


4849 34 42 41
34 42
34 41


4850 34 42 41
34 42
34 41


4851 34 42 41
34 42
34 41


4852 34 42 41
34 42
34 41


4853 34 42 41
34 42
34 41


4854 34 42 41
34 42
34 41


4855 34 42 41
34 42
34 41


4856 34 42 41
34 42
34 41


4857 34 42 41
34 42
34 41


4858 34 42 41
34 42
34 41


4859 34 42 41
34 42
34 41


4860 34 42 41
34 42
34 41


4861 34 42 41
34 42
34 41


4862 34 42 41
34 42
34 41


4863 34 42 41
34 42
34 41


4864 34 42 41
34 42
34 41


4865 34 42 41
34 42
34 41


4866 34 42 41
34 42
34 41


4867 34 42 41
34 42
34 41


4868 34 42 41
34 42
34 41


4869 34 42 41
34 42
34 41


4870 34 42 41
34 42
34 41


4871 34 42 41
34 42
34 41


4872 34 42 41
34 42
34 41


4873 34 42 41
34 42
34 41


4874 34 42 41
34 42
34 41


4875 34 42 41
34 42
34 41


4876 34 42 41
34 42
34 41


4877 34 42 41
34 42
34 41


4878 34 42 41
34 42
34 41


4879 34 42 41
34 42
34 41


4880 34 42 41
34 42
34 41


4881 34 42 41
34 42
34 41


4882 34 42 41
34 42
34 41


4883 34 42 41
34 42
34 41


4884 34 42 41
34 42
34 41


4885 34 42 41
34 42
34 41


4886 34 42 41
34 42
34 41


4887 34 42 41
34 42
34 41


4888 34 42 41
34 42
34 41


4889 34 42 41
34 42
34 41


4890 34 42 41
34 42
34 41


4891 34 42 41
34 42
34 41


4892 34 42 41
34 42
34 41


4893 34 42 41
34 42
34 41


4894 34 42 41
34 42
34 41


4895 34 42 41
34 42
34 41


4896 34 42 41
34 42
34 41


4897 34 42 41
34 42
34 41


4898 34 42 41
34 42
34 41


4899 34 42 41
34 42
34 41


4900 34 42 41
34 42
34 41


4901 34 42 41
34 42
34 41


4902 34 42 41
34 42
34 41


4903 34 42 41
34 42
34 41


4904 34 42 41
34 42
34 41


4905 34 42 41
34 42
34 41


4906 34 42 41
34 42
34 41


4907 34 42 41
34 42
34 41


4908 34 42 41
34 42
34 41


4909 34 42 41
34 42
34 41


4910 34 42 41
34 42
34 41


4911 34 42 41
34 42
34 41


4912 34 42 41
34 42
34 41


4913 34 42 41
34 42
34 41


4914 34 42 41
34 42
34 41


4915 34 42 41
34 42
34 41


4916 34 42 41
34 42
34 41


4917 34 42 41
34 42
34 41


4918 34 42 41
34 42
34 41


4919 34 42 41
34 42
34 41


4920 34 42 41
34 42
34 41


4921 34 42 41
34 42
34 41


4922 34 42 41
34 42
34 41


4923 34 42 41
34 42
34 41


4924 34 42 41
34 42
34 41


4925 34 42 41
34 42
34 41


4926 34 42 41
34 42
34 41


4927 34 42 41
34 42
34 41


4928 34 42 41
34 42
34 41


4929 34 42 41
34 42
34 41


4930 34 42 41
34 42
34 41


4931 34 42 41
34 42
34 41


4932 34 42 41
34 42
34 41


4933 34 42 41
34 42
34 41


4934 34 42 41
34 42
34 41


4935 34 42 41
34 42
34 41


4936 34 42 41
34 42
34 41


4937 34 42 41
34 42
34 41


4938 34 42 41
34 42
34 41


4939 34 42 41
34 42
34 41


4940 34 42 41
34 42
34 41


4941 34 42 41
34 42
34 41


4942 34 42 41
34 42
34 41


4943 34 42 41
34 42
34 41


4944 34 42 41
34 42
34 41


4945 34 42 41
34 42
34 41


4946 34 42 41
34 42
34 41


4947 34 42 41
34 42
34 41


4948 34 42 41
34 42
34 41


4949 34 42 41
34 42
34 41


4950 34 42 41
34 42
34 41


4951 34 42 41
34 42
34 41


4952 34 42 41
34 42
34 41


4953 34 42 41
34 42
34 41


4954 34 42 41
34 42
34 41


4955 34 42 41
34 42
34 41


4956 34 42 41
34 42
34 41


6257 18 2 12
18 2
18 12


6258 18 2 12
18 2
18 12


6259 18 2 12
18 2
18 12


6260 18 2 12
18 2
18 12


6261 18 2 12
18 2
18 12


6262 18 2 12
18 2
18 12


6263 18 2 12
18 2
18 12


6264 18 2 12
18 2
18 12


6265 18 2 12
18 2
18 12


6266 18 2 12
18 2
18 12


6267 18 2 12
18 2
18 12


6268 18 2 12
18 2
18 12


6269 18 2 12
18 2
18 12


6270 18 2 12
18 2
18 12


6271 18 2 12
18 2
18 12


6272 18 2 12
18 2
18 12


6273 18 2 12
18 2
18 12


6274 18 2 12
18 2
18 12


6275 18 2 12
18 2
18 12


6276 18 2 12
18 2
18 12


6277 18 2 12
18 2
18 12


6278 18 2 12
18 2
18 12


6279 18 2 12
18 2
18 12


6280 18 2 12
18 2
18 12


6281 18 2 12
18 2
18 12


6282 18 2 12
18 2
18 12


6283 18 2 12
18 2
18 12


6284 18 2 12
18 2
18 12


6285 18 2 12
18 2
18 12


6286 18 2 12
18 2
18 12


6287 18 2 12
18 2
18 12


6288 18 2 12
18 2
18 12


6289 18 2 12
18 2
18 12


6290 18 2 12
18 2
18 12


6291 18 2 12
18 2
18 12


6292 18 2 12
18 2
18 12


6293 18 2 12
18 2
18 12


6294 18 2 12
18 2
18 12


6295 18 2 12
18 2
18 12


6296 18 2 12
18 2
18 12


6297 18 2 12
18 2
18 12


6298 18 2 12
18 2
18 12


6299 18 2 12
18 2
18 12


6300 18 2 12
18 2
18 12


6301 18 2 12
18 2
18 12


6302 18 2 12
18 2
18 12


6303 18 2 12
18 2
18 12


6304 18 2 12
18 2
18 12


6305 18 2 12
18 2
18 12


6306 18 2 12
18 2
18 12


6307 18 2 12
18 2
18 12


6308 18 2 12
18 2
18 12


6309 18 2 12
18 2
18 12


6310 18 2 12
18 2
18 12


6311 18 2 12
18 2
18 12


6312 18 2 12
18 2
18 12


6313 18 2 12
18 2
18 12


6314 18 2 12
18 2
18 12


6315 18 2 12
18 2
18 12


6316 18 2 12
18 2
18 12


6317 18 2 12
18 2
18 12


6318 18 2 12
18 2
18 12


6319 18 2 12
18 2
18 12


6320 18 2 12
18 2
18 12


6321 18 2 12
18 2
18 12


6322 18 2 12
18 2
18 12


6323 18 2 12
18 2
18 12


6324 18 2 12
18 2
18 12


6325 18 2 12
18 2
18 12


6326 18 2 12
18 2
18 12


6327 18 2 12
18 2
18 12


6328 18 2 12
18 2
18 12


6329 18 2 12
18 2
18 12


6330 18 2 12
18 2
18 12


6331 18 2 12
18 2
18 12


6332 18 2 12
18 2
18 12


6333 18 2 12
18 2
18 12


6334 18 2 12
18 2
18 12


6335 18 2 12
18 2
18 12


6336 18 2 12
18 2
18 12


6337 18 2 12
18 2
18 12


6338 18 2 12
18 2
18 12


6339 18 2 12
18 2
18 12


6340 18 2 12
18 2
18 12


6341 18 2 12
18 2
18 12


6342 18 2 12
18 2
18 12


6343 18 2 12
18 2
18 12


6344 18 2 12
18 2
18 12


6345 18 2 12
18 2
18 12


6346 18 2 12
18 2
18 12


6347 18 2 12
18 2
18 12


6348 18 2 12
18 2
18 12


6349 18 2 12
18 2
18 12


6350 18 2 12
18 2
18 12


6351 18 2 12
18 2
18 12


6352 18 2 12
18 2
18 12


6353 18 2 12
18 2
18 12


6354 18 2 12
18 2
18 12


6355 18 2 12
18 2
18 12


6356 18 2 12
18 2
18 12


6357 18 2 12
18 2
18 12


6358 18 2 12
18 2
18 12


6359 18 2 12
18 2
18 12


6360 18 2 12
18 2
18 12


6361 18 2 12
18 2
18 12


6362 18 2 12
18 2
18 12


6363 18 2 12
18 2
18 12


6364 18 2 12
18 2
18 12


6365 18 2 12
18 2
18 12


6366 18 2 12
18 2
18 12


6367 18 2 12
18 2
18 12


6368 18 2 12
18 2
18 12


6369 18 2 12
18 2
18 12


6370 18 2 12
18 2
18 12


6371 18 2 12
18 2
18 12


6372 18 2 12
18 2
18 12


6373 18 2 12
18 2
18 12


6374 18 2 12
18 2
18 12


6375 18 2 12
18 2
18 12


6376 18 2 12
18 2
18 12


6377 18 2 12
18 2
18 12


6378 18 2 12
18 2
18 12


6379 18 2 12
18 2
18 12


6380 18 2 12
18 2
18 12


6381 18 2 12
18 2
18 12


6382 18 2 12
18 2
18 12


6383 18 2 12
18 2
18 12


6384 18 2 12
18 2
18 12


