0 3 1 6
3 1
3 6


1 3 1 6
3 1
3 6


2 3 1 6
3 1
3 6


3 3 1 6
3 1
3 6


4 3 1 6
3 1
3 6


5 3 1 6
3 1
3 6


6 3 1 6
3 1
3 6


7 3 1 6
3 1
3 6


8 3 1 6
3 1
3 6


9 3 1 6
3 1
3 6


10 3 1 6
3 1
3 6


11 3 1 6
3 1
3 6


12 3 1 6
3 1
3 6


13 3 1 6
3 1
3 6


14 3 1 6
3 1
3 6


15 3 1 6
3 1
3 6


81 0 16 11
0 16
0 11


82 0 16 11
0 16
0 11


83 0 16 11
0 16
0 11


84 0 16 11
0 16
0 11


85 0 16 11
0 16
0 11


86 0 16 11
0 16
0 11


87 0 16 11
0 16
0 11


88 0 16 11
0 16
0 11


89 0 16 11
0 16
0 11


90 0 16 11
0 16
0 11


91 0 16 11
0 16
0 11


92 0 16 11
0 16
0 11


93 0 16 11
0 16
0 11


94 0 16 11
0 16
0 11


95 0 16 11
0 16
0 11


96 0 16 11
0 16
0 11


162 5 17 18
5 17
5 18


163 5 17 18
5 17
5 18


164 5 17 18
5 17
5 18


165 5 17 18
5 17
5 18


166 5 17 18
5 17
5 18


167 5 17 18
5 17
5 18


168 5 17 18
5 17
5 18


169 5 17 18
5 17
5 18


170 5 17 18
5 17
5 18


171 5 17 18
5 17
5 18


172 5 17 18
5 17
5 18


173 5 17 18
5 17
5 18


174 5 17 18
5 17
5 18


175 5 17 18
5 17
5 18


176 5 17 18
5 17
5 18


177 5 17 18
5 17
5 18


243 12 8 7
12 8
12 7


244 12 8 7
12 8
12 7


245 12 8 7
12 8
12 7


246 12 8 7
12 8
12 7


247 12 8 7
12 8
12 7


248 12 8 7
12 8
12 7


249 12 8 7
12 8
12 7


250 12 8 7
12 8
12 7


251 12 8 7
12 8
12 7


252 12 8 7
12 8
12 7


253 12 8 7
12 8
12 7


254 12 8 7
12 8
12 7


255 12 8 7
12 8
12 7


256 12 8 7
12 8
12 7


257 12 8 7
12 8
12 7


258 12 8 7
12 8
12 7


324 13 9 24
13 9
13 24


325 13 9 24
13 9
13 24


326 13 9 24
13 9
13 24


327 13 9 24
13 9
13 24


328 13 9 24
13 9
13 24


329 13 9 24
13 9
13 24


330 13 9 24
13 9
13 24


331 13 9 24
13 9
13 24


332 13 9 24
13 9
13 24


333 13 9 24
13 9
13 24


334 13 9 24
13 9
13 24


335 13 9 24
13 9
13 24


336 13 9 24
13 9
13 24


337 13 9 24
13 9
13 24


338 13 9 24
13 9
13 24


339 13 9 24
13 9
13 24


340 13 9 24
13 9
13 24


341 13 9 24
13 9
13 24


342 13 9 24
13 9
13 24


343 13 9 24
13 9
13 24


344 13 9 24
13 9
13 24


345 13 9 24
13 9
13 24


346 13 9 24
13 9
13 24


347 13 9 24
13 9
13 24


348 13 9 24
13 9
13 24


349 13 9 24
13 9
13 24


350 13 9 24
13 9
13 24


351 13 9 24
13 9
13 24


352 13 9 24
13 9
13 24


353 13 9 24
13 9
13 24


354 13 9 24
13 9
13 24


355 13 9 24
13 9
13 24


356 13 9 24
13 9
13 24


357 13 9 24
13 9
13 24


358 13 9 24
13 9
13 24


359 13 9 24
13 9
13 24


360 13 9 24
13 9
13 24


361 13 9 24
13 9
13 24


362 13 9 24
13 9
13 24


363 13 9 24
13 9
13 24


364 13 9 24
13 9
13 24


365 13 9 24
13 9
13 24


366 13 9 24
13 9
13 24


367 13 9 24
13 9
13 24


368 13 9 24
13 9
13 24


369 13 9 24
13 9
13 24


370 13 9 24
13 9
13 24


371 13 9 24
13 9
13 24


372 13 9 24
13 9
13 24


373 13 9 24
13 9
13 24


374 13 9 24
13 9
13 24


375 13 9 24
13 9
13 24


376 13 9 24
13 9
13 24


377 13 9 24
13 9
13 24


378 13 9 24
13 9
13 24


379 13 9 24
13 9
13 24


380 13 9 24
13 9
13 24


381 13 9 24
13 9
13 24


382 13 9 24
13 9
13 24


383 13 9 24
13 9
13 24


384 13 9 24
13 9
13 24


385 13 9 24
13 9
13 24


386 13 9 24
13 9
13 24


387 13 9 24
13 9
13 24


645 4 20 0
4 20
4 0


646 4 20 0
4 20
4 0


647 4 20 0
4 20
4 0


648 4 20 0
4 20
4 0


649 4 20 0
4 20
4 0


650 4 20 0
4 20
4 0


651 4 20 0
4 20
4 0


652 4 20 0
4 20
4 0


653 4 20 0
4 20
4 0


654 4 20 0
4 20
4 0


655 4 20 0
4 20
4 0


656 4 20 0
4 20
4 0


657 4 20 0
4 20
4 0


658 4 20 0
4 20
4 0


659 4 20 0
4 20
4 0


660 4 20 0
4 20
4 0


661 4 20 0
4 20
4 0


662 4 20 0
4 20
4 0


663 4 20 0
4 20
4 0


664 4 20 0
4 20
4 0


665 4 20 0
4 20
4 0


666 4 20 0
4 20
4 0


667 4 20 0
4 20
4 0


668 4 20 0
4 20
4 0


669 4 20 0
4 20
4 0


670 4 20 0
4 20
4 0


671 4 20 0
4 20
4 0


672 4 20 0
4 20
4 0


673 4 20 0
4 20
4 0


674 4 20 0
4 20
4 0


675 4 20 0
4 20
4 0


676 4 20 0
4 20
4 0


677 4 20 0
4 20
4 0


678 4 20 0
4 20
4 0


679 4 20 0
4 20
4 0


680 4 20 0
4 20
4 0


681 4 20 0
4 20
4 0


682 4 20 0
4 20
4 0


683 4 20 0
4 20
4 0


684 4 20 0
4 20
4 0


685 4 20 0
4 20
4 0


686 4 20 0
4 20
4 0


687 4 20 0
4 20
4 0


688 4 20 0
4 20
4 0


689 4 20 0
4 20
4 0


690 4 20 0
4 20
4 0


691 4 20 0
4 20
4 0


692 4 20 0
4 20
4 0


693 4 20 0
4 20
4 0


694 4 20 0
4 20
4 0


695 4 20 0
4 20
4 0


696 4 20 0
4 20
4 0


697 4 20 0
4 20
4 0


698 4 20 0
4 20
4 0


699 4 20 0
4 20
4 0


700 4 20 0
4 20
4 0


701 4 20 0
4 20
4 0


702 4 20 0
4 20
4 0


703 4 20 0
4 20
4 0


704 4 20 0
4 20
4 0


705 4 20 0
4 20
4 0


706 4 20 0
4 20
4 0


707 4 20 0
4 20
4 0


708 4 20 0
4 20
4 0


709 4 20 0
4 20
4 0


710 4 20 0
4 20
4 0


711 4 20 0
4 20
4 0


712 4 20 0
4 20
4 0


713 4 20 0
4 20
4 0


714 4 20 0
4 20
4 0


715 4 20 0
4 20
4 0


716 4 20 0
4 20
4 0


717 4 20 0
4 20
4 0


718 4 20 0
4 20
4 0


719 4 20 0
4 20
4 0


720 4 20 0
4 20
4 0


721 4 20 0
4 20
4 0


722 4 20 0
4 20
4 0


723 4 20 0
4 20
4 0


724 4 20 0
4 20
4 0


725 4 20 0
4 20
4 0


726 4 20 0
4 20
4 0


727 4 20 0
4 20
4 0


728 4 20 0
4 20
4 0


729 4 20 0
4 20
4 0


730 4 20 0
4 20
4 0


731 4 20 0
4 20
4 0


732 4 20 0
4 20
4 0


733 4 20 0
4 20
4 0


734 4 20 0
4 20
4 0


735 4 20 0
4 20
4 0


736 4 20 0
4 20
4 0


737 4 20 0
4 20
4 0


738 4 20 0
4 20
4 0


739 4 20 0
4 20
4 0


740 4 20 0
4 20
4 0


741 4 20 0
4 20
4 0


742 4 20 0
4 20
4 0


743 4 20 0
4 20
4 0


744 4 20 0
4 20
4 0


745 4 20 0
4 20
4 0


746 4 20 0
4 20
4 0


747 4 20 0
4 20
4 0


748 4 20 0
4 20
4 0


749 4 20 0
4 20
4 0


750 4 20 0
4 20
4 0


751 4 20 0
4 20
4 0


752 4 20 0
4 20
4 0


753 4 20 0
4 20
4 0


754 4 20 0
4 20
4 0


755 4 20 0
4 20
4 0


756 4 20 0
4 20
4 0


757 4 20 0
4 20
4 0


758 4 20 0
4 20
4 0


759 4 20 0
4 20
4 0


760 4 20 0
4 20
4 0


761 4 20 0
4 20
4 0


762 4 20 0
4 20
4 0


763 4 20 0
4 20
4 0


764 4 20 0
4 20
4 0


765 4 20 0
4 20
4 0


766 4 20 0
4 20
4 0


767 4 20 0
4 20
4 0


768 4 20 0
4 20
4 0


769 4 20 0
4 20
4 0


770 4 20 0
4 20
4 0


771 4 20 0
4 20
4 0


772 4 20 0
4 20
4 0


1034 21 6 5
21 6
21 5


1035 21 6 5
21 6
21 5


1036 21 6 5
21 6
21 5


1037 21 6 5
21 6
21 5


1038 21 6 5
21 6
21 5


1039 21 6 5
21 6
21 5


1040 21 6 5
21 6
21 5


1041 21 6 5
21 6
21 5


1042 21 6 5
21 6
21 5


1043 21 6 5
21 6
21 5


1044 21 6 5
21 6
21 5


1045 21 6 5
21 6
21 5


1046 21 6 5
21 6
21 5


1047 21 6 5
21 6
21 5


1048 21 6 5
21 6
21 5


1049 21 6 5
21 6
21 5


1115 1 11 12
1 11
1 12


1116 1 11 12
1 11
1 12


1117 1 11 12
1 11
1 12


1118 1 11 12
1 11
1 12


1119 1 11 12
1 11
1 12


1120 1 11 12
1 11
1 12


1121 1 11 12
1 11
1 12


1122 1 11 12
1 11
1 12


1123 1 11 12
1 11
1 12


1124 1 11 12
1 11
1 12


1125 1 11 12
1 11
1 12


1126 1 11 12
1 11
1 12


1127 1 11 12
1 11
1 12


1128 1 11 12
1 11
1 12


1129 1 11 12
1 11
1 12


1130 1 11 12
1 11
1 12


1973 9 0 1
9 0
9 1


1974 9 0 1
9 0
9 1


1975 9 0 1
9 0
9 1


1976 9 0 1
9 0
9 1


1977 9 0 1
9 0
9 1


1978 9 0 1
9 0
9 1


1979 9 0 1
9 0
9 1


1980 9 0 1
9 0
9 1


1981 9 0 1
9 0
9 1


1982 9 0 1
9 0
9 1


1983 9 0 1
9 0
9 1


1984 9 0 1
9 0
9 1


1985 9 0 1
9 0
9 1


1986 9 0 1
9 0
9 1


1987 9 0 1
9 0
9 1


1988 9 0 1
9 0
9 1


1989 9 0 1
9 0
9 1


1990 9 0 1
9 0
9 1


1991 9 0 1
9 0
9 1


1992 9 0 1
9 0
9 1


1993 9 0 1
9 0
9 1


1994 9 0 1
9 0
9 1


1995 9 0 1
9 0
9 1


1996 9 0 1
9 0
9 1


1997 9 0 1
9 0
9 1


1998 9 0 1
9 0
9 1


1999 9 0 1
9 0
9 1


2000 9 0 1
9 0
9 1


2001 9 0 1
9 0
9 1


2002 9 0 1
9 0
9 1


2003 9 0 1
9 0
9 1


2004 9 0 1
9 0
9 1


2005 9 0 1
9 0
9 1


2006 9 0 1
9 0
9 1


2007 9 0 1
9 0
9 1


2008 9 0 1
9 0
9 1


2009 9 0 1
9 0
9 1


2010 9 0 1
9 0
9 1


2011 9 0 1
9 0
9 1


2012 9 0 1
9 0
9 1


2013 9 0 1
9 0
9 1


2014 9 0 1
9 0
9 1


2015 9 0 1
9 0
9 1


2016 9 0 1
9 0
9 1


2017 9 0 1
9 0
9 1


2018 9 0 1
9 0
9 1


2019 9 0 1
9 0
9 1


2020 9 0 1
9 0
9 1


2021 9 0 1
9 0
9 1


2022 9 0 1
9 0
9 1


2023 9 0 1
9 0
9 1


2024 9 0 1
9 0
9 1


2025 9 0 1
9 0
9 1


2026 9 0 1
9 0
9 1


2027 9 0 1
9 0
9 1


2028 9 0 1
9 0
9 1


2029 9 0 1
9 0
9 1


2030 9 0 1
9 0
9 1


2031 9 0 1
9 0
9 1


2032 9 0 1
9 0
9 1


2033 9 0 1
9 0
9 1


2034 9 0 1
9 0
9 1


2035 9 0 1
9 0
9 1


2036 9 0 1
9 0
9 1


2037 9 0 1
9 0
9 1


2038 9 0 1
9 0
9 1


2039 9 0 1
9 0
9 1


2040 9 0 1
9 0
9 1


2041 9 0 1
9 0
9 1


2042 9 0 1
9 0
9 1


2043 9 0 1
9 0
9 1


2044 9 0 1
9 0
9 1


2045 9 0 1
9 0
9 1


2046 9 0 1
9 0
9 1


2047 9 0 1
9 0
9 1


2048 9 0 1
9 0
9 1


2049 9 0 1
9 0
9 1


2050 9 0 1
9 0
9 1


2051 9 0 1
9 0
9 1


2052 9 0 1
9 0
9 1


2053 9 0 1
9 0
9 1


2054 9 0 1
9 0
9 1


2055 9 0 1
9 0
9 1


2056 9 0 1
9 0
9 1


2057 9 0 1
9 0
9 1


2058 9 0 1
9 0
9 1


2059 9 0 1
9 0
9 1


2060 9 0 1
9 0
9 1


2061 9 0 1
9 0
9 1


2062 9 0 1
9 0
9 1


2063 9 0 1
9 0
9 1


2064 9 0 1
9 0
9 1


2065 9 0 1
9 0
9 1


2066 9 0 1
9 0
9 1


2067 9 0 1
9 0
9 1


2068 9 0 1
9 0
9 1


2069 9 0 1
9 0
9 1


2070 9 0 1
9 0
9 1


2071 9 0 1
9 0
9 1


2072 9 0 1
9 0
9 1


2073 9 0 1
9 0
9 1


2074 9 0 1
9 0
9 1


2075 9 0 1
9 0
9 1


2076 9 0 1
9 0
9 1


2077 9 0 1
9 0
9 1


2078 9 0 1
9 0
9 1


2079 9 0 1
9 0
9 1


2080 9 0 1
9 0
9 1


2081 9 0 1
9 0
9 1


2082 9 0 1
9 0
9 1


2083 9 0 1
9 0
9 1


2084 9 0 1
9 0
9 1


2085 9 0 1
9 0
9 1


2086 9 0 1
9 0
9 1


2087 9 0 1
9 0
9 1


2088 9 0 1
9 0
9 1


2089 9 0 1
9 0
9 1


2090 9 0 1
9 0
9 1


2091 9 0 1
9 0
9 1


2092 9 0 1
9 0
9 1


2093 9 0 1
9 0
9 1


2094 9 0 1
9 0
9 1


2095 9 0 1
9 0
9 1


2096 9 0 1
9 0
9 1


2097 9 0 1
9 0
9 1


2098 9 0 1
9 0
9 1


2099 9 0 1
9 0
9 1


2100 9 0 1
9 0
9 1


3401 24 1 6
24 1
24 6


3402 24 1 6
24 1
24 6


3403 24 1 6
24 1
24 6


3404 24 1 6
24 1
24 6


3405 24 1 6
24 1
24 6


3406 24 1 6
24 1
24 6


3407 24 1 6
24 1
24 6


3408 24 1 6
24 1
24 6


3409 24 1 6
24 1
24 6


3410 24 1 6
24 1
24 6


3411 24 1 6
24 1
24 6


3412 24 1 6
24 1
24 6


3413 24 1 6
24 1
24 6


3414 24 1 6
24 1
24 6


3415 24 1 6
24 1
24 6


3416 24 1 6
24 1
24 6


3417 24 1 6
24 1
24 6


3418 24 1 6
24 1
24 6


3419 24 1 6
24 1
24 6


3420 24 1 6
24 1
24 6


3421 24 1 6
24 1
24 6


3422 24 1 6
24 1
24 6


3423 24 1 6
24 1
24 6


3424 24 1 6
24 1
24 6


3425 24 1 6
24 1
24 6


3426 24 1 6
24 1
24 6


3427 24 1 6
24 1
24 6


3428 24 1 6
24 1
24 6


3429 24 1 6
24 1
24 6


3430 24 1 6
24 1
24 6


3431 24 1 6
24 1
24 6


3432 24 1 6
24 1
24 6


3433 24 1 6
24 1
24 6


3434 24 1 6
24 1
24 6


3435 24 1 6
24 1
24 6


3436 24 1 6
24 1
24 6


3437 24 1 6
24 1
24 6


3438 24 1 6
24 1
24 6


3439 24 1 6
24 1
24 6


3440 24 1 6
24 1
24 6


3441 24 1 6
24 1
24 6


3442 24 1 6
24 1
24 6


3443 24 1 6
24 1
24 6


3444 24 1 6
24 1
24 6


3445 24 1 6
24 1
24 6


3446 24 1 6
24 1
24 6


3447 24 1 6
24 1
24 6


3448 24 1 6
24 1
24 6


3449 24 1 6
24 1
24 6


3450 24 1 6
24 1
24 6


3451 24 1 6
24 1
24 6


3452 24 1 6
24 1
24 6


3453 24 1 6
24 1
24 6


3454 24 1 6
24 1
24 6


3455 24 1 6
24 1
24 6


3456 24 1 6
24 1
24 6


3457 24 1 6
24 1
24 6


3458 24 1 6
24 1
24 6


3459 24 1 6
24 1
24 6


3460 24 1 6
24 1
24 6


3461 24 1 6
24 1
24 6


3462 24 1 6
24 1
24 6


3463 24 1 6
24 1
24 6


3464 24 1 6
24 1
24 6


3465 24 1 6
24 1
24 6


3466 24 1 6
24 1
24 6


3467 24 1 6
24 1
24 6


3468 24 1 6
24 1
24 6


3469 24 1 6
24 1
24 6


3470 24 1 6
24 1
24 6


3471 24 1 6
24 1
24 6


3472 24 1 6
24 1
24 6


3473 24 1 6
24 1
24 6


3474 24 1 6
24 1
24 6


3475 24 1 6
24 1
24 6


3476 24 1 6
24 1
24 6


3477 24 1 6
24 1
24 6


3478 24 1 6
24 1
24 6


3479 24 1 6
24 1
24 6


3480 24 1 6
24 1
24 6


3481 24 1 6
24 1
24 6


3482 24 1 6
24 1
24 6


3483 24 1 6
24 1
24 6


3484 24 1 6
24 1
24 6


3485 24 1 6
24 1
24 6


3486 24 1 6
24 1
24 6


3487 24 1 6
24 1
24 6


3488 24 1 6
24 1
24 6


3489 24 1 6
24 1
24 6


3490 24 1 6
24 1
24 6


3491 24 1 6
24 1
24 6


3492 24 1 6
24 1
24 6


3493 24 1 6
24 1
24 6


3494 24 1 6
24 1
24 6


3495 24 1 6
24 1
24 6


3496 24 1 6
24 1
24 6


3497 24 1 6
24 1
24 6


3498 24 1 6
24 1
24 6


3499 24 1 6
24 1
24 6


3500 24 1 6
24 1
24 6


3501 24 1 6
24 1
24 6


3502 24 1 6
24 1
24 6


3503 24 1 6
24 1
24 6


3504 24 1 6
24 1
24 6


3505 24 1 6
24 1
24 6


3506 24 1 6
24 1
24 6


3507 24 1 6
24 1
24 6


3508 24 1 6
24 1
24 6


3509 24 1 6
24 1
24 6


3510 24 1 6
24 1
24 6


3511 24 1 6
24 1
24 6


3512 24 1 6
24 1
24 6


3513 24 1 6
24 1
24 6


3514 24 1 6
24 1
24 6


3515 24 1 6
24 1
24 6


3516 24 1 6
24 1
24 6


3517 24 1 6
24 1
24 6


3518 24 1 6
24 1
24 6


3519 24 1 6
24 1
24 6


3520 24 1 6
24 1
24 6


3521 24 1 6
24 1
24 6


3522 24 1 6
24 1
24 6


3523 24 1 6
24 1
24 6


3524 24 1 6
24 1
24 6


3525 24 1 6
24 1
24 6


3526 24 1 6
24 1
24 6


3527 24 1 6
24 1
24 6


3528 24 1 6
24 1
24 6


4829 21 6 5
21 6
21 5


4830 21 6 5
21 6
21 5


4831 21 6 5
21 6
21 5


4832 21 6 5
21 6
21 5


4833 21 6 5
21 6
21 5


4834 21 6 5
21 6
21 5


4835 21 6 5
21 6
21 5


4836 21 6 5
21 6
21 5


4837 21 6 5
21 6
21 5


4838 21 6 5
21 6
21 5


4839 21 6 5
21 6
21 5


4840 21 6 5
21 6
21 5


4841 21 6 5
21 6
21 5


4842 21 6 5
21 6
21 5


4843 21 6 5
21 6
21 5


4844 21 6 5
21 6
21 5


4845 21 6 5
21 6
21 5


4846 21 6 5
21 6
21 5


4847 21 6 5
21 6
21 5


4848 21 6 5
21 6
21 5


4849 21 6 5
21 6
21 5


4850 21 6 5
21 6
21 5


4851 21 6 5
21 6
21 5


4852 21 6 5
21 6
21 5


4853 21 6 5
21 6
21 5


4854 21 6 5
21 6
21 5


4855 21 6 5
21 6
21 5


4856 21 6 5
21 6
21 5


4857 21 6 5
21 6
21 5


4858 21 6 5
21 6
21 5


4859 21 6 5
21 6
21 5


4860 21 6 5
21 6
21 5


4861 21 6 5
21 6
21 5


4862 21 6 5
21 6
21 5


4863 21 6 5
21 6
21 5


4864 21 6 5
21 6
21 5


4865 21 6 5
21 6
21 5


4866 21 6 5
21 6
21 5


4867 21 6 5
21 6
21 5


4868 21 6 5
21 6
21 5


4869 21 6 5
21 6
21 5


4870 21 6 5
21 6
21 5


4871 21 6 5
21 6
21 5


4872 21 6 5
21 6
21 5


4873 21 6 5
21 6
21 5


4874 21 6 5
21 6
21 5


4875 21 6 5
21 6
21 5


4876 21 6 5
21 6
21 5


4877 21 6 5
21 6
21 5


4878 21 6 5
21 6
21 5


4879 21 6 5
21 6
21 5


4880 21 6 5
21 6
21 5


4881 21 6 5
21 6
21 5


4882 21 6 5
21 6
21 5


4883 21 6 5
21 6
21 5


4884 21 6 5
21 6
21 5


4885 21 6 5
21 6
21 5


4886 21 6 5
21 6
21 5


4887 21 6 5
21 6
21 5


4888 21 6 5
21 6
21 5


4889 21 6 5
21 6
21 5


4890 21 6 5
21 6
21 5


4891 21 6 5
21 6
21 5


4892 21 6 5
21 6
21 5


4893 21 6 5
21 6
21 5


4894 21 6 5
21 6
21 5


4895 21 6 5
21 6
21 5


4896 21 6 5
21 6
21 5


4897 21 6 5
21 6
21 5


4898 21 6 5
21 6
21 5


4899 21 6 5
21 6
21 5


4900 21 6 5
21 6
21 5


4901 21 6 5
21 6
21 5


4902 21 6 5
21 6
21 5


4903 21 6 5
21 6
21 5


4904 21 6 5
21 6
21 5


4905 21 6 5
21 6
21 5


4906 21 6 5
21 6
21 5


4907 21 6 5
21 6
21 5


4908 21 6 5
21 6
21 5


4909 21 6 5
21 6
21 5


4910 21 6 5
21 6
21 5


4911 21 6 5
21 6
21 5


4912 21 6 5
21 6
21 5


4913 21 6 5
21 6
21 5


4914 21 6 5
21 6
21 5


4915 21 6 5
21 6
21 5


4916 21 6 5
21 6
21 5


4917 21 6 5
21 6
21 5


4918 21 6 5
21 6
21 5


4919 21 6 5
21 6
21 5


4920 21 6 5
21 6
21 5


4921 21 6 5
21 6
21 5


4922 21 6 5
21 6
21 5


4923 21 6 5
21 6
21 5


4924 21 6 5
21 6
21 5


4925 21 6 5
21 6
21 5


4926 21 6 5
21 6
21 5


4927 21 6 5
21 6
21 5


4928 21 6 5
21 6
21 5


4929 21 6 5
21 6
21 5


4930 21 6 5
21 6
21 5


4931 21 6 5
21 6
21 5


4932 21 6 5
21 6
21 5


4933 21 6 5
21 6
21 5


4934 21 6 5
21 6
21 5


4935 21 6 5
21 6
21 5


4936 21 6 5
21 6
21 5


4937 21 6 5
21 6
21 5


4938 21 6 5
21 6
21 5


4939 21 6 5
21 6
21 5


4940 21 6 5
21 6
21 5


4941 21 6 5
21 6
21 5


4942 21 6 5
21 6
21 5


4943 21 6 5
21 6
21 5


4944 21 6 5
21 6
21 5


4945 21 6 5
21 6
21 5


4946 21 6 5
21 6
21 5


4947 21 6 5
21 6
21 5


4948 21 6 5
21 6
21 5


4949 21 6 5
21 6
21 5


4950 21 6 5
21 6
21 5


4951 21 6 5
21 6
21 5


4952 21 6 5
21 6
21 5


4953 21 6 5
21 6
21 5


4954 21 6 5
21 6
21 5


4955 21 6 5
21 6
21 5


4956 21 6 5
21 6
21 5


6257 20 5 16
20 5
20 16


6258 20 5 16
20 5
20 16


6259 20 5 16
20 5
20 16


6260 20 5 16
20 5
20 16


6261 20 5 16
20 5
20 16


6262 20 5 16
20 5
20 16


6263 20 5 16
20 5
20 16


6264 20 5 16
20 5
20 16


6265 20 5 16
20 5
20 16


6266 20 5 16
20 5
20 16


6267 20 5 16
20 5
20 16


6268 20 5 16
20 5
20 16


6269 20 5 16
20 5
20 16


6270 20 5 16
20 5
20 16


6271 20 5 16
20 5
20 16


6272 20 5 16
20 5
20 16


6273 20 5 16
20 5
20 16


6274 20 5 16
20 5
20 16


6275 20 5 16
20 5
20 16


6276 20 5 16
20 5
20 16


6277 20 5 16
20 5
20 16


6278 20 5 16
20 5
20 16


6279 20 5 16
20 5
20 16


6280 20 5 16
20 5
20 16


6281 20 5 16
20 5
20 16


6282 20 5 16
20 5
20 16


6283 20 5 16
20 5
20 16


6284 20 5 16
20 5
20 16


6285 20 5 16
20 5
20 16


6286 20 5 16
20 5
20 16


6287 20 5 16
20 5
20 16


6288 20 5 16
20 5
20 16


6289 20 5 16
20 5
20 16


6290 20 5 16
20 5
20 16


6291 20 5 16
20 5
20 16


6292 20 5 16
20 5
20 16


6293 20 5 16
20 5
20 16


6294 20 5 16
20 5
20 16


6295 20 5 16
20 5
20 16


6296 20 5 16
20 5
20 16


6297 20 5 16
20 5
20 16


6298 20 5 16
20 5
20 16


6299 20 5 16
20 5
20 16


6300 20 5 16
20 5
20 16


6301 20 5 16
20 5
20 16


6302 20 5 16
20 5
20 16


6303 20 5 16
20 5
20 16


6304 20 5 16
20 5
20 16


6305 20 5 16
20 5
20 16


6306 20 5 16
20 5
20 16


6307 20 5 16
20 5
20 16


6308 20 5 16
20 5
20 16


6309 20 5 16
20 5
20 16


6310 20 5 16
20 5
20 16


6311 20 5 16
20 5
20 16


6312 20 5 16
20 5
20 16


6313 20 5 16
20 5
20 16


6314 20 5 16
20 5
20 16


6315 20 5 16
20 5
20 16


6316 20 5 16
20 5
20 16


6317 20 5 16
20 5
20 16


6318 20 5 16
20 5
20 16


6319 20 5 16
20 5
20 16


6320 20 5 16
20 5
20 16


6321 20 5 16
20 5
20 16


6322 20 5 16
20 5
20 16


6323 20 5 16
20 5
20 16


6324 20 5 16
20 5
20 16


6325 20 5 16
20 5
20 16


6326 20 5 16
20 5
20 16


6327 20 5 16
20 5
20 16


6328 20 5 16
20 5
20 16


6329 20 5 16
20 5
20 16


6330 20 5 16
20 5
20 16


6331 20 5 16
20 5
20 16


6332 20 5 16
20 5
20 16


6333 20 5 16
20 5
20 16


6334 20 5 16
20 5
20 16


6335 20 5 16
20 5
20 16


6336 20 5 16
20 5
20 16


6337 20 5 16
20 5
20 16


6338 20 5 16
20 5
20 16


6339 20 5 16
20 5
20 16


6340 20 5 16
20 5
20 16


6341 20 5 16
20 5
20 16


6342 20 5 16
20 5
20 16


6343 20 5 16
20 5
20 16


6344 20 5 16
20 5
20 16


6345 20 5 16
20 5
20 16


6346 20 5 16
20 5
20 16


6347 20 5 16
20 5
20 16


6348 20 5 16
20 5
20 16


6349 20 5 16
20 5
20 16


6350 20 5 16
20 5
20 16


6351 20 5 16
20 5
20 16


6352 20 5 16
20 5
20 16


6353 20 5 16
20 5
20 16


6354 20 5 16
20 5
20 16


6355 20 5 16
20 5
20 16


6356 20 5 16
20 5
20 16


6357 20 5 16
20 5
20 16


6358 20 5 16
20 5
20 16


6359 20 5 16
20 5
20 16


6360 20 5 16
20 5
20 16


6361 20 5 16
20 5
20 16


6362 20 5 16
20 5
20 16


6363 20 5 16
20 5
20 16


6364 20 5 16
20 5
20 16


6365 20 5 16
20 5
20 16


6366 20 5 16
20 5
20 16


6367 20 5 16
20 5
20 16


6368 20 5 16
20 5
20 16


6369 20 5 16
20 5
20 16


6370 20 5 16
20 5
20 16


6371 20 5 16
20 5
20 16


6372 20 5 16
20 5
20 16


6373 20 5 16
20 5
20 16


6374 20 5 16
20 5
20 16


6375 20 5 16
20 5
20 16


6376 20 5 16
20 5
20 16


6377 20 5 16
20 5
20 16


6378 20 5 16
20 5
20 16


6379 20 5 16
20 5
20 16


6380 20 5 16
20 5
20 16


6381 20 5 16
20 5
20 16


6382 20 5 16
20 5
20 16


6383 20 5 16
20 5
20 16


6384 20 5 16
20 5
20 16


