0 4 0 1
4 0
4 1


1 4 0 1
4 0
4 1


2 4 0 1
4 0
4 1


3 4 0 1
4 0
4 1


4 4 0 1
4 0
4 1


5 4 0 1
4 0
4 1


6 4 0 1
4 0
4 1


7 4 0 1
4 0
4 1


8 4 0 1
4 0
4 1


9 4 0 1
4 0
4 1


10 4 0 1
4 0
4 1


11 4 0 1
4 0
4 1


12 4 0 1
4 0
4 1


13 4 0 1
4 0
4 1


14 4 0 1
4 0
4 1


15 4 0 1
4 0
4 1


81 8 30 37
8 30
8 37


82 8 30 37
8 30
8 37


83 8 30 37
8 30
8 37


84 8 30 37
8 30
8 37


85 8 30 37
8 30
8 37


86 8 30 37
8 30
8 37


87 8 30 37
8 30
8 37


88 8 30 37
8 30
8 37


89 8 30 37
8 30
8 37


90 8 30 37
8 30
8 37


91 8 30 37
8 30
8 37


92 8 30 37
8 30
8 37


93 8 30 37
8 30
8 37


94 8 30 37
8 30
8 37


95 8 30 37
8 30
8 37


96 8 30 37
8 30
8 37


162 31 39 40
31 39
31 40


163 31 39 40
31 39
31 40


164 31 39 40
31 39
31 40


165 31 39 40
31 39
31 40


166 31 39 40
31 39
31 40


167 31 39 40
31 39
31 40


168 31 39 40
31 39
31 40


169 31 39 40
31 39
31 40


170 31 39 40
31 39
31 40


171 31 39 40
31 39
31 40


172 31 39 40
31 39
31 40


173 31 39 40
31 39
31 40


174 31 39 40
31 39
31 40


175 31 39 40
31 39
31 40


176 31 39 40
31 39
31 40


177 31 39 40
31 39
31 40


243 33 35 42
33 35
33 42


244 33 35 42
33 35
33 42


245 33 35 42
33 35
33 42


246 33 35 42
33 35
33 42


247 33 35 42
33 35
33 42


248 33 35 42
33 35
33 42


249 33 35 42
33 35
33 42


250 33 35 42
33 35
33 42


251 33 35 42
33 35
33 42


252 33 35 42
33 35
33 42


253 33 35 42
33 35
33 42


254 33 35 42
33 35
33 42


255 33 35 42
33 35
33 42


256 33 35 42
33 35
33 42


257 33 35 42
33 35
33 42


258 33 35 42
33 35
33 42


324 29 43 0
29 43
29 0


325 29 43 0
29 43
29 0


326 29 43 0
29 43
29 0


327 29 43 0
29 43
29 0


328 29 43 0
29 43
29 0


329 29 43 0
29 43
29 0


330 29 43 0
29 43
29 0


331 29 43 0
29 43
29 0


332 29 43 0
29 43
29 0


333 29 43 0
29 43
29 0


334 29 43 0
29 43
29 0


335 29 43 0
29 43
29 0


336 29 43 0
29 43
29 0


337 29 43 0
29 43
29 0


338 29 43 0
29 43
29 0


339 29 43 0
29 43
29 0


340 29 43 0
29 43
29 0


341 29 43 0
29 43
29 0


342 29 43 0
29 43
29 0


343 29 43 0
29 43
29 0


344 29 43 0
29 43
29 0


345 29 43 0
29 43
29 0


346 29 43 0
29 43
29 0


347 29 43 0
29 43
29 0


348 29 43 0
29 43
29 0


349 29 43 0
29 43
29 0


350 29 43 0
29 43
29 0


351 29 43 0
29 43
29 0


352 29 43 0
29 43
29 0


353 29 43 0
29 43
29 0


354 29 43 0
29 43
29 0


355 29 43 0
29 43
29 0


356 29 43 0
29 43
29 0


357 29 43 0
29 43
29 0


358 29 43 0
29 43
29 0


359 29 43 0
29 43
29 0


360 29 43 0
29 43
29 0


361 29 43 0
29 43
29 0


362 29 43 0
29 43
29 0


363 29 43 0
29 43
29 0


364 29 43 0
29 43
29 0


365 29 43 0
29 43
29 0


366 29 43 0
29 43
29 0


367 29 43 0
29 43
29 0


368 29 43 0
29 43
29 0


369 29 43 0
29 43
29 0


370 29 43 0
29 43
29 0


371 29 43 0
29 43
29 0


372 29 43 0
29 43
29 0


373 29 43 0
29 43
29 0


374 29 43 0
29 43
29 0


375 29 43 0
29 43
29 0


376 29 43 0
29 43
29 0


377 29 43 0
29 43
29 0


378 29 43 0
29 43
29 0


379 29 43 0
29 43
29 0


380 29 43 0
29 43
29 0


381 29 43 0
29 43
29 0


382 29 43 0
29 43
29 0


383 29 43 0
29 43
29 0


384 29 43 0
29 43
29 0


385 29 43 0
29 43
29 0


386 29 43 0
29 43
29 0


387 29 43 0
29 43
29 0


645 1 7 14
1 7
1 14


646 1 7 14
1 7
1 14


647 1 7 14
1 7
1 14


648 1 7 14
1 7
1 14


649 1 7 14
1 7
1 14


650 1 7 14
1 7
1 14


651 1 7 14
1 7
1 14


652 1 7 14
1 7
1 14


653 1 7 14
1 7
1 14


654 1 7 14
1 7
1 14


655 1 7 14
1 7
1 14


656 1 7 14
1 7
1 14


657 1 7 14
1 7
1 14


658 1 7 14
1 7
1 14


659 1 7 14
1 7
1 14


660 1 7 14
1 7
1 14


661 1 7 14
1 7
1 14


662 1 7 14
1 7
1 14


663 1 7 14
1 7
1 14


664 1 7 14
1 7
1 14


665 1 7 14
1 7
1 14


666 1 7 14
1 7
1 14


667 1 7 14
1 7
1 14


668 1 7 14
1 7
1 14


669 1 7 14
1 7
1 14


670 1 7 14
1 7
1 14


671 1 7 14
1 7
1 14


672 1 7 14
1 7
1 14


673 1 7 14
1 7
1 14


674 1 7 14
1 7
1 14


675 1 7 14
1 7
1 14


676 1 7 14
1 7
1 14


677 1 7 14
1 7
1 14


678 1 7 14
1 7
1 14


679 1 7 14
1 7
1 14


680 1 7 14
1 7
1 14


681 1 7 14
1 7
1 14


682 1 7 14
1 7
1 14


683 1 7 14
1 7
1 14


684 1 7 14
1 7
1 14


685 1 7 14
1 7
1 14


686 1 7 14
1 7
1 14


687 1 7 14
1 7
1 14


688 1 7 14
1 7
1 14


689 1 7 14
1 7
1 14


690 1 7 14
1 7
1 14


691 1 7 14
1 7
1 14


692 1 7 14
1 7
1 14


693 1 7 14
1 7
1 14


694 1 7 14
1 7
1 14


695 1 7 14
1 7
1 14


696 1 7 14
1 7
1 14


697 1 7 14
1 7
1 14


698 1 7 14
1 7
1 14


699 1 7 14
1 7
1 14


700 1 7 14
1 7
1 14


701 1 7 14
1 7
1 14


702 1 7 14
1 7
1 14


703 1 7 14
1 7
1 14


704 1 7 14
1 7
1 14


705 1 7 14
1 7
1 14


706 1 7 14
1 7
1 14


707 1 7 14
1 7
1 14


708 1 7 14
1 7
1 14


709 1 7 14
1 7
1 14


710 1 7 14
1 7
1 14


711 1 7 14
1 7
1 14


712 1 7 14
1 7
1 14


713 1 7 14
1 7
1 14


714 1 7 14
1 7
1 14


715 1 7 14
1 7
1 14


716 1 7 14
1 7
1 14


717 1 7 14
1 7
1 14


718 1 7 14
1 7
1 14


719 1 7 14
1 7
1 14


720 1 7 14
1 7
1 14


721 1 7 14
1 7
1 14


722 1 7 14
1 7
1 14


723 1 7 14
1 7
1 14


724 1 7 14
1 7
1 14


725 1 7 14
1 7
1 14


726 1 7 14
1 7
1 14


727 1 7 14
1 7
1 14


728 1 7 14
1 7
1 14


729 1 7 14
1 7
1 14


730 1 7 14
1 7
1 14


731 1 7 14
1 7
1 14


732 1 7 14
1 7
1 14


733 1 7 14
1 7
1 14


734 1 7 14
1 7
1 14


735 1 7 14
1 7
1 14


736 1 7 14
1 7
1 14


737 1 7 14
1 7
1 14


738 1 7 14
1 7
1 14


739 1 7 14
1 7
1 14


740 1 7 14
1 7
1 14


741 1 7 14
1 7
1 14


742 1 7 14
1 7
1 14


743 1 7 14
1 7
1 14


744 1 7 14
1 7
1 14


745 1 7 14
1 7
1 14


746 1 7 14
1 7
1 14


747 1 7 14
1 7
1 14


748 1 7 14
1 7
1 14


749 1 7 14
1 7
1 14


750 1 7 14
1 7
1 14


751 1 7 14
1 7
1 14


752 1 7 14
1 7
1 14


753 1 7 14
1 7
1 14


754 1 7 14
1 7
1 14


755 1 7 14
1 7
1 14


756 1 7 14
1 7
1 14


757 1 7 14
1 7
1 14


758 1 7 14
1 7
1 14


759 1 7 14
1 7
1 14


760 1 7 14
1 7
1 14


761 1 7 14
1 7
1 14


762 1 7 14
1 7
1 14


763 1 7 14
1 7
1 14


764 1 7 14
1 7
1 14


765 1 7 14
1 7
1 14


766 1 7 14
1 7
1 14


767 1 7 14
1 7
1 14


768 1 7 14
1 7
1 14


769 1 7 14
1 7
1 14


770 1 7 14
1 7
1 14


771 1 7 14
1 7
1 14


772 1 7 14
1 7
1 14


1034 8 22 15
8 22
8 15


1035 8 22 15
8 22
8 15


1036 8 22 15
8 22
8 15


1037 8 22 15
8 22
8 15


1038 8 22 15
8 22
8 15


1039 8 22 15
8 22
8 15


1040 8 22 15
8 22
8 15


1041 8 22 15
8 22
8 15


1042 8 22 15
8 22
8 15


1043 8 22 15
8 22
8 15


1044 8 22 15
8 22
8 15


1045 8 22 15
8 22
8 15


1046 8 22 15
8 22
8 15


1047 8 22 15
8 22
8 15


1048 8 22 15
8 22
8 15


1049 8 22 15
8 22
8 15


1115 16 23 24
16 23
16 24


1116 16 23 24
16 23
16 24


1117 16 23 24
16 23
16 24


1118 16 23 24
16 23
16 24


1119 16 23 24
16 23
16 24


1120 16 23 24
16 23
16 24


1121 16 23 24
16 23
16 24


1122 16 23 24
16 23
16 24


1123 16 23 24
16 23
16 24


1124 16 23 24
16 23
16 24


1125 16 23 24
16 23
16 24


1126 16 23 24
16 23
16 24


1127 16 23 24
16 23
16 24


1128 16 23 24
16 23
16 24


1129 16 23 24
16 23
16 24


1130 16 23 24
16 23
16 24


1973 15 17 10
15 17
15 10


1974 15 17 10
15 17
15 10


1975 15 17 10
15 17
15 10


1976 15 17 10
15 17
15 10


1977 15 17 10
15 17
15 10


1978 15 17 10
15 17
15 10


1979 15 17 10
15 17
15 10


1980 15 17 10
15 17
15 10


1981 15 17 10
15 17
15 10


1982 15 17 10
15 17
15 10


1983 15 17 10
15 17
15 10


1984 15 17 10
15 17
15 10


1985 15 17 10
15 17
15 10


1986 15 17 10
15 17
15 10


1987 15 17 10
15 17
15 10


1988 15 17 10
15 17
15 10


1989 15 17 10
15 17
15 10


1990 15 17 10
15 17
15 10


1991 15 17 10
15 17
15 10


1992 15 17 10
15 17
15 10


1993 15 17 10
15 17
15 10


1994 15 17 10
15 17
15 10


1995 15 17 10
15 17
15 10


1996 15 17 10
15 17
15 10


1997 15 17 10
15 17
15 10


1998 15 17 10
15 17
15 10


1999 15 17 10
15 17
15 10


2000 15 17 10
15 17
15 10


2001 15 17 10
15 17
15 10


2002 15 17 10
15 17
15 10


2003 15 17 10
15 17
15 10


2004 15 17 10
15 17
15 10


2005 15 17 10
15 17
15 10


2006 15 17 10
15 17
15 10


2007 15 17 10
15 17
15 10


2008 15 17 10
15 17
15 10


2009 15 17 10
15 17
15 10


2010 15 17 10
15 17
15 10


2011 15 17 10
15 17
15 10


2012 15 17 10
15 17
15 10


2013 15 17 10
15 17
15 10


2014 15 17 10
15 17
15 10


2015 15 17 10
15 17
15 10


2016 15 17 10
15 17
15 10


2017 15 17 10
15 17
15 10


2018 15 17 10
15 17
15 10


2019 15 17 10
15 17
15 10


2020 15 17 10
15 17
15 10


2021 15 17 10
15 17
15 10


2022 15 17 10
15 17
15 10


2023 15 17 10
15 17
15 10


2024 15 17 10
15 17
15 10


2025 15 17 10
15 17
15 10


2026 15 17 10
15 17
15 10


2027 15 17 10
15 17
15 10


2028 15 17 10
15 17
15 10


2029 15 17 10
15 17
15 10


2030 15 17 10
15 17
15 10


2031 15 17 10
15 17
15 10


2032 15 17 10
15 17
15 10


2033 15 17 10
15 17
15 10


2034 15 17 10
15 17
15 10


2035 15 17 10
15 17
15 10


2036 15 17 10
15 17
15 10


2037 15 17 10
15 17
15 10


2038 15 17 10
15 17
15 10


2039 15 17 10
15 17
15 10


2040 15 17 10
15 17
15 10


2041 15 17 10
15 17
15 10


2042 15 17 10
15 17
15 10


2043 15 17 10
15 17
15 10


2044 15 17 10
15 17
15 10


2045 15 17 10
15 17
15 10


2046 15 17 10
15 17
15 10


2047 15 17 10
15 17
15 10


2048 15 17 10
15 17
15 10


2049 15 17 10
15 17
15 10


2050 15 17 10
15 17
15 10


2051 15 17 10
15 17
15 10


2052 15 17 10
15 17
15 10


2053 15 17 10
15 17
15 10


2054 15 17 10
15 17
15 10


2055 15 17 10
15 17
15 10


2056 15 17 10
15 17
15 10


2057 15 17 10
15 17
15 10


2058 15 17 10
15 17
15 10


2059 15 17 10
15 17
15 10


2060 15 17 10
15 17
15 10


2061 15 17 10
15 17
15 10


2062 15 17 10
15 17
15 10


2063 15 17 10
15 17
15 10


2064 15 17 10
15 17
15 10


2065 15 17 10
15 17
15 10


2066 15 17 10
15 17
15 10


2067 15 17 10
15 17
15 10


2068 15 17 10
15 17
15 10


2069 15 17 10
15 17
15 10


2070 15 17 10
15 17
15 10


2071 15 17 10
15 17
15 10


2072 15 17 10
15 17
15 10


2073 15 17 10
15 17
15 10


2074 15 17 10
15 17
15 10


2075 15 17 10
15 17
15 10


2076 15 17 10
15 17
15 10


2077 15 17 10
15 17
15 10


2078 15 17 10
15 17
15 10


2079 15 17 10
15 17
15 10


2080 15 17 10
15 17
15 10


2081 15 17 10
15 17
15 10


2082 15 17 10
15 17
15 10


2083 15 17 10
15 17
15 10


2084 15 17 10
15 17
15 10


2085 15 17 10
15 17
15 10


2086 15 17 10
15 17
15 10


2087 15 17 10
15 17
15 10


2088 15 17 10
15 17
15 10


2089 15 17 10
15 17
15 10


2090 15 17 10
15 17
15 10


2091 15 17 10
15 17
15 10


2092 15 17 10
15 17
15 10


2093 15 17 10
15 17
15 10


2094 15 17 10
15 17
15 10


2095 15 17 10
15 17
15 10


2096 15 17 10
15 17
15 10


2097 15 17 10
15 17
15 10


2098 15 17 10
15 17
15 10


2099 15 17 10
15 17
15 10


2100 15 17 10
15 17
15 10


3401 40 33 41
40 33
40 41


3402 40 33 41
40 33
40 41


3403 40 33 41
40 33
40 41


3404 40 33 41
40 33
40 41


3405 40 33 41
40 33
40 41


3406 40 33 41
40 33
40 41


3407 40 33 41
40 33
40 41


3408 40 33 41
40 33
40 41


3409 40 33 41
40 33
40 41


3410 40 33 41
40 33
40 41


3411 40 33 41
40 33
40 41


3412 40 33 41
40 33
40 41


3413 40 33 41
40 33
40 41


3414 40 33 41
40 33
40 41


3415 40 33 41
40 33
40 41


3416 40 33 41
40 33
40 41


3417 40 33 41
40 33
40 41


3418 40 33 41
40 33
40 41


3419 40 33 41
40 33
40 41


3420 40 33 41
40 33
40 41


3421 40 33 41
40 33
40 41


3422 40 33 41
40 33
40 41


3423 40 33 41
40 33
40 41


3424 40 33 41
40 33
40 41


3425 40 33 41
40 33
40 41


3426 40 33 41
40 33
40 41


3427 40 33 41
40 33
40 41


3428 40 33 41
40 33
40 41


3429 40 33 41
40 33
40 41


3430 40 33 41
40 33
40 41


3431 40 33 41
40 33
40 41


3432 40 33 41
40 33
40 41


3433 40 33 41
40 33
40 41


3434 40 33 41
40 33
40 41


3435 40 33 41
40 33
40 41


3436 40 33 41
40 33
40 41


3437 40 33 41
40 33
40 41


3438 40 33 41
40 33
40 41


3439 40 33 41
40 33
40 41


3440 40 33 41
40 33
40 41


3441 40 33 41
40 33
40 41


3442 40 33 41
40 33
40 41


3443 40 33 41
40 33
40 41


3444 40 33 41
40 33
40 41


3445 40 33 41
40 33
40 41


3446 40 33 41
40 33
40 41


3447 40 33 41
40 33
40 41


3448 40 33 41
40 33
40 41


3449 40 33 41
40 33
40 41


3450 40 33 41
40 33
40 41


3451 40 33 41
40 33
40 41


3452 40 33 41
40 33
40 41


3453 40 33 41
40 33
40 41


3454 40 33 41
40 33
40 41


3455 40 33 41
40 33
40 41


3456 40 33 41
40 33
40 41


3457 40 33 41
40 33
40 41


3458 40 33 41
40 33
40 41


3459 40 33 41
40 33
40 41


3460 40 33 41
40 33
40 41


3461 40 33 41
40 33
40 41


3462 40 33 41
40 33
40 41


3463 40 33 41
40 33
40 41


3464 40 33 41
40 33
40 41


3465 40 33 41
40 33
40 41


3466 40 33 41
40 33
40 41


3467 40 33 41
40 33
40 41


3468 40 33 41
40 33
40 41


3469 40 33 41
40 33
40 41


3470 40 33 41
40 33
40 41


3471 40 33 41
40 33
40 41


3472 40 33 41
40 33
40 41


3473 40 33 41
40 33
40 41


3474 40 33 41
40 33
40 41


3475 40 33 41
40 33
40 41


3476 40 33 41
40 33
40 41


3477 40 33 41
40 33
40 41


3478 40 33 41
40 33
40 41


3479 40 33 41
40 33
40 41


3480 40 33 41
40 33
40 41


3481 40 33 41
40 33
40 41


3482 40 33 41
40 33
40 41


3483 40 33 41
40 33
40 41


3484 40 33 41
40 33
40 41


3485 40 33 41
40 33
40 41


3486 40 33 41
40 33
40 41


3487 40 33 41
40 33
40 41


3488 40 33 41
40 33
40 41


3489 40 33 41
40 33
40 41


3490 40 33 41
40 33
40 41


3491 40 33 41
40 33
40 41


3492 40 33 41
40 33
40 41


3493 40 33 41
40 33
40 41


3494 40 33 41
40 33
40 41


3495 40 33 41
40 33
40 41


3496 40 33 41
40 33
40 41


3497 40 33 41
40 33
40 41


3498 40 33 41
40 33
40 41


3499 40 33 41
40 33
40 41


3500 40 33 41
40 33
40 41


3501 40 33 41
40 33
40 41


3502 40 33 41
40 33
40 41


3503 40 33 41
40 33
40 41


3504 40 33 41
40 33
40 41


3505 40 33 41
40 33
40 41


3506 40 33 41
40 33
40 41


3507 40 33 41
40 33
40 41


3508 40 33 41
40 33
40 41


3509 40 33 41
40 33
40 41


3510 40 33 41
40 33
40 41


3511 40 33 41
40 33
40 41


3512 40 33 41
40 33
40 41


3513 40 33 41
40 33
40 41


3514 40 33 41
40 33
40 41


3515 40 33 41
40 33
40 41


3516 40 33 41
40 33
40 41


3517 40 33 41
40 33
40 41


3518 40 33 41
40 33
40 41


3519 40 33 41
40 33
40 41


3520 40 33 41
40 33
40 41


3521 40 33 41
40 33
40 41


3522 40 33 41
40 33
40 41


3523 40 33 41
40 33
40 41


3524 40 33 41
40 33
40 41


3525 40 33 41
40 33
40 41


3526 40 33 41
40 33
40 41


3527 40 33 41
40 33
40 41


3528 40 33 41
40 33
40 41


4829 14 16 23
14 16
14 23


4830 14 16 23
14 16
14 23


4831 14 16 23
14 16
14 23


4832 14 16 23
14 16
14 23


4833 14 16 23
14 16
14 23


4834 14 16 23
14 16
14 23


4835 14 16 23
14 16
14 23


4836 14 16 23
14 16
14 23


4837 14 16 23
14 16
14 23


4838 14 16 23
14 16
14 23


4839 14 16 23
14 16
14 23


4840 14 16 23
14 16
14 23


4841 14 16 23
14 16
14 23


4842 14 16 23
14 16
14 23


4843 14 16 23
14 16
14 23


4844 14 16 23
14 16
14 23


4845 14 16 23
14 16
14 23


4846 14 16 23
14 16
14 23


4847 14 16 23
14 16
14 23


4848 14 16 23
14 16
14 23


4849 14 16 23
14 16
14 23


4850 14 16 23
14 16
14 23


4851 14 16 23
14 16
14 23


4852 14 16 23
14 16
14 23


4853 14 16 23
14 16
14 23


4854 14 16 23
14 16
14 23


4855 14 16 23
14 16
14 23


4856 14 16 23
14 16
14 23


4857 14 16 23
14 16
14 23


4858 14 16 23
14 16
14 23


4859 14 16 23
14 16
14 23


4860 14 16 23
14 16
14 23


4861 14 16 23
14 16
14 23


4862 14 16 23
14 16
14 23


4863 14 16 23
14 16
14 23


4864 14 16 23
14 16
14 23


4865 14 16 23
14 16
14 23


4866 14 16 23
14 16
14 23


4867 14 16 23
14 16
14 23


4868 14 16 23
14 16
14 23


4869 14 16 23
14 16
14 23


4870 14 16 23
14 16
14 23


4871 14 16 23
14 16
14 23


4872 14 16 23
14 16
14 23


4873 14 16 23
14 16
14 23


4874 14 16 23
14 16
14 23


4875 14 16 23
14 16
14 23


4876 14 16 23
14 16
14 23


4877 14 16 23
14 16
14 23


4878 14 16 23
14 16
14 23


4879 14 16 23
14 16
14 23


4880 14 16 23
14 16
14 23


4881 14 16 23
14 16
14 23


4882 14 16 23
14 16
14 23


4883 14 16 23
14 16
14 23


4884 14 16 23
14 16
14 23


4885 14 16 23
14 16
14 23


4886 14 16 23
14 16
14 23


4887 14 16 23
14 16
14 23


4888 14 16 23
14 16
14 23


4889 14 16 23
14 16
14 23


4890 14 16 23
14 16
14 23


4891 14 16 23
14 16
14 23


4892 14 16 23
14 16
14 23


4893 14 16 23
14 16
14 23


4894 14 16 23
14 16
14 23


4895 14 16 23
14 16
14 23


4896 14 16 23
14 16
14 23


4897 14 16 23
14 16
14 23


4898 14 16 23
14 16
14 23


4899 14 16 23
14 16
14 23


4900 14 16 23
14 16
14 23


4901 14 16 23
14 16
14 23


4902 14 16 23
14 16
14 23


4903 14 16 23
14 16
14 23


4904 14 16 23
14 16
14 23


4905 14 16 23
14 16
14 23


4906 14 16 23
14 16
14 23


4907 14 16 23
14 16
14 23


4908 14 16 23
14 16
14 23


4909 14 16 23
14 16
14 23


4910 14 16 23
14 16
14 23


4911 14 16 23
14 16
14 23


4912 14 16 23
14 16
14 23


4913 14 16 23
14 16
14 23


4914 14 16 23
14 16
14 23


4915 14 16 23
14 16
14 23


4916 14 16 23
14 16
14 23


4917 14 16 23
14 16
14 23


4918 14 16 23
14 16
14 23


4919 14 16 23
14 16
14 23


4920 14 16 23
14 16
14 23


4921 14 16 23
14 16
14 23


4922 14 16 23
14 16
14 23


4923 14 16 23
14 16
14 23


4924 14 16 23
14 16
14 23


4925 14 16 23
14 16
14 23


4926 14 16 23
14 16
14 23


4927 14 16 23
14 16
14 23


4928 14 16 23
14 16
14 23


4929 14 16 23
14 16
14 23


4930 14 16 23
14 16
14 23


4931 14 16 23
14 16
14 23


4932 14 16 23
14 16
14 23


4933 14 16 23
14 16
14 23


4934 14 16 23
14 16
14 23


4935 14 16 23
14 16
14 23


4936 14 16 23
14 16
14 23


4937 14 16 23
14 16
14 23


4938 14 16 23
14 16
14 23


4939 14 16 23
14 16
14 23


4940 14 16 23
14 16
14 23


4941 14 16 23
14 16
14 23


4942 14 16 23
14 16
14 23


4943 14 16 23
14 16
14 23


4944 14 16 23
14 16
14 23


4945 14 16 23
14 16
14 23


4946 14 16 23
14 16
14 23


4947 14 16 23
14 16
14 23


4948 14 16 23
14 16
14 23


4949 14 16 23
14 16
14 23


4950 14 16 23
14 16
14 23


4951 14 16 23
14 16
14 23


4952 14 16 23
14 16
14 23


4953 14 16 23
14 16
14 23


4954 14 16 23
14 16
14 23


4955 14 16 23
14 16
14 23


4956 14 16 23
14 16
14 23


6257 18 48 47
18 48
18 47


6258 18 48 47
18 48
18 47


6259 18 48 47
18 48
18 47


6260 18 48 47
18 48
18 47


6261 18 48 47
18 48
18 47


6262 18 48 47
18 48
18 47


6263 18 48 47
18 48
18 47


6264 18 48 47
18 48
18 47


6265 18 48 47
18 48
18 47


6266 18 48 47
18 48
18 47


6267 18 48 47
18 48
18 47


6268 18 48 47
18 48
18 47


6269 18 48 47
18 48
18 47


6270 18 48 47
18 48
18 47


6271 18 48 47
18 48
18 47


6272 18 48 47
18 48
18 47


6273 18 48 47
18 48
18 47


6274 18 48 47
18 48
18 47


6275 18 48 47
18 48
18 47


6276 18 48 47
18 48
18 47


6277 18 48 47
18 48
18 47


6278 18 48 47
18 48
18 47


6279 18 48 47
18 48
18 47


6280 18 48 47
18 48
18 47


6281 18 48 47
18 48
18 47


6282 18 48 47
18 48
18 47


6283 18 48 47
18 48
18 47


6284 18 48 47
18 48
18 47


6285 18 48 47
18 48
18 47


6286 18 48 47
18 48
18 47


6287 18 48 47
18 48
18 47


6288 18 48 47
18 48
18 47


6289 18 48 47
18 48
18 47


6290 18 48 47
18 48
18 47


6291 18 48 47
18 48
18 47


6292 18 48 47
18 48
18 47


6293 18 48 47
18 48
18 47


6294 18 48 47
18 48
18 47


6295 18 48 47
18 48
18 47


6296 18 48 47
18 48
18 47


6297 18 48 47
18 48
18 47


6298 18 48 47
18 48
18 47


6299 18 48 47
18 48
18 47


6300 18 48 47
18 48
18 47


6301 18 48 47
18 48
18 47


6302 18 48 47
18 48
18 47


6303 18 48 47
18 48
18 47


6304 18 48 47
18 48
18 47


6305 18 48 47
18 48
18 47


6306 18 48 47
18 48
18 47


6307 18 48 47
18 48
18 47


6308 18 48 47
18 48
18 47


6309 18 48 47
18 48
18 47


6310 18 48 47
18 48
18 47


6311 18 48 47
18 48
18 47


6312 18 48 47
18 48
18 47


6313 18 48 47
18 48
18 47


6314 18 48 47
18 48
18 47


6315 18 48 47
18 48
18 47


6316 18 48 47
18 48
18 47


6317 18 48 47
18 48
18 47


6318 18 48 47
18 48
18 47


6319 18 48 47
18 48
18 47


6320 18 48 47
18 48
18 47


6321 18 48 47
18 48
18 47


6322 18 48 47
18 48
18 47


6323 18 48 47
18 48
18 47


6324 18 48 47
18 48
18 47


6325 18 48 47
18 48
18 47


6326 18 48 47
18 48
18 47


6327 18 48 47
18 48
18 47


6328 18 48 47
18 48
18 47


6329 18 48 47
18 48
18 47


6330 18 48 47
18 48
18 47


6331 18 48 47
18 48
18 47


6332 18 48 47
18 48
18 47


6333 18 48 47
18 48
18 47


6334 18 48 47
18 48
18 47


6335 18 48 47
18 48
18 47


6336 18 48 47
18 48
18 47


6337 18 48 47
18 48
18 47


6338 18 48 47
18 48
18 47


6339 18 48 47
18 48
18 47


6340 18 48 47
18 48
18 47


6341 18 48 47
18 48
18 47


6342 18 48 47
18 48
18 47


6343 18 48 47
18 48
18 47


6344 18 48 47
18 48
18 47


6345 18 48 47
18 48
18 47


6346 18 48 47
18 48
18 47


6347 18 48 47
18 48
18 47


6348 18 48 47
18 48
18 47


6349 18 48 47
18 48
18 47


6350 18 48 47
18 48
18 47


6351 18 48 47
18 48
18 47


6352 18 48 47
18 48
18 47


6353 18 48 47
18 48
18 47


6354 18 48 47
18 48
18 47


6355 18 48 47
18 48
18 47


6356 18 48 47
18 48
18 47


6357 18 48 47
18 48
18 47


6358 18 48 47
18 48
18 47


6359 18 48 47
18 48
18 47


6360 18 48 47
18 48
18 47


6361 18 48 47
18 48
18 47


6362 18 48 47
18 48
18 47


6363 18 48 47
18 48
18 47


6364 18 48 47
18 48
18 47


6365 18 48 47
18 48
18 47


6366 18 48 47
18 48
18 47


6367 18 48 47
18 48
18 47


6368 18 48 47
18 48
18 47


6369 18 48 47
18 48
18 47


6370 18 48 47
18 48
18 47


6371 18 48 47
18 48
18 47


6372 18 48 47
18 48
18 47


6373 18 48 47
18 48
18 47


6374 18 48 47
18 48
18 47


6375 18 48 47
18 48
18 47


6376 18 48 47
18 48
18 47


6377 18 48 47
18 48
18 47


6378 18 48 47
18 48
18 47


6379 18 48 47
18 48
18 47


6380 18 48 47
18 48
18 47


6381 18 48 47
18 48
18 47


6382 18 48 47
18 48
18 47


6383 18 48 47
18 48
18 47


6384 18 48 47
18 48
18 47


