2366 1 26 27 19
1 26
1 27
1 19


2367 1 26 27 19
1 26
1 27
1 19


2368 1 26 27 19
1 26
1 27
1 19


2369 1 26 27 19
1 26
1 27
1 19


2370 1 26 27 19
1 26
1 27
1 19


2371 1 26 27 19
1 26
1 27
1 19


2372 1 26 27 19
1 26
1 27
1 19


2373 1 26 27 19
1 26
1 27
1 19


2374 1 26 27 19
1 26
1 27
1 19


2375 1 26 27 19
1 26
1 27
1 19


2376 1 26 27 19
1 26
1 27
1 19


2377 1 26 27 19
1 26
1 27
1 19


2378 1 26 27 19
1 26
1 27
1 19


2379 1 26 27 19
1 26
1 27
1 19


2380 1 26 27 19
1 26
1 27
1 19


2381 1 26 27 19
1 26
1 27
1 19


2382 1 26 27 19
1 26
1 27
1 19


2383 1 26 27 19
1 26
1 27
1 19


2384 1 26 27 19
1 26
1 27
1 19


2385 1 26 27 19
1 26
1 27
1 19


2386 1 26 27 19
1 26
1 27
1 19


2387 1 26 27 19
1 26
1 27
1 19


2388 1 26 27 19
1 26
1 27
1 19


2389 1 26 27 19
1 26
1 27
1 19


2390 1 26 27 19
1 26
1 27
1 19


2391 1 26 27 19
1 26
1 27
1 19


2392 1 26 27 19
1 26
1 27
1 19


2393 1 26 27 19
1 26
1 27
1 19


2394 1 26 27 19
1 26
1 27
1 19


2395 1 26 27 19
1 26
1 27
1 19


2396 1 26 27 19
1 26
1 27
1 19


2397 1 26 27 19
1 26
1 27
1 19


2398 1 26 27 19
1 26
1 27
1 19


2399 1 26 27 19
1 26
1 27
1 19


2400 1 26 27 19
1 26
1 27
1 19


2401 1 26 27 19
1 26
1 27
1 19


2402 1 26 27 19
1 26
1 27
1 19


2403 1 26 27 19
1 26
1 27
1 19


2404 1 26 27 19
1 26
1 27
1 19


2405 1 26 27 19
1 26
1 27
1 19


2406 1 26 27 19
1 26
1 27
1 19


2407 1 26 27 19
1 26
1 27
1 19


2408 1 26 27 19
1 26
1 27
1 19


2409 1 26 27 19
1 26
1 27
1 19


2410 1 26 27 19
1 26
1 27
1 19


2411 1 26 27 19
1 26
1 27
1 19


2412 1 26 27 19
1 26
1 27
1 19


2413 1 26 27 19
1 26
1 27
1 19


2414 1 26 27 19
1 26
1 27
1 19


2415 1 26 27 19
1 26
1 27
1 19


2416 1 26 27 19
1 26
1 27
1 19


2417 1 26 27 19
1 26
1 27
1 19


2418 1 26 27 19
1 26
1 27
1 19


2419 1 26 27 19
1 26
1 27
1 19


2420 1 26 27 19
1 26
1 27
1 19


2421 1 26 27 19
1 26
1 27
1 19


2422 1 26 27 19
1 26
1 27
1 19


2423 1 26 27 19
1 26
1 27
1 19


2424 1 26 27 19
1 26
1 27
1 19


2425 1 26 27 19
1 26
1 27
1 19


2426 1 26 27 19
1 26
1 27
1 19


2427 1 26 27 19
1 26
1 27
1 19


2428 1 26 27 19
1 26
1 27
1 19


2429 1 26 27 19
1 26
1 27
1 19


2430 1 26 27 19
1 26
1 27
1 19


2431 1 26 27 19
1 26
1 27
1 19


2432 1 26 27 19
1 26
1 27
1 19


2433 1 26 27 19
1 26
1 27
1 19


2434 1 26 27 19
1 26
1 27
1 19


2435 1 26 27 19
1 26
1 27
1 19


2436 1 26 27 19
1 26
1 27
1 19


2437 1 26 27 19
1 26
1 27
1 19


2438 1 26 27 19
1 26
1 27
1 19


2439 1 26 27 19
1 26
1 27
1 19


37 11 22 23 31 30
11 22
11 23
11 31
11 30


38 11 22 23 31 30
11 22
11 23
11 31
11 30


39 11 22 23 31 30
11 22
11 23
11 31
11 30


40 11 22 23 31 30
11 22
11 23
11 31
11 30


41 11 22 23 31 30
11 22
11 23
11 31
11 30


42 11 22 23 31 30
11 22
11 23
11 31
11 30


43 11 22 23 31 30
11 22
11 23
11 31
11 30


44 11 22 23 31 30
11 22
11 23
11 31
11 30


45 11 22 23 31 30
11 22
11 23
11 31
11 30


46 11 22 23 31 30
11 22
11 23
11 31
11 30


47 11 22 23 31 30
11 22
11 23
11 31
11 30


48 11 22 23 31 30
11 22
11 23
11 31
11 30


49 11 22 23 31 30
11 22
11 23
11 31
11 30


50 11 22 23 31 30
11 22
11 23
11 31
11 30


51 11 22 23 31 30
11 22
11 23
11 31
11 30


52 11 22 23 31 30
11 22
11 23
11 31
11 30


53 11 22 23 31 30
11 22
11 23
11 31
11 30


54 11 22 23 31 30
11 22
11 23
11 31
11 30


55 11 22 23 31 30
11 22
11 23
11 31
11 30


56 11 22 23 31 30
11 22
11 23
11 31
11 30


57 11 22 23 31 30
11 22
11 23
11 31
11 30


58 11 22 23 31 30
11 22
11 23
11 31
11 30


59 11 22 23 31 30
11 22
11 23
11 31
11 30


60 11 22 23 31 30
11 22
11 23
11 31
11 30


61 11 22 23 31 30
11 22
11 23
11 31
11 30


62 11 22 23 31 30
11 22
11 23
11 31
11 30


63 11 22 23 31 30
11 22
11 23
11 31
11 30


64 11 22 23 31 30
11 22
11 23
11 31
11 30


65 11 22 23 31 30
11 22
11 23
11 31
11 30


66 11 22 23 31 30
11 22
11 23
11 31
11 30


67 11 22 23 31 30
11 22
11 23
11 31
11 30


68 11 22 23 31 30
11 22
11 23
11 31
11 30


69 11 22 23 31 30
11 22
11 23
11 31
11 30


70 11 22 23 31 30
11 22
11 23
11 31
11 30


71 11 22 23 31 30
11 22
11 23
11 31
11 30


72 11 22 23 31 30
11 22
11 23
11 31
11 30


73 11 22 23 31 30
11 22
11 23
11 31
11 30


74 11 22 23 31 30
11 22
11 23
11 31
11 30


75 11 22 23 31 30
11 22
11 23
11 31
11 30


76 11 22 23 31 30
11 22
11 23
11 31
11 30


77 11 22 23 31 30
11 22
11 23
11 31
11 30


78 11 22 23 31 30
11 22
11 23
11 31
11 30


79 11 22 23 31 30
11 22
11 23
11 31
11 30


80 11 22 23 31 30
11 22
11 23
11 31
11 30


81 11 22 23 31 30
11 22
11 23
11 31
11 30


