0 4 1 8
4 1
4 8


1 4 1 8
4 1
4 8


2 4 1 8
4 1
4 8


3 4 1 8
4 1
4 8


4 4 1 8
4 1
4 8


5 4 1 8
4 1
4 8


6 4 1 8
4 1
4 8


7 4 1 8
4 1
4 8


8 4 1 8
4 1
4 8


9 4 1 8
4 1
4 8


10 4 1 8
4 1
4 8


11 4 1 8
4 1
4 8


12 4 1 8
4 1
4 8


13 4 1 8
4 1
4 8


14 4 1 8
4 1
4 8


15 4 1 8
4 1
4 8


81 0 31 30
0 31
0 30


82 0 31 30
0 31
0 30


83 0 31 30
0 31
0 30


84 0 31 30
0 31
0 30


85 0 31 30
0 31
0 30


86 0 31 30
0 31
0 30


87 0 31 30
0 31
0 30


88 0 31 30
0 31
0 30


89 0 31 30
0 31
0 30


90 0 31 30
0 31
0 30


91 0 31 30
0 31
0 30


92 0 31 30
0 31
0 30


93 0 31 30
0 31
0 30


94 0 31 30
0 31
0 30


95 0 31 30
0 31
0 30


96 0 31 30
0 31
0 30


162 37 40 33
37 40
37 33


163 37 40 33
37 40
37 33


164 37 40 33
37 40
37 33


165 37 40 33
37 40
37 33


166 37 40 33
37 40
37 33


167 37 40 33
37 40
37 33


168 37 40 33
37 40
37 33


169 37 40 33
37 40
37 33


170 37 40 33
37 40
37 33


171 37 40 33
37 40
37 33


172 37 40 33
37 40
37 33


173 37 40 33
37 40
37 33


174 37 40 33
37 40
37 33


175 37 40 33
37 40
37 33


176 37 40 33
37 40
37 33


177 37 40 33
37 40
37 33


243 39 29 35
39 29
39 35


244 39 29 35
39 29
39 35


245 39 29 35
39 29
39 35


246 39 29 35
39 29
39 35


247 39 29 35
39 29
39 35


248 39 29 35
39 29
39 35


249 39 29 35
39 29
39 35


250 39 29 35
39 29
39 35


251 39 29 35
39 29
39 35


252 39 29 35
39 29
39 35


253 39 29 35
39 29
39 35


254 39 29 35
39 29
39 35


255 39 29 35
39 29
39 35


256 39 29 35
39 29
39 35


257 39 29 35
39 29
39 35


258 39 29 35
39 29
39 35


324 42 43 0
42 43
42 0


325 42 43 0
42 43
42 0


326 42 43 0
42 43
42 0


327 42 43 0
42 43
42 0


328 42 43 0
42 43
42 0


329 42 43 0
42 43
42 0


330 42 43 0
42 43
42 0


331 42 43 0
42 43
42 0


332 42 43 0
42 43
42 0


333 42 43 0
42 43
42 0


334 42 43 0
42 43
42 0


335 42 43 0
42 43
42 0


336 42 43 0
42 43
42 0


337 42 43 0
42 43
42 0


338 42 43 0
42 43
42 0


339 42 43 0
42 43
42 0


340 42 43 0
42 43
42 0


341 42 43 0
42 43
42 0


342 42 43 0
42 43
42 0


343 42 43 0
42 43
42 0


344 42 43 0
42 43
42 0


345 42 43 0
42 43
42 0


346 42 43 0
42 43
42 0


347 42 43 0
42 43
42 0


348 42 43 0
42 43
42 0


349 42 43 0
42 43
42 0


350 42 43 0
42 43
42 0


351 42 43 0
42 43
42 0


352 42 43 0
42 43
42 0


353 42 43 0
42 43
42 0


354 42 43 0
42 43
42 0


355 42 43 0
42 43
42 0


356 42 43 0
42 43
42 0


357 42 43 0
42 43
42 0


358 42 43 0
42 43
42 0


359 42 43 0
42 43
42 0


360 42 43 0
42 43
42 0


361 42 43 0
42 43
42 0


362 42 43 0
42 43
42 0


363 42 43 0
42 43
42 0


364 42 43 0
42 43
42 0


365 42 43 0
42 43
42 0


366 42 43 0
42 43
42 0


367 42 43 0
42 43
42 0


368 42 43 0
42 43
42 0


369 42 43 0
42 43
42 0


370 42 43 0
42 43
42 0


371 42 43 0
42 43
42 0


372 42 43 0
42 43
42 0


373 42 43 0
42 43
42 0


374 42 43 0
42 43
42 0


375 42 43 0
42 43
42 0


376 42 43 0
42 43
42 0


377 42 43 0
42 43
42 0


378 42 43 0
42 43
42 0


379 42 43 0
42 43
42 0


380 42 43 0
42 43
42 0


381 42 43 0
42 43
42 0


382 42 43 0
42 43
42 0


383 42 43 0
42 43
42 0


384 42 43 0
42 43
42 0


385 42 43 0
42 43
42 0


386 42 43 0
42 43
42 0


387 42 43 0
42 43
42 0


645 1 8 7
1 8
1 7


646 1 8 7
1 8
1 7


647 1 8 7
1 8
1 7


648 1 8 7
1 8
1 7


649 1 8 7
1 8
1 7


650 1 8 7
1 8
1 7


651 1 8 7
1 8
1 7


652 1 8 7
1 8
1 7


653 1 8 7
1 8
1 7


654 1 8 7
1 8
1 7


655 1 8 7
1 8
1 7


656 1 8 7
1 8
1 7


657 1 8 7
1 8
1 7


658 1 8 7
1 8
1 7


659 1 8 7
1 8
1 7


660 1 8 7
1 8
1 7


661 1 8 7
1 8
1 7


662 1 8 7
1 8
1 7


663 1 8 7
1 8
1 7


664 1 8 7
1 8
1 7


665 1 8 7
1 8
1 7


666 1 8 7
1 8
1 7


667 1 8 7
1 8
1 7


668 1 8 7
1 8
1 7


669 1 8 7
1 8
1 7


670 1 8 7
1 8
1 7


671 1 8 7
1 8
1 7


672 1 8 7
1 8
1 7


673 1 8 7
1 8
1 7


674 1 8 7
1 8
1 7


675 1 8 7
1 8
1 7


676 1 8 7
1 8
1 7


677 1 8 7
1 8
1 7


678 1 8 7
1 8
1 7


679 1 8 7
1 8
1 7


680 1 8 7
1 8
1 7


681 1 8 7
1 8
1 7


682 1 8 7
1 8
1 7


683 1 8 7
1 8
1 7


684 1 8 7
1 8
1 7


685 1 8 7
1 8
1 7


686 1 8 7
1 8
1 7


687 1 8 7
1 8
1 7


688 1 8 7
1 8
1 7


689 1 8 7
1 8
1 7


690 1 8 7
1 8
1 7


691 1 8 7
1 8
1 7


692 1 8 7
1 8
1 7


693 1 8 7
1 8
1 7


694 1 8 7
1 8
1 7


695 1 8 7
1 8
1 7


696 1 8 7
1 8
1 7


697 1 8 7
1 8
1 7


698 1 8 7
1 8
1 7


699 1 8 7
1 8
1 7


700 1 8 7
1 8
1 7


701 1 8 7
1 8
1 7


702 1 8 7
1 8
1 7


703 1 8 7
1 8
1 7


704 1 8 7
1 8
1 7


705 1 8 7
1 8
1 7


706 1 8 7
1 8
1 7


707 1 8 7
1 8
1 7


708 1 8 7
1 8
1 7


709 1 8 7
1 8
1 7


710 1 8 7
1 8
1 7


711 1 8 7
1 8
1 7


712 1 8 7
1 8
1 7


713 1 8 7
1 8
1 7


714 1 8 7
1 8
1 7


715 1 8 7
1 8
1 7


716 1 8 7
1 8
1 7


717 1 8 7
1 8
1 7


718 1 8 7
1 8
1 7


719 1 8 7
1 8
1 7


720 1 8 7
1 8
1 7


721 1 8 7
1 8
1 7


722 1 8 7
1 8
1 7


723 1 8 7
1 8
1 7


724 1 8 7
1 8
1 7


725 1 8 7
1 8
1 7


726 1 8 7
1 8
1 7


727 1 8 7
1 8
1 7


728 1 8 7
1 8
1 7


729 1 8 7
1 8
1 7


730 1 8 7
1 8
1 7


731 1 8 7
1 8
1 7


732 1 8 7
1 8
1 7


733 1 8 7
1 8
1 7


734 1 8 7
1 8
1 7


735 1 8 7
1 8
1 7


736 1 8 7
1 8
1 7


737 1 8 7
1 8
1 7


738 1 8 7
1 8
1 7


739 1 8 7
1 8
1 7


740 1 8 7
1 8
1 7


741 1 8 7
1 8
1 7


742 1 8 7
1 8
1 7


743 1 8 7
1 8
1 7


744 1 8 7
1 8
1 7


745 1 8 7
1 8
1 7


746 1 8 7
1 8
1 7


747 1 8 7
1 8
1 7


748 1 8 7
1 8
1 7


749 1 8 7
1 8
1 7


750 1 8 7
1 8
1 7


751 1 8 7
1 8
1 7


752 1 8 7
1 8
1 7


753 1 8 7
1 8
1 7


754 1 8 7
1 8
1 7


755 1 8 7
1 8
1 7


756 1 8 7
1 8
1 7


757 1 8 7
1 8
1 7


758 1 8 7
1 8
1 7


759 1 8 7
1 8
1 7


760 1 8 7
1 8
1 7


761 1 8 7
1 8
1 7


762 1 8 7
1 8
1 7


763 1 8 7
1 8
1 7


764 1 8 7
1 8
1 7


765 1 8 7
1 8
1 7


766 1 8 7
1 8
1 7


767 1 8 7
1 8
1 7


768 1 8 7
1 8
1 7


769 1 8 7
1 8
1 7


770 1 8 7
1 8
1 7


771 1 8 7
1 8
1 7


772 1 8 7
1 8
1 7


1034 14 15 16
14 15
14 16


1035 14 15 16
14 15
14 16


1036 14 15 16
14 15
14 16


1037 14 15 16
14 15
14 16


1038 14 15 16
14 15
14 16


1039 14 15 16
14 15
14 16


1040 14 15 16
14 15
14 16


1041 14 15 16
14 15
14 16


1042 14 15 16
14 15
14 16


1043 14 15 16
14 15
14 16


1044 14 15 16
14 15
14 16


1045 14 15 16
14 15
14 16


1046 14 15 16
14 15
14 16


1047 14 15 16
14 15
14 16


1048 14 15 16
14 15
14 16


1049 14 15 16
14 15
14 16


1115 22 23 24
22 23
22 24


1116 22 23 24
22 23
22 24


1117 22 23 24
22 23
22 24


1118 22 23 24
22 23
22 24


1119 22 23 24
22 23
22 24


1120 22 23 24
22 23
22 24


1121 22 23 24
22 23
22 24


1122 22 23 24
22 23
22 24


1123 22 23 24
22 23
22 24


1124 22 23 24
22 23
22 24


1125 22 23 24
22 23
22 24


1126 22 23 24
22 23
22 24


1127 22 23 24
22 23
22 24


1128 22 23 24
22 23
22 24


1129 22 23 24
22 23
22 24


1130 22 23 24
22 23
22 24


1973 15 24 17
15 24
15 17


1974 15 24 17
15 24
15 17


1975 15 24 17
15 24
15 17


1976 15 24 17
15 24
15 17


1977 15 24 17
15 24
15 17


1978 15 24 17
15 24
15 17


1979 15 24 17
15 24
15 17


1980 15 24 17
15 24
15 17


1981 15 24 17
15 24
15 17


1982 15 24 17
15 24
15 17


1983 15 24 17
15 24
15 17


1984 15 24 17
15 24
15 17


1985 15 24 17
15 24
15 17


1986 15 24 17
15 24
15 17


1987 15 24 17
15 24
15 17


1988 15 24 17
15 24
15 17


1989 15 24 17
15 24
15 17


1990 15 24 17
15 24
15 17


1991 15 24 17
15 24
15 17


1992 15 24 17
15 24
15 17


1993 15 24 17
15 24
15 17


1994 15 24 17
15 24
15 17


1995 15 24 17
15 24
15 17


1996 15 24 17
15 24
15 17


1997 15 24 17
15 24
15 17


1998 15 24 17
15 24
15 17


1999 15 24 17
15 24
15 17


2000 15 24 17
15 24
15 17


2001 15 24 17
15 24
15 17


2002 15 24 17
15 24
15 17


2003 15 24 17
15 24
15 17


2004 15 24 17
15 24
15 17


2005 15 24 17
15 24
15 17


2006 15 24 17
15 24
15 17


2007 15 24 17
15 24
15 17


2008 15 24 17
15 24
15 17


2009 15 24 17
15 24
15 17


2010 15 24 17
15 24
15 17


2011 15 24 17
15 24
15 17


2012 15 24 17
15 24
15 17


2013 15 24 17
15 24
15 17


2014 15 24 17
15 24
15 17


2015 15 24 17
15 24
15 17


2016 15 24 17
15 24
15 17


2017 15 24 17
15 24
15 17


2018 15 24 17
15 24
15 17


2019 15 24 17
15 24
15 17


2020 15 24 17
15 24
15 17


2021 15 24 17
15 24
15 17


2022 15 24 17
15 24
15 17


2023 15 24 17
15 24
15 17


2024 15 24 17
15 24
15 17


2025 15 24 17
15 24
15 17


2026 15 24 17
15 24
15 17


2027 15 24 17
15 24
15 17


2028 15 24 17
15 24
15 17


2029 15 24 17
15 24
15 17


2030 15 24 17
15 24
15 17


2031 15 24 17
15 24
15 17


2032 15 24 17
15 24
15 17


2033 15 24 17
15 24
15 17


2034 15 24 17
15 24
15 17


2035 15 24 17
15 24
15 17


2036 15 24 17
15 24
15 17


2037 15 24 17
15 24
15 17


2038 15 24 17
15 24
15 17


2039 15 24 17
15 24
15 17


2040 15 24 17
15 24
15 17


2041 15 24 17
15 24
15 17


2042 15 24 17
15 24
15 17


2043 15 24 17
15 24
15 17


2044 15 24 17
15 24
15 17


2045 15 24 17
15 24
15 17


2046 15 24 17
15 24
15 17


2047 15 24 17
15 24
15 17


2048 15 24 17
15 24
15 17


2049 15 24 17
15 24
15 17


2050 15 24 17
15 24
15 17


2051 15 24 17
15 24
15 17


2052 15 24 17
15 24
15 17


2053 15 24 17
15 24
15 17


2054 15 24 17
15 24
15 17


2055 15 24 17
15 24
15 17


2056 15 24 17
15 24
15 17


2057 15 24 17
15 24
15 17


2058 15 24 17
15 24
15 17


2059 15 24 17
15 24
15 17


2060 15 24 17
15 24
15 17


2061 15 24 17
15 24
15 17


2062 15 24 17
15 24
15 17


2063 15 24 17
15 24
15 17


2064 15 24 17
15 24
15 17


2065 15 24 17
15 24
15 17


2066 15 24 17
15 24
15 17


2067 15 24 17
15 24
15 17


2068 15 24 17
15 24
15 17


2069 15 24 17
15 24
15 17


2070 15 24 17
15 24
15 17


2071 15 24 17
15 24
15 17


2072 15 24 17
15 24
15 17


2073 15 24 17
15 24
15 17


2074 15 24 17
15 24
15 17


2075 15 24 17
15 24
15 17


2076 15 24 17
15 24
15 17


2077 15 24 17
15 24
15 17


2078 15 24 17
15 24
15 17


2079 15 24 17
15 24
15 17


2080 15 24 17
15 24
15 17


2081 15 24 17
15 24
15 17


2082 15 24 17
15 24
15 17


2083 15 24 17
15 24
15 17


2084 15 24 17
15 24
15 17


2085 15 24 17
15 24
15 17


2086 15 24 17
15 24
15 17


2087 15 24 17
15 24
15 17


2088 15 24 17
15 24
15 17


2089 15 24 17
15 24
15 17


2090 15 24 17
15 24
15 17


2091 15 24 17
15 24
15 17


2092 15 24 17
15 24
15 17


2093 15 24 17
15 24
15 17


2094 15 24 17
15 24
15 17


2095 15 24 17
15 24
15 17


2096 15 24 17
15 24
15 17


2097 15 24 17
15 24
15 17


2098 15 24 17
15 24
15 17


2099 15 24 17
15 24
15 17


2100 15 24 17
15 24
15 17


3401 32 41 48
32 41
32 48


3402 32 41 48
32 41
32 48


3403 32 41 48
32 41
32 48


3404 32 41 48
32 41
32 48


3405 32 41 48
32 41
32 48


3406 32 41 48
32 41
32 48


3407 32 41 48
32 41
32 48


3408 32 41 48
32 41
32 48


3409 32 41 48
32 41
32 48


3410 32 41 48
32 41
32 48


3411 32 41 48
32 41
32 48


3412 32 41 48
32 41
32 48


3413 32 41 48
32 41
32 48


3414 32 41 48
32 41
32 48


3415 32 41 48
32 41
32 48


3416 32 41 48
32 41
32 48


3417 32 41 48
32 41
32 48


3418 32 41 48
32 41
32 48


3419 32 41 48
32 41
32 48


3420 32 41 48
32 41
32 48


3421 32 41 48
32 41
32 48


3422 32 41 48
32 41
32 48


3423 32 41 48
32 41
32 48


3424 32 41 48
32 41
32 48


3425 32 41 48
32 41
32 48


3426 32 41 48
32 41
32 48


3427 32 41 48
32 41
32 48


3428 32 41 48
32 41
32 48


3429 32 41 48
32 41
32 48


3430 32 41 48
32 41
32 48


3431 32 41 48
32 41
32 48


3432 32 41 48
32 41
32 48


3433 32 41 48
32 41
32 48


3434 32 41 48
32 41
32 48


3435 32 41 48
32 41
32 48


3436 32 41 48
32 41
32 48


3437 32 41 48
32 41
32 48


3438 32 41 48
32 41
32 48


3439 32 41 48
32 41
32 48


3440 32 41 48
32 41
32 48


3441 32 41 48
32 41
32 48


3442 32 41 48
32 41
32 48


3443 32 41 48
32 41
32 48


3444 32 41 48
32 41
32 48


3445 32 41 48
32 41
32 48


3446 32 41 48
32 41
32 48


3447 32 41 48
32 41
32 48


3448 32 41 48
32 41
32 48


3449 32 41 48
32 41
32 48


3450 32 41 48
32 41
32 48


3451 32 41 48
32 41
32 48


3452 32 41 48
32 41
32 48


3453 32 41 48
32 41
32 48


3454 32 41 48
32 41
32 48


3455 32 41 48
32 41
32 48


3456 32 41 48
32 41
32 48


3457 32 41 48
32 41
32 48


3458 32 41 48
32 41
32 48


3459 32 41 48
32 41
32 48


3460 32 41 48
32 41
32 48


3461 32 41 48
32 41
32 48


3462 32 41 48
32 41
32 48


3463 32 41 48
32 41
32 48


3464 32 41 48
32 41
32 48


3465 32 41 48
32 41
32 48


3466 32 41 48
32 41
32 48


3467 32 41 48
32 41
32 48


3468 32 41 48
32 41
32 48


3469 32 41 48
32 41
32 48


3470 32 41 48
32 41
32 48


3471 32 41 48
32 41
32 48


3472 32 41 48
32 41
32 48


3473 32 41 48
32 41
32 48


3474 32 41 48
32 41
32 48


3475 32 41 48
32 41
32 48


3476 32 41 48
32 41
32 48


3477 32 41 48
32 41
32 48


3478 32 41 48
32 41
32 48


3479 32 41 48
32 41
32 48


3480 32 41 48
32 41
32 48


3481 32 41 48
32 41
32 48


3482 32 41 48
32 41
32 48


3483 32 41 48
32 41
32 48


3484 32 41 48
32 41
32 48


3485 32 41 48
32 41
32 48


3486 32 41 48
32 41
32 48


3487 32 41 48
32 41
32 48


3488 32 41 48
32 41
32 48


3489 32 41 48
32 41
32 48


3490 32 41 48
32 41
32 48


3491 32 41 48
32 41
32 48


3492 32 41 48
32 41
32 48


3493 32 41 48
32 41
32 48


3494 32 41 48
32 41
32 48


3495 32 41 48
32 41
32 48


3496 32 41 48
32 41
32 48


3497 32 41 48
32 41
32 48


3498 32 41 48
32 41
32 48


3499 32 41 48
32 41
32 48


3500 32 41 48
32 41
32 48


3501 32 41 48
32 41
32 48


3502 32 41 48
32 41
32 48


3503 32 41 48
32 41
32 48


3504 32 41 48
32 41
32 48


3505 32 41 48
32 41
32 48


3506 32 41 48
32 41
32 48


3507 32 41 48
32 41
32 48


3508 32 41 48
32 41
32 48


3509 32 41 48
32 41
32 48


3510 32 41 48
32 41
32 48


3511 32 41 48
32 41
32 48


3512 32 41 48
32 41
32 48


3513 32 41 48
32 41
32 48


3514 32 41 48
32 41
32 48


3515 32 41 48
32 41
32 48


3516 32 41 48
32 41
32 48


3517 32 41 48
32 41
32 48


3518 32 41 48
32 41
32 48


3519 32 41 48
32 41
32 48


3520 32 41 48
32 41
32 48


3521 32 41 48
32 41
32 48


3522 32 41 48
32 41
32 48


3523 32 41 48
32 41
32 48


3524 32 41 48
32 41
32 48


3525 32 41 48
32 41
32 48


3526 32 41 48
32 41
32 48


3527 32 41 48
32 41
32 48


3528 32 41 48
32 41
32 48


4829 15 16 23
15 16
15 23


4830 15 16 23
15 16
15 23


4831 15 16 23
15 16
15 23


4832 15 16 23
15 16
15 23


4833 15 16 23
15 16
15 23


4834 15 16 23
15 16
15 23


4835 15 16 23
15 16
15 23


4836 15 16 23
15 16
15 23


4837 15 16 23
15 16
15 23


4838 15 16 23
15 16
15 23


4839 15 16 23
15 16
15 23


4840 15 16 23
15 16
15 23


4841 15 16 23
15 16
15 23


4842 15 16 23
15 16
15 23


4843 15 16 23
15 16
15 23


4844 15 16 23
15 16
15 23


4845 15 16 23
15 16
15 23


4846 15 16 23
15 16
15 23


4847 15 16 23
15 16
15 23


4848 15 16 23
15 16
15 23


4849 15 16 23
15 16
15 23


4850 15 16 23
15 16
15 23


4851 15 16 23
15 16
15 23


4852 15 16 23
15 16
15 23


4853 15 16 23
15 16
15 23


4854 15 16 23
15 16
15 23


4855 15 16 23
15 16
15 23


4856 15 16 23
15 16
15 23


4857 15 16 23
15 16
15 23


4858 15 16 23
15 16
15 23


4859 15 16 23
15 16
15 23


4860 15 16 23
15 16
15 23


4861 15 16 23
15 16
15 23


4862 15 16 23
15 16
15 23


4863 15 16 23
15 16
15 23


4864 15 16 23
15 16
15 23


4865 15 16 23
15 16
15 23


4866 15 16 23
15 16
15 23


4867 15 16 23
15 16
15 23


4868 15 16 23
15 16
15 23


4869 15 16 23
15 16
15 23


4870 15 16 23
15 16
15 23


4871 15 16 23
15 16
15 23


4872 15 16 23
15 16
15 23


4873 15 16 23
15 16
15 23


4874 15 16 23
15 16
15 23


4875 15 16 23
15 16
15 23


4876 15 16 23
15 16
15 23


4877 15 16 23
15 16
15 23


4878 15 16 23
15 16
15 23


4879 15 16 23
15 16
15 23


4880 15 16 23
15 16
15 23


4881 15 16 23
15 16
15 23


4882 15 16 23
15 16
15 23


4883 15 16 23
15 16
15 23


4884 15 16 23
15 16
15 23


4885 15 16 23
15 16
15 23


4886 15 16 23
15 16
15 23


4887 15 16 23
15 16
15 23


4888 15 16 23
15 16
15 23


4889 15 16 23
15 16
15 23


4890 15 16 23
15 16
15 23


4891 15 16 23
15 16
15 23


4892 15 16 23
15 16
15 23


4893 15 16 23
15 16
15 23


4894 15 16 23
15 16
15 23


4895 15 16 23
15 16
15 23


4896 15 16 23
15 16
15 23


4897 15 16 23
15 16
15 23


4898 15 16 23
15 16
15 23


4899 15 16 23
15 16
15 23


4900 15 16 23
15 16
15 23


4901 15 16 23
15 16
15 23


4902 15 16 23
15 16
15 23


4903 15 16 23
15 16
15 23


4904 15 16 23
15 16
15 23


4905 15 16 23
15 16
15 23


4906 15 16 23
15 16
15 23


4907 15 16 23
15 16
15 23


4908 15 16 23
15 16
15 23


4909 15 16 23
15 16
15 23


4910 15 16 23
15 16
15 23


4911 15 16 23
15 16
15 23


4912 15 16 23
15 16
15 23


4913 15 16 23
15 16
15 23


4914 15 16 23
15 16
15 23


4915 15 16 23
15 16
15 23


4916 15 16 23
15 16
15 23


4917 15 16 23
15 16
15 23


4918 15 16 23
15 16
15 23


4919 15 16 23
15 16
15 23


4920 15 16 23
15 16
15 23


4921 15 16 23
15 16
15 23


4922 15 16 23
15 16
15 23


4923 15 16 23
15 16
15 23


4924 15 16 23
15 16
15 23


4925 15 16 23
15 16
15 23


4926 15 16 23
15 16
15 23


4927 15 16 23
15 16
15 23


4928 15 16 23
15 16
15 23


4929 15 16 23
15 16
15 23


4930 15 16 23
15 16
15 23


4931 15 16 23
15 16
15 23


4932 15 16 23
15 16
15 23


4933 15 16 23
15 16
15 23


4934 15 16 23
15 16
15 23


4935 15 16 23
15 16
15 23


4936 15 16 23
15 16
15 23


4937 15 16 23
15 16
15 23


4938 15 16 23
15 16
15 23


4939 15 16 23
15 16
15 23


4940 15 16 23
15 16
15 23


4941 15 16 23
15 16
15 23


4942 15 16 23
15 16
15 23


4943 15 16 23
15 16
15 23


4944 15 16 23
15 16
15 23


4945 15 16 23
15 16
15 23


4946 15 16 23
15 16
15 23


4947 15 16 23
15 16
15 23


4948 15 16 23
15 16
15 23


4949 15 16 23
15 16
15 23


4950 15 16 23
15 16
15 23


4951 15 16 23
15 16
15 23


4952 15 16 23
15 16
15 23


4953 15 16 23
15 16
15 23


4954 15 16 23
15 16
15 23


4955 15 16 23
15 16
15 23


4956 15 16 23
15 16
15 23


6257 18 48 47
18 48
18 47


6258 18 48 47
18 48
18 47


6259 18 48 47
18 48
18 47


6260 18 48 47
18 48
18 47


6261 18 48 47
18 48
18 47


6262 18 48 47
18 48
18 47


6263 18 48 47
18 48
18 47


6264 18 48 47
18 48
18 47


6265 18 48 47
18 48
18 47


6266 18 48 47
18 48
18 47


6267 18 48 47
18 48
18 47


6268 18 48 47
18 48
18 47


6269 18 48 47
18 48
18 47


6270 18 48 47
18 48
18 47


6271 18 48 47
18 48
18 47


6272 18 48 47
18 48
18 47


6273 18 48 47
18 48
18 47


6274 18 48 47
18 48
18 47


6275 18 48 47
18 48
18 47


6276 18 48 47
18 48
18 47


6277 18 48 47
18 48
18 47


6278 18 48 47
18 48
18 47


6279 18 48 47
18 48
18 47


6280 18 48 47
18 48
18 47


6281 18 48 47
18 48
18 47


6282 18 48 47
18 48
18 47


6283 18 48 47
18 48
18 47


6284 18 48 47
18 48
18 47


6285 18 48 47
18 48
18 47


6286 18 48 47
18 48
18 47


6287 18 48 47
18 48
18 47


6288 18 48 47
18 48
18 47


6289 18 48 47
18 48
18 47


6290 18 48 47
18 48
18 47


6291 18 48 47
18 48
18 47


6292 18 48 47
18 48
18 47


6293 18 48 47
18 48
18 47


6294 18 48 47
18 48
18 47


6295 18 48 47
18 48
18 47


6296 18 48 47
18 48
18 47


6297 18 48 47
18 48
18 47


6298 18 48 47
18 48
18 47


6299 18 48 47
18 48
18 47


6300 18 48 47
18 48
18 47


6301 18 48 47
18 48
18 47


6302 18 48 47
18 48
18 47


6303 18 48 47
18 48
18 47


6304 18 48 47
18 48
18 47


6305 18 48 47
18 48
18 47


6306 18 48 47
18 48
18 47


6307 18 48 47
18 48
18 47


6308 18 48 47
18 48
18 47


6309 18 48 47
18 48
18 47


6310 18 48 47
18 48
18 47


6311 18 48 47
18 48
18 47


6312 18 48 47
18 48
18 47


6313 18 48 47
18 48
18 47


6314 18 48 47
18 48
18 47


6315 18 48 47
18 48
18 47


6316 18 48 47
18 48
18 47


6317 18 48 47
18 48
18 47


6318 18 48 47
18 48
18 47


6319 18 48 47
18 48
18 47


6320 18 48 47
18 48
18 47


6321 18 48 47
18 48
18 47


6322 18 48 47
18 48
18 47


6323 18 48 47
18 48
18 47


6324 18 48 47
18 48
18 47


6325 18 48 47
18 48
18 47


6326 18 48 47
18 48
18 47


6327 18 48 47
18 48
18 47


6328 18 48 47
18 48
18 47


6329 18 48 47
18 48
18 47


6330 18 48 47
18 48
18 47


6331 18 48 47
18 48
18 47


6332 18 48 47
18 48
18 47


6333 18 48 47
18 48
18 47


6334 18 48 47
18 48
18 47


6335 18 48 47
18 48
18 47


6336 18 48 47
18 48
18 47


6337 18 48 47
18 48
18 47


6338 18 48 47
18 48
18 47


6339 18 48 47
18 48
18 47


6340 18 48 47
18 48
18 47


6341 18 48 47
18 48
18 47


6342 18 48 47
18 48
18 47


6343 18 48 47
18 48
18 47


6344 18 48 47
18 48
18 47


6345 18 48 47
18 48
18 47


6346 18 48 47
18 48
18 47


6347 18 48 47
18 48
18 47


6348 18 48 47
18 48
18 47


6349 18 48 47
18 48
18 47


6350 18 48 47
18 48
18 47


6351 18 48 47
18 48
18 47


6352 18 48 47
18 48
18 47


6353 18 48 47
18 48
18 47


6354 18 48 47
18 48
18 47


6355 18 48 47
18 48
18 47


6356 18 48 47
18 48
18 47


6357 18 48 47
18 48
18 47


6358 18 48 47
18 48
18 47


6359 18 48 47
18 48
18 47


6360 18 48 47
18 48
18 47


6361 18 48 47
18 48
18 47


6362 18 48 47
18 48
18 47


6363 18 48 47
18 48
18 47


6364 18 48 47
18 48
18 47


6365 18 48 47
18 48
18 47


6366 18 48 47
18 48
18 47


6367 18 48 47
18 48
18 47


6368 18 48 47
18 48
18 47


6369 18 48 47
18 48
18 47


6370 18 48 47
18 48
18 47


6371 18 48 47
18 48
18 47


6372 18 48 47
18 48
18 47


6373 18 48 47
18 48
18 47


6374 18 48 47
18 48
18 47


6375 18 48 47
18 48
18 47


6376 18 48 47
18 48
18 47


6377 18 48 47
18 48
18 47


6378 18 48 47
18 48
18 47


6379 18 48 47
18 48
18 47


6380 18 48 47
18 48
18 47


6381 18 48 47
18 48
18 47


6382 18 48 47
18 48
18 47


6383 18 48 47
18 48
18 47


6384 18 48 47
18 48
18 47


