0 3 1 7
3 1
3 7


1 3 1 7
3 1
3 7


2 3 1 7
3 1
3 7


3 3 1 7
3 1
3 7


4 3 1 7
3 1
3 7


5 3 1 7
3 1
3 7


6 3 1 7
3 1
3 7


7 3 1 7
3 1
3 7


8 3 1 7
3 1
3 7


9 3 1 7
3 1
3 7


10 3 1 7
3 1
3 7


11 3 1 7
3 1
3 7


12 3 1 7
3 1
3 7


13 3 1 7
3 1
3 7


14 3 1 7
3 1
3 7


15 3 1 7
3 1
3 7


81 0 13 14
0 13
0 14


82 0 13 14
0 13
0 14


83 0 13 14
0 13
0 14


84 0 13 14
0 13
0 14


85 0 13 14
0 13
0 14


86 0 13 14
0 13
0 14


87 0 13 14
0 13
0 14


88 0 13 14
0 13
0 14


89 0 13 14
0 13
0 14


90 0 13 14
0 13
0 14


91 0 13 14
0 13
0 14


92 0 13 14
0 13
0 14


93 0 13 14
0 13
0 14


94 0 13 14
0 13
0 14


95 0 13 14
0 13
0 14


96 0 13 14
0 13
0 14


162 20 9 8
20 9
20 8


163 20 9 8
20 9
20 8


164 20 9 8
20 9
20 8


165 20 9 8
20 9
20 8


166 20 9 8
20 9
20 8


167 20 9 8
20 9
20 8


168 20 9 8
20 9
20 8


169 20 9 8
20 9
20 8


170 20 9 8
20 9
20 8


171 20 9 8
20 9
20 8


172 20 9 8
20 9
20 8


173 20 9 8
20 9
20 8


174 20 9 8
20 9
20 8


175 20 9 8
20 9
20 8


176 20 9 8
20 9
20 8


177 20 9 8
20 9
20 8


243 4 27 26
4 27
4 26


244 4 27 26
4 27
4 26


245 4 27 26
4 27
4 26


246 4 27 26
4 27
4 26


247 4 27 26
4 27
4 26


248 4 27 26
4 27
4 26


249 4 27 26
4 27
4 26


250 4 27 26
4 27
4 26


251 4 27 26
4 27
4 26


252 4 27 26
4 27
4 26


253 4 27 26
4 27
4 26


254 4 27 26
4 27
4 26


255 4 27 26
4 27
4 26


256 4 27 26
4 27
4 26


257 4 27 26
4 27
4 26


258 4 27 26
4 27
4 26


324 31 24 30
31 24
31 30


325 31 24 30
31 24
31 30


326 31 24 30
31 24
31 30


327 31 24 30
31 24
31 30


328 31 24 30
31 24
31 30


329 31 24 30
31 24
31 30


330 31 24 30
31 24
31 30


331 31 24 30
31 24
31 30


332 31 24 30
31 24
31 30


333 31 24 30
31 24
31 30


334 31 24 30
31 24
31 30


335 31 24 30
31 24
31 30


336 31 24 30
31 24
31 30


337 31 24 30
31 24
31 30


338 31 24 30
31 24
31 30


339 31 24 30
31 24
31 30


340 31 24 30
31 24
31 30


341 31 24 30
31 24
31 30


342 31 24 30
31 24
31 30


343 31 24 30
31 24
31 30


344 31 24 30
31 24
31 30


345 31 24 30
31 24
31 30


346 31 24 30
31 24
31 30


347 31 24 30
31 24
31 30


348 31 24 30
31 24
31 30


349 31 24 30
31 24
31 30


350 31 24 30
31 24
31 30


351 31 24 30
31 24
31 30


352 31 24 30
31 24
31 30


353 31 24 30
31 24
31 30


354 31 24 30
31 24
31 30


355 31 24 30
31 24
31 30


356 31 24 30
31 24
31 30


357 31 24 30
31 24
31 30


358 31 24 30
31 24
31 30


359 31 24 30
31 24
31 30


360 31 24 30
31 24
31 30


361 31 24 30
31 24
31 30


362 31 24 30
31 24
31 30


363 31 24 30
31 24
31 30


364 31 24 30
31 24
31 30


365 31 24 30
31 24
31 30


366 31 24 30
31 24
31 30


367 31 24 30
31 24
31 30


368 31 24 30
31 24
31 30


369 31 24 30
31 24
31 30


370 31 24 30
31 24
31 30


371 31 24 30
31 24
31 30


372 31 24 30
31 24
31 30


373 31 24 30
31 24
31 30


374 31 24 30
31 24
31 30


375 31 24 30
31 24
31 30


376 31 24 30
31 24
31 30


377 31 24 30
31 24
31 30


378 31 24 30
31 24
31 30


379 31 24 30
31 24
31 30


380 31 24 30
31 24
31 30


381 31 24 30
31 24
31 30


382 31 24 30
31 24
31 30


383 31 24 30
31 24
31 30


384 31 24 30
31 24
31 30


385 31 24 30
31 24
31 30


386 31 24 30
31 24
31 30


387 31 24 30
31 24
31 30


645 25 1 7
25 1
25 7


646 25 1 7
25 1
25 7


647 25 1 7
25 1
25 7


648 25 1 7
25 1
25 7


649 25 1 7
25 1
25 7


650 25 1 7
25 1
25 7


651 25 1 7
25 1
25 7


652 25 1 7
25 1
25 7


653 25 1 7
25 1
25 7


654 25 1 7
25 1
25 7


655 25 1 7
25 1
25 7


656 25 1 7
25 1
25 7


657 25 1 7
25 1
25 7


658 25 1 7
25 1
25 7


659 25 1 7
25 1
25 7


660 25 1 7
25 1
25 7


661 25 1 7
25 1
25 7


662 25 1 7
25 1
25 7


663 25 1 7
25 1
25 7


664 25 1 7
25 1
25 7


665 25 1 7
25 1
25 7


666 25 1 7
25 1
25 7


667 25 1 7
25 1
25 7


668 25 1 7
25 1
25 7


669 25 1 7
25 1
25 7


670 25 1 7
25 1
25 7


671 25 1 7
25 1
25 7


672 25 1 7
25 1
25 7


673 25 1 7
25 1
25 7


674 25 1 7
25 1
25 7


675 25 1 7
25 1
25 7


676 25 1 7
25 1
25 7


677 25 1 7
25 1
25 7


678 25 1 7
25 1
25 7


679 25 1 7
25 1
25 7


680 25 1 7
25 1
25 7


681 25 1 7
25 1
25 7


682 25 1 7
25 1
25 7


683 25 1 7
25 1
25 7


684 25 1 7
25 1
25 7


685 25 1 7
25 1
25 7


686 25 1 7
25 1
25 7


687 25 1 7
25 1
25 7


688 25 1 7
25 1
25 7


689 25 1 7
25 1
25 7


690 25 1 7
25 1
25 7


691 25 1 7
25 1
25 7


692 25 1 7
25 1
25 7


693 25 1 7
25 1
25 7


694 25 1 7
25 1
25 7


695 25 1 7
25 1
25 7


696 25 1 7
25 1
25 7


697 25 1 7
25 1
25 7


698 25 1 7
25 1
25 7


699 25 1 7
25 1
25 7


700 25 1 7
25 1
25 7


701 25 1 7
25 1
25 7


702 25 1 7
25 1
25 7


703 25 1 7
25 1
25 7


704 25 1 7
25 1
25 7


705 25 1 7
25 1
25 7


706 25 1 7
25 1
25 7


707 25 1 7
25 1
25 7


708 25 1 7
25 1
25 7


709 25 1 7
25 1
25 7


710 25 1 7
25 1
25 7


711 25 1 7
25 1
25 7


712 25 1 7
25 1
25 7


713 25 1 7
25 1
25 7


714 25 1 7
25 1
25 7


715 25 1 7
25 1
25 7


716 25 1 7
25 1
25 7


717 25 1 7
25 1
25 7


718 25 1 7
25 1
25 7


719 25 1 7
25 1
25 7


720 25 1 7
25 1
25 7


721 25 1 7
25 1
25 7


722 25 1 7
25 1
25 7


723 25 1 7
25 1
25 7


724 25 1 7
25 1
25 7


725 25 1 7
25 1
25 7


726 25 1 7
25 1
25 7


727 25 1 7
25 1
25 7


728 25 1 7
25 1
25 7


729 25 1 7
25 1
25 7


730 25 1 7
25 1
25 7


731 25 1 7
25 1
25 7


732 25 1 7
25 1
25 7


733 25 1 7
25 1
25 7


734 25 1 7
25 1
25 7


735 25 1 7
25 1
25 7


736 25 1 7
25 1
25 7


737 25 1 7
25 1
25 7


738 25 1 7
25 1
25 7


739 25 1 7
25 1
25 7


740 25 1 7
25 1
25 7


741 25 1 7
25 1
25 7


742 25 1 7
25 1
25 7


743 25 1 7
25 1
25 7


744 25 1 7
25 1
25 7


745 25 1 7
25 1
25 7


746 25 1 7
25 1
25 7


747 25 1 7
25 1
25 7


748 25 1 7
25 1
25 7


749 25 1 7
25 1
25 7


750 25 1 7
25 1
25 7


751 25 1 7
25 1
25 7


752 25 1 7
25 1
25 7


753 25 1 7
25 1
25 7


754 25 1 7
25 1
25 7


755 25 1 7
25 1
25 7


756 25 1 7
25 1
25 7


757 25 1 7
25 1
25 7


758 25 1 7
25 1
25 7


759 25 1 7
25 1
25 7


760 25 1 7
25 1
25 7


761 25 1 7
25 1
25 7


762 25 1 7
25 1
25 7


763 25 1 7
25 1
25 7


764 25 1 7
25 1
25 7


765 25 1 7
25 1
25 7


766 25 1 7
25 1
25 7


767 25 1 7
25 1
25 7


768 25 1 7
25 1
25 7


769 25 1 7
25 1
25 7


770 25 1 7
25 1
25 7


771 25 1 7
25 1
25 7


772 25 1 7
25 1
25 7


1034 0 19 13
0 19
0 13


1035 0 19 13
0 19
0 13


1036 0 19 13
0 19
0 13


1037 0 19 13
0 19
0 13


1038 0 19 13
0 19
0 13


1039 0 19 13
0 19
0 13


1040 0 19 13
0 19
0 13


1041 0 19 13
0 19
0 13


1042 0 19 13
0 19
0 13


1043 0 19 13
0 19
0 13


1044 0 19 13
0 19
0 13


1045 0 19 13
0 19
0 13


1046 0 19 13
0 19
0 13


1047 0 19 13
0 19
0 13


1048 0 19 13
0 19
0 13


1049 0 19 13
0 19
0 13


1115 6 20 21
6 20
6 21


1116 6 20 21
6 20
6 21


1117 6 20 21
6 20
6 21


1118 6 20 21
6 20
6 21


1119 6 20 21
6 20
6 21


1120 6 20 21
6 20
6 21


1121 6 20 21
6 20
6 21


1122 6 20 21
6 20
6 21


1123 6 20 21
6 20
6 21


1124 6 20 21
6 20
6 21


1125 6 20 21
6 20
6 21


1126 6 20 21
6 20
6 21


1127 6 20 21
6 20
6 21


1128 6 20 21
6 20
6 21


1129 6 20 21
6 20
6 21


1130 6 20 21
6 20
6 21


1973 14 9 8
14 9
14 8


1974 14 9 8
14 9
14 8


1975 14 9 8
14 9
14 8


1976 14 9 8
14 9
14 8


1977 14 9 8
14 9
14 8


1978 14 9 8
14 9
14 8


1979 14 9 8
14 9
14 8


1980 14 9 8
14 9
14 8


1981 14 9 8
14 9
14 8


1982 14 9 8
14 9
14 8


1983 14 9 8
14 9
14 8


1984 14 9 8
14 9
14 8


1985 14 9 8
14 9
14 8


1986 14 9 8
14 9
14 8


1987 14 9 8
14 9
14 8


1988 14 9 8
14 9
14 8


1989 14 9 8
14 9
14 8


1990 14 9 8
14 9
14 8


1991 14 9 8
14 9
14 8


1992 14 9 8
14 9
14 8


1993 14 9 8
14 9
14 8


1994 14 9 8
14 9
14 8


1995 14 9 8
14 9
14 8


1996 14 9 8
14 9
14 8


1997 14 9 8
14 9
14 8


1998 14 9 8
14 9
14 8


1999 14 9 8
14 9
14 8


2000 14 9 8
14 9
14 8


2001 14 9 8
14 9
14 8


2002 14 9 8
14 9
14 8


2003 14 9 8
14 9
14 8


2004 14 9 8
14 9
14 8


2005 14 9 8
14 9
14 8


2006 14 9 8
14 9
14 8


2007 14 9 8
14 9
14 8


2008 14 9 8
14 9
14 8


2009 14 9 8
14 9
14 8


2010 14 9 8
14 9
14 8


2011 14 9 8
14 9
14 8


2012 14 9 8
14 9
14 8


2013 14 9 8
14 9
14 8


2014 14 9 8
14 9
14 8


2015 14 9 8
14 9
14 8


2016 14 9 8
14 9
14 8


2017 14 9 8
14 9
14 8


2018 14 9 8
14 9
14 8


2019 14 9 8
14 9
14 8


2020 14 9 8
14 9
14 8


2021 14 9 8
14 9
14 8


2022 14 9 8
14 9
14 8


2023 14 9 8
14 9
14 8


2024 14 9 8
14 9
14 8


2025 14 9 8
14 9
14 8


2026 14 9 8
14 9
14 8


2027 14 9 8
14 9
14 8


2028 14 9 8
14 9
14 8


2029 14 9 8
14 9
14 8


2030 14 9 8
14 9
14 8


2031 14 9 8
14 9
14 8


2032 14 9 8
14 9
14 8


2033 14 9 8
14 9
14 8


2034 14 9 8
14 9
14 8


2035 14 9 8
14 9
14 8


2036 14 9 8
14 9
14 8


2037 14 9 8
14 9
14 8


2038 14 9 8
14 9
14 8


2039 14 9 8
14 9
14 8


2040 14 9 8
14 9
14 8


2041 14 9 8
14 9
14 8


2042 14 9 8
14 9
14 8


2043 14 9 8
14 9
14 8


2044 14 9 8
14 9
14 8


2045 14 9 8
14 9
14 8


2046 14 9 8
14 9
14 8


2047 14 9 8
14 9
14 8


2048 14 9 8
14 9
14 8


2049 14 9 8
14 9
14 8


2050 14 9 8
14 9
14 8


2051 14 9 8
14 9
14 8


2052 14 9 8
14 9
14 8


2053 14 9 8
14 9
14 8


2054 14 9 8
14 9
14 8


2055 14 9 8
14 9
14 8


2056 14 9 8
14 9
14 8


2057 14 9 8
14 9
14 8


2058 14 9 8
14 9
14 8


2059 14 9 8
14 9
14 8


2060 14 9 8
14 9
14 8


2061 14 9 8
14 9
14 8


2062 14 9 8
14 9
14 8


2063 14 9 8
14 9
14 8


2064 14 9 8
14 9
14 8


2065 14 9 8
14 9
14 8


2066 14 9 8
14 9
14 8


2067 14 9 8
14 9
14 8


2068 14 9 8
14 9
14 8


2069 14 9 8
14 9
14 8


2070 14 9 8
14 9
14 8


2071 14 9 8
14 9
14 8


2072 14 9 8
14 9
14 8


2073 14 9 8
14 9
14 8


2074 14 9 8
14 9
14 8


2075 14 9 8
14 9
14 8


2076 14 9 8
14 9
14 8


2077 14 9 8
14 9
14 8


2078 14 9 8
14 9
14 8


2079 14 9 8
14 9
14 8


2080 14 9 8
14 9
14 8


2081 14 9 8
14 9
14 8


2082 14 9 8
14 9
14 8


2083 14 9 8
14 9
14 8


2084 14 9 8
14 9
14 8


2085 14 9 8
14 9
14 8


2086 14 9 8
14 9
14 8


2087 14 9 8
14 9
14 8


2088 14 9 8
14 9
14 8


2089 14 9 8
14 9
14 8


2090 14 9 8
14 9
14 8


2091 14 9 8
14 9
14 8


2092 14 9 8
14 9
14 8


2093 14 9 8
14 9
14 8


2094 14 9 8
14 9
14 8


2095 14 9 8
14 9
14 8


2096 14 9 8
14 9
14 8


2097 14 9 8
14 9
14 8


2098 14 9 8
14 9
14 8


2099 14 9 8
14 9
14 8


2100 14 9 8
14 9
14 8


3401 24 0 1
24 0
24 1


3402 24 0 1
24 0
24 1


3403 24 0 1
24 0
24 1


3404 24 0 1
24 0
24 1


3405 24 0 1
24 0
24 1


3406 24 0 1
24 0
24 1


3407 24 0 1
24 0
24 1


3408 24 0 1
24 0
24 1


3409 24 0 1
24 0
24 1


3410 24 0 1
24 0
24 1


3411 24 0 1
24 0
24 1


3412 24 0 1
24 0
24 1


3413 24 0 1
24 0
24 1


3414 24 0 1
24 0
24 1


3415 24 0 1
24 0
24 1


3416 24 0 1
24 0
24 1


3417 24 0 1
24 0
24 1


3418 24 0 1
24 0
24 1


3419 24 0 1
24 0
24 1


3420 24 0 1
24 0
24 1


3421 24 0 1
24 0
24 1


3422 24 0 1
24 0
24 1


3423 24 0 1
24 0
24 1


3424 24 0 1
24 0
24 1


3425 24 0 1
24 0
24 1


3426 24 0 1
24 0
24 1


3427 24 0 1
24 0
24 1


3428 24 0 1
24 0
24 1


3429 24 0 1
24 0
24 1


3430 24 0 1
24 0
24 1


3431 24 0 1
24 0
24 1


3432 24 0 1
24 0
24 1


3433 24 0 1
24 0
24 1


3434 24 0 1
24 0
24 1


3435 24 0 1
24 0
24 1


3436 24 0 1
24 0
24 1


3437 24 0 1
24 0
24 1


3438 24 0 1
24 0
24 1


3439 24 0 1
24 0
24 1


3440 24 0 1
24 0
24 1


3441 24 0 1
24 0
24 1


3442 24 0 1
24 0
24 1


3443 24 0 1
24 0
24 1


3444 24 0 1
24 0
24 1


3445 24 0 1
24 0
24 1


3446 24 0 1
24 0
24 1


3447 24 0 1
24 0
24 1


3448 24 0 1
24 0
24 1


3449 24 0 1
24 0
24 1


3450 24 0 1
24 0
24 1


3451 24 0 1
24 0
24 1


3452 24 0 1
24 0
24 1


3453 24 0 1
24 0
24 1


3454 24 0 1
24 0
24 1


3455 24 0 1
24 0
24 1


3456 24 0 1
24 0
24 1


3457 24 0 1
24 0
24 1


3458 24 0 1
24 0
24 1


3459 24 0 1
24 0
24 1


3460 24 0 1
24 0
24 1


3461 24 0 1
24 0
24 1


3462 24 0 1
24 0
24 1


3463 24 0 1
24 0
24 1


3464 24 0 1
24 0
24 1


3465 24 0 1
24 0
24 1


3466 24 0 1
24 0
24 1


3467 24 0 1
24 0
24 1


3468 24 0 1
24 0
24 1


3469 24 0 1
24 0
24 1


3470 24 0 1
24 0
24 1


3471 24 0 1
24 0
24 1


3472 24 0 1
24 0
24 1


3473 24 0 1
24 0
24 1


3474 24 0 1
24 0
24 1


3475 24 0 1
24 0
24 1


3476 24 0 1
24 0
24 1


3477 24 0 1
24 0
24 1


3478 24 0 1
24 0
24 1


3479 24 0 1
24 0
24 1


3480 24 0 1
24 0
24 1


3481 24 0 1
24 0
24 1


3482 24 0 1
24 0
24 1


3483 24 0 1
24 0
24 1


3484 24 0 1
24 0
24 1


3485 24 0 1
24 0
24 1


3486 24 0 1
24 0
24 1


3487 24 0 1
24 0
24 1


3488 24 0 1
24 0
24 1


3489 24 0 1
24 0
24 1


3490 24 0 1
24 0
24 1


3491 24 0 1
24 0
24 1


3492 24 0 1
24 0
24 1


3493 24 0 1
24 0
24 1


3494 24 0 1
24 0
24 1


3495 24 0 1
24 0
24 1


3496 24 0 1
24 0
24 1


3497 24 0 1
24 0
24 1


3498 24 0 1
24 0
24 1


3499 24 0 1
24 0
24 1


3500 24 0 1
24 0
24 1


3501 24 0 1
24 0
24 1


3502 24 0 1
24 0
24 1


3503 24 0 1
24 0
24 1


3504 24 0 1
24 0
24 1


3505 24 0 1
24 0
24 1


3506 24 0 1
24 0
24 1


3507 24 0 1
24 0
24 1


3508 24 0 1
24 0
24 1


3509 24 0 1
24 0
24 1


3510 24 0 1
24 0
24 1


3511 24 0 1
24 0
24 1


3512 24 0 1
24 0
24 1


3513 24 0 1
24 0
24 1


3514 24 0 1
24 0
24 1


3515 24 0 1
24 0
24 1


3516 24 0 1
24 0
24 1


3517 24 0 1
24 0
24 1


3518 24 0 1
24 0
24 1


3519 24 0 1
24 0
24 1


3520 24 0 1
24 0
24 1


3521 24 0 1
24 0
24 1


3522 24 0 1
24 0
24 1


3523 24 0 1
24 0
24 1


3524 24 0 1
24 0
24 1


3525 24 0 1
24 0
24 1


3526 24 0 1
24 0
24 1


3527 24 0 1
24 0
24 1


3528 24 0 1
24 0
24 1


4829 34 29 27
34 29
34 27


4830 34 29 27
34 29
34 27


4831 34 29 27
34 29
34 27


4832 34 29 27
34 29
34 27


4833 34 29 27
34 29
34 27


4834 34 29 27
34 29
34 27


4835 34 29 27
34 29
34 27


4836 34 29 27
34 29
34 27


4837 34 29 27
34 29
34 27


4838 34 29 27
34 29
34 27


4839 34 29 27
34 29
34 27


4840 34 29 27
34 29
34 27


4841 34 29 27
34 29
34 27


4842 34 29 27
34 29
34 27


4843 34 29 27
34 29
34 27


4844 34 29 27
34 29
34 27


4845 34 29 27
34 29
34 27


4846 34 29 27
34 29
34 27


4847 34 29 27
34 29
34 27


4848 34 29 27
34 29
34 27


4849 34 29 27
34 29
34 27


4850 34 29 27
34 29
34 27


4851 34 29 27
34 29
34 27


4852 34 29 27
34 29
34 27


4853 34 29 27
34 29
34 27


4854 34 29 27
34 29
34 27


4855 34 29 27
34 29
34 27


4856 34 29 27
34 29
34 27


4857 34 29 27
34 29
34 27


4858 34 29 27
34 29
34 27


4859 34 29 27
34 29
34 27


4860 34 29 27
34 29
34 27


4861 34 29 27
34 29
34 27


4862 34 29 27
34 29
34 27


4863 34 29 27
34 29
34 27


4864 34 29 27
34 29
34 27


4865 34 29 27
34 29
34 27


4866 34 29 27
34 29
34 27


4867 34 29 27
34 29
34 27


4868 34 29 27
34 29
34 27


4869 34 29 27
34 29
34 27


4870 34 29 27
34 29
34 27


4871 34 29 27
34 29
34 27


4872 34 29 27
34 29
34 27


4873 34 29 27
34 29
34 27


4874 34 29 27
34 29
34 27


4875 34 29 27
34 29
34 27


4876 34 29 27
34 29
34 27


4877 34 29 27
34 29
34 27


4878 34 29 27
34 29
34 27


4879 34 29 27
34 29
34 27


4880 34 29 27
34 29
34 27


4881 34 29 27
34 29
34 27


4882 34 29 27
34 29
34 27


4883 34 29 27
34 29
34 27


4884 34 29 27
34 29
34 27


4885 34 29 27
34 29
34 27


4886 34 29 27
34 29
34 27


4887 34 29 27
34 29
34 27


4888 34 29 27
34 29
34 27


4889 34 29 27
34 29
34 27


4890 34 29 27
34 29
34 27


4891 34 29 27
34 29
34 27


4892 34 29 27
34 29
34 27


4893 34 29 27
34 29
34 27


4894 34 29 27
34 29
34 27


4895 34 29 27
34 29
34 27


4896 34 29 27
34 29
34 27


4897 34 29 27
34 29
34 27


4898 34 29 27
34 29
34 27


4899 34 29 27
34 29
34 27


4900 34 29 27
34 29
34 27


4901 34 29 27
34 29
34 27


4902 34 29 27
34 29
34 27


4903 34 29 27
34 29
34 27


4904 34 29 27
34 29
34 27


4905 34 29 27
34 29
34 27


4906 34 29 27
34 29
34 27


4907 34 29 27
34 29
34 27


4908 34 29 27
34 29
34 27


4909 34 29 27
34 29
34 27


4910 34 29 27
34 29
34 27


4911 34 29 27
34 29
34 27


4912 34 29 27
34 29
34 27


4913 34 29 27
34 29
34 27


4914 34 29 27
34 29
34 27


4915 34 29 27
34 29
34 27


4916 34 29 27
34 29
34 27


4917 34 29 27
34 29
34 27


4918 34 29 27
34 29
34 27


4919 34 29 27
34 29
34 27


4920 34 29 27
34 29
34 27


4921 34 29 27
34 29
34 27


4922 34 29 27
34 29
34 27


4923 34 29 27
34 29
34 27


4924 34 29 27
34 29
34 27


4925 34 29 27
34 29
34 27


4926 34 29 27
34 29
34 27


4927 34 29 27
34 29
34 27


4928 34 29 27
34 29
34 27


4929 34 29 27
34 29
34 27


4930 34 29 27
34 29
34 27


4931 34 29 27
34 29
34 27


4932 34 29 27
34 29
34 27


4933 34 29 27
34 29
34 27


4934 34 29 27
34 29
34 27


4935 34 29 27
34 29
34 27


4936 34 29 27
34 29
34 27


4937 34 29 27
34 29
34 27


4938 34 29 27
34 29
34 27


4939 34 29 27
34 29
34 27


4940 34 29 27
34 29
34 27


4941 34 29 27
34 29
34 27


4942 34 29 27
34 29
34 27


4943 34 29 27
34 29
34 27


4944 34 29 27
34 29
34 27


4945 34 29 27
34 29
34 27


4946 34 29 27
34 29
34 27


4947 34 29 27
34 29
34 27


4948 34 29 27
34 29
34 27


4949 34 29 27
34 29
34 27


4950 34 29 27
34 29
34 27


4951 34 29 27
34 29
34 27


4952 34 29 27
34 29
34 27


4953 34 29 27
34 29
34 27


4954 34 29 27
34 29
34 27


4955 34 29 27
34 29
34 27


4956 34 29 27
34 29
34 27


6257 15 10 11
15 10
15 11


6258 15 10 11
15 10
15 11


6259 15 10 11
15 10
15 11


6260 15 10 11
15 10
15 11


6261 15 10 11
15 10
15 11


6262 15 10 11
15 10
15 11


6263 15 10 11
15 10
15 11


6264 15 10 11
15 10
15 11


6265 15 10 11
15 10
15 11


6266 15 10 11
15 10
15 11


6267 15 10 11
15 10
15 11


6268 15 10 11
15 10
15 11


6269 15 10 11
15 10
15 11


6270 15 10 11
15 10
15 11


6271 15 10 11
15 10
15 11


6272 15 10 11
15 10
15 11


6273 15 10 11
15 10
15 11


6274 15 10 11
15 10
15 11


6275 15 10 11
15 10
15 11


6276 15 10 11
15 10
15 11


6277 15 10 11
15 10
15 11


6278 15 10 11
15 10
15 11


6279 15 10 11
15 10
15 11


6280 15 10 11
15 10
15 11


6281 15 10 11
15 10
15 11


6282 15 10 11
15 10
15 11


6283 15 10 11
15 10
15 11


6284 15 10 11
15 10
15 11


6285 15 10 11
15 10
15 11


6286 15 10 11
15 10
15 11


6287 15 10 11
15 10
15 11


6288 15 10 11
15 10
15 11


6289 15 10 11
15 10
15 11


6290 15 10 11
15 10
15 11


6291 15 10 11
15 10
15 11


6292 15 10 11
15 10
15 11


6293 15 10 11
15 10
15 11


6294 15 10 11
15 10
15 11


6295 15 10 11
15 10
15 11


6296 15 10 11
15 10
15 11


6297 15 10 11
15 10
15 11


6298 15 10 11
15 10
15 11


6299 15 10 11
15 10
15 11


6300 15 10 11
15 10
15 11


6301 15 10 11
15 10
15 11


6302 15 10 11
15 10
15 11


6303 15 10 11
15 10
15 11


6304 15 10 11
15 10
15 11


6305 15 10 11
15 10
15 11


6306 15 10 11
15 10
15 11


6307 15 10 11
15 10
15 11


6308 15 10 11
15 10
15 11


6309 15 10 11
15 10
15 11


6310 15 10 11
15 10
15 11


6311 15 10 11
15 10
15 11


6312 15 10 11
15 10
15 11


6313 15 10 11
15 10
15 11


6314 15 10 11
15 10
15 11


6315 15 10 11
15 10
15 11


6316 15 10 11
15 10
15 11


6317 15 10 11
15 10
15 11


6318 15 10 11
15 10
15 11


6319 15 10 11
15 10
15 11


6320 15 10 11
15 10
15 11


6321 15 10 11
15 10
15 11


6322 15 10 11
15 10
15 11


6323 15 10 11
15 10
15 11


6324 15 10 11
15 10
15 11


6325 15 10 11
15 10
15 11


6326 15 10 11
15 10
15 11


6327 15 10 11
15 10
15 11


6328 15 10 11
15 10
15 11


6329 15 10 11
15 10
15 11


6330 15 10 11
15 10
15 11


6331 15 10 11
15 10
15 11


6332 15 10 11
15 10
15 11


6333 15 10 11
15 10
15 11


6334 15 10 11
15 10
15 11


6335 15 10 11
15 10
15 11


6336 15 10 11
15 10
15 11


6337 15 10 11
15 10
15 11


6338 15 10 11
15 10
15 11


6339 15 10 11
15 10
15 11


6340 15 10 11
15 10
15 11


6341 15 10 11
15 10
15 11


6342 15 10 11
15 10
15 11


6343 15 10 11
15 10
15 11


6344 15 10 11
15 10
15 11


6345 15 10 11
15 10
15 11


6346 15 10 11
15 10
15 11


6347 15 10 11
15 10
15 11


6348 15 10 11
15 10
15 11


6349 15 10 11
15 10
15 11


6350 15 10 11
15 10
15 11


6351 15 10 11
15 10
15 11


6352 15 10 11
15 10
15 11


6353 15 10 11
15 10
15 11


6354 15 10 11
15 10
15 11


6355 15 10 11
15 10
15 11


6356 15 10 11
15 10
15 11


6357 15 10 11
15 10
15 11


6358 15 10 11
15 10
15 11


6359 15 10 11
15 10
15 11


6360 15 10 11
15 10
15 11


6361 15 10 11
15 10
15 11


6362 15 10 11
15 10
15 11


6363 15 10 11
15 10
15 11


6364 15 10 11
15 10
15 11


6365 15 10 11
15 10
15 11


6366 15 10 11
15 10
15 11


6367 15 10 11
15 10
15 11


6368 15 10 11
15 10
15 11


6369 15 10 11
15 10
15 11


6370 15 10 11
15 10
15 11


6371 15 10 11
15 10
15 11


6372 15 10 11
15 10
15 11


6373 15 10 11
15 10
15 11


6374 15 10 11
15 10
15 11


6375 15 10 11
15 10
15 11


6376 15 10 11
15 10
15 11


6377 15 10 11
15 10
15 11


6378 15 10 11
15 10
15 11


6379 15 10 11
15 10
15 11


6380 15 10 11
15 10
15 11


6381 15 10 11
15 10
15 11


6382 15 10 11
15 10
15 11


6383 15 10 11
15 10
15 11


6384 15 10 11
15 10
15 11


