111 2 14 13 9
2 14
2 13
2 9


112 2 14 13 9
2 14
2 13
2 9


113 2 14 13 9
2 14
2 13
2 9


114 2 14 13 9
2 14
2 13
2 9


115 2 14 13 9
2 14
2 13
2 9


116 2 14 13 9
2 14
2 13
2 9


117 2 14 13 9
2 14
2 13
2 9


118 2 14 13 9
2 14
2 13
2 9


119 2 14 13 9
2 14
2 13
2 9


120 2 14 13 9
2 14
2 13
2 9


121 2 14 13 9
2 14
2 13
2 9


122 2 14 13 9
2 14
2 13
2 9


123 2 14 13 9
2 14
2 13
2 9


124 2 14 13 9
2 14
2 13
2 9


125 2 14 13 9
2 14
2 13
2 9


126 2 14 13 9
2 14
2 13
2 9


127 2 14 13 9
2 14
2 13
2 9


128 2 14 13 9
2 14
2 13
2 9


129 2 14 13 9
2 14
2 13
2 9


130 2 14 13 9
2 14
2 13
2 9


131 2 14 13 9
2 14
2 13
2 9


132 2 14 13 9
2 14
2 13
2 9


133 2 14 13 9
2 14
2 13
2 9


134 2 14 13 9
2 14
2 13
2 9


135 2 14 13 9
2 14
2 13
2 9


136 2 14 13 9
2 14
2 13
2 9


137 2 14 13 9
2 14
2 13
2 9


138 2 14 13 9
2 14
2 13
2 9


139 2 14 13 9
2 14
2 13
2 9


140 2 14 13 9
2 14
2 13
2 9


141 2 14 13 9
2 14
2 13
2 9


142 2 14 13 9
2 14
2 13
2 9


143 2 14 13 9
2 14
2 13
2 9


144 2 14 13 9
2 14
2 13
2 9


145 2 14 13 9
2 14
2 13
2 9


146 2 14 13 9
2 14
2 13
2 9


147 2 14 13 9
2 14
2 13
2 9


148 2 14 13 9
2 14
2 13
2 9


149 2 14 13 9
2 14
2 13
2 9


150 2 14 13 9
2 14
2 13
2 9


151 2 14 13 9
2 14
2 13
2 9


152 2 14 13 9
2 14
2 13
2 9


153 2 14 13 9
2 14
2 13
2 9


154 2 14 13 9
2 14
2 13
2 9


155 2 14 13 9
2 14
2 13
2 9


156 2 14 13 9
2 14
2 13
2 9


157 2 14 13 9
2 14
2 13
2 9


158 2 14 13 9
2 14
2 13
2 9


159 2 14 13 9
2 14
2 13
2 9


160 2 14 13 9
2 14
2 13
2 9


161 2 14 13 9
2 14
2 13
2 9


162 2 14 13 9
2 14
2 13
2 9


163 2 14 13 9
2 14
2 13
2 9


164 2 14 13 9
2 14
2 13
2 9


165 2 14 13 9
2 14
2 13
2 9


166 2 14 13 9
2 14
2 13
2 9


167 2 14 13 9
2 14
2 13
2 9


168 2 14 13 9
2 14
2 13
2 9


169 2 14 13 9
2 14
2 13
2 9


170 2 14 13 9
2 14
2 13
2 9


171 2 14 13 9
2 14
2 13
2 9


172 2 14 13 9
2 14
2 13
2 9


173 2 14 13 9
2 14
2 13
2 9


174 2 14 13 9
2 14
2 13
2 9


175 2 14 13 9
2 14
2 13
2 9


176 2 14 13 9
2 14
2 13
2 9


177 2 14 13 9
2 14
2 13
2 9


178 2 14 13 9
2 14
2 13
2 9


179 2 14 13 9
2 14
2 13
2 9


180 2 14 13 9
2 14
2 13
2 9


181 2 14 13 9
2 14
2 13
2 9


182 2 14 13 9
2 14
2 13
2 9


183 2 14 13 9
2 14
2 13
2 9


184 2 14 13 9
2 14
2 13
2 9


