0 3 1 7
3 1
3 7


1 3 1 7
3 1
3 7


2 3 1 7
3 1
3 7


3 3 1 7
3 1
3 7


4 3 1 7
3 1
3 7


5 3 1 7
3 1
3 7


6 3 1 7
3 1
3 7


7 3 1 7
3 1
3 7


8 3 1 7
3 1
3 7


9 3 1 7
3 1
3 7


10 3 1 7
3 1
3 7


11 3 1 7
3 1
3 7


12 3 1 7
3 1
3 7


13 3 1 7
3 1
3 7


14 3 1 7
3 1
3 7


15 3 1 7
3 1
3 7


16 3 1 7
3 1
3 7


17 3 1 7
3 1
3 7


18 3 1 7
3 1
3 7


19 3 1 7
3 1
3 7


20 3 1 7
3 1
3 7


21 3 1 7
3 1
3 7


22 3 1 7
3 1
3 7


23 3 1 7
3 1
3 7


24 3 1 7
3 1
3 7


25 3 1 7
3 1
3 7


26 3 1 7
3 1
3 7


27 3 1 7
3 1
3 7


28 3 1 7
3 1
3 7


29 3 1 7
3 1
3 7


30 3 1 7
3 1
3 7


31 3 1 7
3 1
3 7


32 3 1 7
3 1
3 7


33 3 1 7
3 1
3 7


34 3 1 7
3 1
3 7


35 3 1 7
3 1
3 7


36 3 1 7
3 1
3 7


37 3 1 7
3 1
3 7


38 3 1 7
3 1
3 7


39 3 1 7
3 1
3 7


40 3 1 7
3 1
3 7


41 3 1 7
3 1
3 7


42 3 1 7
3 1
3 7


43 3 1 7
3 1
3 7


44 3 1 7
3 1
3 7


45 3 1 7
3 1
3 7


46 3 1 7
3 1
3 7


47 3 1 7
3 1
3 7


48 3 1 7
3 1
3 7


49 3 1 7
3 1
3 7


50 3 1 7
3 1
3 7


51 3 1 7
3 1
3 7


52 3 1 7
3 1
3 7


53 3 1 7
3 1
3 7


54 3 1 7
3 1
3 7


55 3 1 7
3 1
3 7


56 3 1 7
3 1
3 7


57 3 1 7
3 1
3 7


58 3 1 7
3 1
3 7


59 3 1 7
3 1
3 7


60 3 1 7
3 1
3 7


61 3 1 7
3 1
3 7


62 3 1 7
3 1
3 7


63 3 1 7
3 1
3 7


324 0 19 13
0 19
0 13


325 0 19 13
0 19
0 13


326 0 19 13
0 19
0 13


327 0 19 13
0 19
0 13


328 0 19 13
0 19
0 13


329 0 19 13
0 19
0 13


330 0 19 13
0 19
0 13


331 0 19 13
0 19
0 13


332 0 19 13
0 19
0 13


333 0 19 13
0 19
0 13


334 0 19 13
0 19
0 13


335 0 19 13
0 19
0 13


336 0 19 13
0 19
0 13


337 0 19 13
0 19
0 13


338 0 19 13
0 19
0 13


339 0 19 13
0 19
0 13


340 0 19 13
0 19
0 13


341 0 19 13
0 19
0 13


342 0 19 13
0 19
0 13


343 0 19 13
0 19
0 13


344 0 19 13
0 19
0 13


345 0 19 13
0 19
0 13


346 0 19 13
0 19
0 13


347 0 19 13
0 19
0 13


348 0 19 13
0 19
0 13


349 0 19 13
0 19
0 13


350 0 19 13
0 19
0 13


351 0 19 13
0 19
0 13


352 0 19 13
0 19
0 13


353 0 19 13
0 19
0 13


354 0 19 13
0 19
0 13


355 0 19 13
0 19
0 13


356 0 19 13
0 19
0 13


357 0 19 13
0 19
0 13


358 0 19 13
0 19
0 13


359 0 19 13
0 19
0 13


360 0 19 13
0 19
0 13


361 0 19 13
0 19
0 13


362 0 19 13
0 19
0 13


363 0 19 13
0 19
0 13


364 0 19 13
0 19
0 13


365 0 19 13
0 19
0 13


366 0 19 13
0 19
0 13


367 0 19 13
0 19
0 13


368 0 19 13
0 19
0 13


369 0 19 13
0 19
0 13


370 0 19 13
0 19
0 13


371 0 19 13
0 19
0 13


372 0 19 13
0 19
0 13


373 0 19 13
0 19
0 13


374 0 19 13
0 19
0 13


375 0 19 13
0 19
0 13


376 0 19 13
0 19
0 13


377 0 19 13
0 19
0 13


378 0 19 13
0 19
0 13


379 0 19 13
0 19
0 13


380 0 19 13
0 19
0 13


381 0 19 13
0 19
0 13


382 0 19 13
0 19
0 13


383 0 19 13
0 19
0 13


384 0 19 13
0 19
0 13


385 0 19 13
0 19
0 13


386 0 19 13
0 19
0 13


387 0 19 13
0 19
0 13


648 6 20 21
6 20
6 21


649 6 20 21
6 20
6 21


650 6 20 21
6 20
6 21


651 6 20 21
6 20
6 21


652 6 20 21
6 20
6 21


653 6 20 21
6 20
6 21


654 6 20 21
6 20
6 21


655 6 20 21
6 20
6 21


656 6 20 21
6 20
6 21


657 6 20 21
6 20
6 21


658 6 20 21
6 20
6 21


659 6 20 21
6 20
6 21


660 6 20 21
6 20
6 21


661 6 20 21
6 20
6 21


662 6 20 21
6 20
6 21


663 6 20 21
6 20
6 21


664 6 20 21
6 20
6 21


665 6 20 21
6 20
6 21


666 6 20 21
6 20
6 21


667 6 20 21
6 20
6 21


668 6 20 21
6 20
6 21


669 6 20 21
6 20
6 21


670 6 20 21
6 20
6 21


671 6 20 21
6 20
6 21


672 6 20 21
6 20
6 21


673 6 20 21
6 20
6 21


674 6 20 21
6 20
6 21


675 6 20 21
6 20
6 21


676 6 20 21
6 20
6 21


677 6 20 21
6 20
6 21


678 6 20 21
6 20
6 21


679 6 20 21
6 20
6 21


680 6 20 21
6 20
6 21


681 6 20 21
6 20
6 21


682 6 20 21
6 20
6 21


683 6 20 21
6 20
6 21


684 6 20 21
6 20
6 21


685 6 20 21
6 20
6 21


686 6 20 21
6 20
6 21


687 6 20 21
6 20
6 21


688 6 20 21
6 20
6 21


689 6 20 21
6 20
6 21


690 6 20 21
6 20
6 21


691 6 20 21
6 20
6 21


692 6 20 21
6 20
6 21


693 6 20 21
6 20
6 21


694 6 20 21
6 20
6 21


695 6 20 21
6 20
6 21


696 6 20 21
6 20
6 21


697 6 20 21
6 20
6 21


698 6 20 21
6 20
6 21


699 6 20 21
6 20
6 21


700 6 20 21
6 20
6 21


701 6 20 21
6 20
6 21


702 6 20 21
6 20
6 21


703 6 20 21
6 20
6 21


704 6 20 21
6 20
6 21


705 6 20 21
6 20
6 21


706 6 20 21
6 20
6 21


707 6 20 21
6 20
6 21


708 6 20 21
6 20
6 21


709 6 20 21
6 20
6 21


710 6 20 21
6 20
6 21


711 6 20 21
6 20
6 21


972 14 9 8
14 9
14 8


973 14 9 8
14 9
14 8


974 14 9 8
14 9
14 8


975 14 9 8
14 9
14 8


976 14 9 8
14 9
14 8


977 14 9 8
14 9
14 8


978 14 9 8
14 9
14 8


979 14 9 8
14 9
14 8


980 14 9 8
14 9
14 8


981 14 9 8
14 9
14 8


982 14 9 8
14 9
14 8


983 14 9 8
14 9
14 8


984 14 9 8
14 9
14 8


985 14 9 8
14 9
14 8


986 14 9 8
14 9
14 8


987 14 9 8
14 9
14 8


988 14 9 8
14 9
14 8


989 14 9 8
14 9
14 8


990 14 9 8
14 9
14 8


991 14 9 8
14 9
14 8


992 14 9 8
14 9
14 8


993 14 9 8
14 9
14 8


994 14 9 8
14 9
14 8


995 14 9 8
14 9
14 8


996 14 9 8
14 9
14 8


997 14 9 8
14 9
14 8


998 14 9 8
14 9
14 8


999 14 9 8
14 9
14 8


1000 14 9 8
14 9
14 8


1001 14 9 8
14 9
14 8


1002 14 9 8
14 9
14 8


1003 14 9 8
14 9
14 8


1004 14 9 8
14 9
14 8


1005 14 9 8
14 9
14 8


1006 14 9 8
14 9
14 8


1007 14 9 8
14 9
14 8


1008 14 9 8
14 9
14 8


1009 14 9 8
14 9
14 8


1010 14 9 8
14 9
14 8


1011 14 9 8
14 9
14 8


1012 14 9 8
14 9
14 8


1013 14 9 8
14 9
14 8


1014 14 9 8
14 9
14 8


1015 14 9 8
14 9
14 8


1016 14 9 8
14 9
14 8


1017 14 9 8
14 9
14 8


1018 14 9 8
14 9
14 8


1019 14 9 8
14 9
14 8


1020 14 9 8
14 9
14 8


1021 14 9 8
14 9
14 8


1022 14 9 8
14 9
14 8


1023 14 9 8
14 9
14 8


1024 14 9 8
14 9
14 8


1025 14 9 8
14 9
14 8


1026 14 9 8
14 9
14 8


1027 14 9 8
14 9
14 8


1028 14 9 8
14 9
14 8


1029 14 9 8
14 9
14 8


1030 14 9 8
14 9
14 8


1031 14 9 8
14 9
14 8


1032 14 9 8
14 9
14 8


1033 14 9 8
14 9
14 8


1034 14 9 8
14 9
14 8


1035 14 9 8
14 9
14 8


1296 15 10 11
15 10
15 11


1297 15 10 11
15 10
15 11


1298 15 10 11
15 10
15 11


1299 15 10 11
15 10
15 11


1300 15 10 11
15 10
15 11


1301 15 10 11
15 10
15 11


1302 15 10 11
15 10
15 11


1303 15 10 11
15 10
15 11


1304 15 10 11
15 10
15 11


1305 15 10 11
15 10
15 11


1306 15 10 11
15 10
15 11


1307 15 10 11
15 10
15 11


1308 15 10 11
15 10
15 11


1309 15 10 11
15 10
15 11


1310 15 10 11
15 10
15 11


1311 15 10 11
15 10
15 11


1312 15 10 11
15 10
15 11


1313 15 10 11
15 10
15 11


1314 15 10 11
15 10
15 11


1315 15 10 11
15 10
15 11


1316 15 10 11
15 10
15 11


1317 15 10 11
15 10
15 11


1318 15 10 11
15 10
15 11


1319 15 10 11
15 10
15 11


1320 15 10 11
15 10
15 11


1321 15 10 11
15 10
15 11


1322 15 10 11
15 10
15 11


1323 15 10 11
15 10
15 11


1324 15 10 11
15 10
15 11


1325 15 10 11
15 10
15 11


1326 15 10 11
15 10
15 11


1327 15 10 11
15 10
15 11


1328 15 10 11
15 10
15 11


1329 15 10 11
15 10
15 11


1330 15 10 11
15 10
15 11


1331 15 10 11
15 10
15 11


1332 15 10 11
15 10
15 11


1333 15 10 11
15 10
15 11


1334 15 10 11
15 10
15 11


1335 15 10 11
15 10
15 11


1336 15 10 11
15 10
15 11


1337 15 10 11
15 10
15 11


1338 15 10 11
15 10
15 11


1339 15 10 11
15 10
15 11


1340 15 10 11
15 10
15 11


1341 15 10 11
15 10
15 11


1342 15 10 11
15 10
15 11


1343 15 10 11
15 10
15 11


1344 15 10 11
15 10
15 11


1345 15 10 11
15 10
15 11


1346 15 10 11
15 10
15 11


1347 15 10 11
15 10
15 11


1348 15 10 11
15 10
15 11


1349 15 10 11
15 10
15 11


1350 15 10 11
15 10
15 11


1351 15 10 11
15 10
15 11


1352 15 10 11
15 10
15 11


1353 15 10 11
15 10
15 11


1354 15 10 11
15 10
15 11


1355 15 10 11
15 10
15 11


1356 15 10 11
15 10
15 11


1357 15 10 11
15 10
15 11


1358 15 10 11
15 10
15 11


1359 15 10 11
15 10
15 11


1360 15 10 11
15 10
15 11


1361 15 10 11
15 10
15 11


1362 15 10 11
15 10
15 11


1363 15 10 11
15 10
15 11


1364 15 10 11
15 10
15 11


1365 15 10 11
15 10
15 11


1366 15 10 11
15 10
15 11


1367 15 10 11
15 10
15 11


1368 15 10 11
15 10
15 11


1369 15 10 11
15 10
15 11


1370 15 10 11
15 10
15 11


1371 15 10 11
15 10
15 11


1372 15 10 11
15 10
15 11


1373 15 10 11
15 10
15 11


1374 15 10 11
15 10
15 11


1375 15 10 11
15 10
15 11


1376 15 10 11
15 10
15 11


1377 15 10 11
15 10
15 11


1378 15 10 11
15 10
15 11


1379 15 10 11
15 10
15 11


1380 15 10 11
15 10
15 11


1381 15 10 11
15 10
15 11


1382 15 10 11
15 10
15 11


1383 15 10 11
15 10
15 11


1384 15 10 11
15 10
15 11


1385 15 10 11
15 10
15 11


1386 15 10 11
15 10
15 11


1387 15 10 11
15 10
15 11


1388 15 10 11
15 10
15 11


1389 15 10 11
15 10
15 11


1390 15 10 11
15 10
15 11


1391 15 10 11
15 10
15 11


1392 15 10 11
15 10
15 11


1393 15 10 11
15 10
15 11


1394 15 10 11
15 10
15 11


1395 15 10 11
15 10
15 11


1396 15 10 11
15 10
15 11


1397 15 10 11
15 10
15 11


1398 15 10 11
15 10
15 11


1399 15 10 11
15 10
15 11


1400 15 10 11
15 10
15 11


1401 15 10 11
15 10
15 11


1402 15 10 11
15 10
15 11


1403 15 10 11
15 10
15 11


1404 15 10 11
15 10
15 11


1405 15 10 11
15 10
15 11


1406 15 10 11
15 10
15 11


1407 15 10 11
15 10
15 11


1408 15 10 11
15 10
15 11


1409 15 10 11
15 10
15 11


1410 15 10 11
15 10
15 11


1411 15 10 11
15 10
15 11


1412 15 10 11
15 10
15 11


1413 15 10 11
15 10
15 11


1414 15 10 11
15 10
15 11


1415 15 10 11
15 10
15 11


1416 15 10 11
15 10
15 11


1417 15 10 11
15 10
15 11


1418 15 10 11
15 10
15 11


1419 15 10 11
15 10
15 11


1420 15 10 11
15 10
15 11


1421 15 10 11
15 10
15 11


1422 15 10 11
15 10
15 11


1423 15 10 11
15 10
15 11


1424 15 10 11
15 10
15 11


1425 15 10 11
15 10
15 11


1426 15 10 11
15 10
15 11


1427 15 10 11
15 10
15 11


1428 15 10 11
15 10
15 11


1429 15 10 11
15 10
15 11


1430 15 10 11
15 10
15 11


1431 15 10 11
15 10
15 11


1432 15 10 11
15 10
15 11


1433 15 10 11
15 10
15 11


1434 15 10 11
15 10
15 11


1435 15 10 11
15 10
15 11


1436 15 10 11
15 10
15 11


1437 15 10 11
15 10
15 11


1438 15 10 11
15 10
15 11


1439 15 10 11
15 10
15 11


1440 15 10 11
15 10
15 11


1441 15 10 11
15 10
15 11


1442 15 10 11
15 10
15 11


1443 15 10 11
15 10
15 11


1444 15 10 11
15 10
15 11


1445 15 10 11
15 10
15 11


1446 15 10 11
15 10
15 11


1447 15 10 11
15 10
15 11


1448 15 10 11
15 10
15 11


1449 15 10 11
15 10
15 11


1450 15 10 11
15 10
15 11


1451 15 10 11
15 10
15 11


1452 15 10 11
15 10
15 11


1453 15 10 11
15 10
15 11


1454 15 10 11
15 10
15 11


1455 15 10 11
15 10
15 11


1456 15 10 11
15 10
15 11


1457 15 10 11
15 10
15 11


1458 15 10 11
15 10
15 11


1459 15 10 11
15 10
15 11


1460 15 10 11
15 10
15 11


1461 15 10 11
15 10
15 11


1462 15 10 11
15 10
15 11


1463 15 10 11
15 10
15 11


1464 15 10 11
15 10
15 11


1465 15 10 11
15 10
15 11


1466 15 10 11
15 10
15 11


1467 15 10 11
15 10
15 11


1468 15 10 11
15 10
15 11


1469 15 10 11
15 10
15 11


1470 15 10 11
15 10
15 11


1471 15 10 11
15 10
15 11


1472 15 10 11
15 10
15 11


1473 15 10 11
15 10
15 11


1474 15 10 11
15 10
15 11


1475 15 10 11
15 10
15 11


1476 15 10 11
15 10
15 11


1477 15 10 11
15 10
15 11


1478 15 10 11
15 10
15 11


1479 15 10 11
15 10
15 11


1480 15 10 11
15 10
15 11


1481 15 10 11
15 10
15 11


1482 15 10 11
15 10
15 11


1483 15 10 11
15 10
15 11


1484 15 10 11
15 10
15 11


1485 15 10 11
15 10
15 11


1486 15 10 11
15 10
15 11


1487 15 10 11
15 10
15 11


1488 15 10 11
15 10
15 11


1489 15 10 11
15 10
15 11


1490 15 10 11
15 10
15 11


1491 15 10 11
15 10
15 11


1492 15 10 11
15 10
15 11


1493 15 10 11
15 10
15 11


1494 15 10 11
15 10
15 11


1495 15 10 11
15 10
15 11


1496 15 10 11
15 10
15 11


1497 15 10 11
15 10
15 11


1498 15 10 11
15 10
15 11


1499 15 10 11
15 10
15 11


1500 15 10 11
15 10
15 11


1501 15 10 11
15 10
15 11


1502 15 10 11
15 10
15 11


1503 15 10 11
15 10
15 11


1504 15 10 11
15 10
15 11


1505 15 10 11
15 10
15 11


1506 15 10 11
15 10
15 11


1507 15 10 11
15 10
15 11


1508 15 10 11
15 10
15 11


1509 15 10 11
15 10
15 11


1510 15 10 11
15 10
15 11


1511 15 10 11
15 10
15 11


1512 15 10 11
15 10
15 11


1513 15 10 11
15 10
15 11


1514 15 10 11
15 10
15 11


1515 15 10 11
15 10
15 11


1516 15 10 11
15 10
15 11


1517 15 10 11
15 10
15 11


1518 15 10 11
15 10
15 11


1519 15 10 11
15 10
15 11


1520 15 10 11
15 10
15 11


1521 15 10 11
15 10
15 11


1522 15 10 11
15 10
15 11


1523 15 10 11
15 10
15 11


1524 15 10 11
15 10
15 11


1525 15 10 11
15 10
15 11


1526 15 10 11
15 10
15 11


1527 15 10 11
15 10
15 11


1528 15 10 11
15 10
15 11


1529 15 10 11
15 10
15 11


1530 15 10 11
15 10
15 11


1531 15 10 11
15 10
15 11


1532 15 10 11
15 10
15 11


1533 15 10 11
15 10
15 11


1534 15 10 11
15 10
15 11


1535 15 10 11
15 10
15 11


1536 15 10 11
15 10
15 11


1537 15 10 11
15 10
15 11


1538 15 10 11
15 10
15 11


1539 15 10 11
15 10
15 11


1540 15 10 11
15 10
15 11


1541 15 10 11
15 10
15 11


1542 15 10 11
15 10
15 11


1543 15 10 11
15 10
15 11


1544 15 10 11
15 10
15 11


1545 15 10 11
15 10
15 11


1546 15 10 11
15 10
15 11


1547 15 10 11
15 10
15 11


1548 15 10 11
15 10
15 11


1549 15 10 11
15 10
15 11


1550 15 10 11
15 10
15 11


1551 15 10 11
15 10
15 11


2580 4 16 22
4 16
4 22


2581 4 16 22
4 16
4 22


2582 4 16 22
4 16
4 22


2583 4 16 22
4 16
4 22


2584 4 16 22
4 16
4 22


2585 4 16 22
4 16
4 22


2586 4 16 22
4 16
4 22


2587 4 16 22
4 16
4 22


2588 4 16 22
4 16
4 22


2589 4 16 22
4 16
4 22


2590 4 16 22
4 16
4 22


2591 4 16 22
4 16
4 22


2592 4 16 22
4 16
4 22


2593 4 16 22
4 16
4 22


2594 4 16 22
4 16
4 22


2595 4 16 22
4 16
4 22


2596 4 16 22
4 16
4 22


2597 4 16 22
4 16
4 22


2598 4 16 22
4 16
4 22


2599 4 16 22
4 16
4 22


2600 4 16 22
4 16
4 22


2601 4 16 22
4 16
4 22


2602 4 16 22
4 16
4 22


2603 4 16 22
4 16
4 22


2604 4 16 22
4 16
4 22


2605 4 16 22
4 16
4 22


2606 4 16 22
4 16
4 22


2607 4 16 22
4 16
4 22


2608 4 16 22
4 16
4 22


2609 4 16 22
4 16
4 22


2610 4 16 22
4 16
4 22


2611 4 16 22
4 16
4 22


2612 4 16 22
4 16
4 22


2613 4 16 22
4 16
4 22


2614 4 16 22
4 16
4 22


2615 4 16 22
4 16
4 22


2616 4 16 22
4 16
4 22


2617 4 16 22
4 16
4 22


2618 4 16 22
4 16
4 22


2619 4 16 22
4 16
4 22


2620 4 16 22
4 16
4 22


2621 4 16 22
4 16
4 22


2622 4 16 22
4 16
4 22


2623 4 16 22
4 16
4 22


2624 4 16 22
4 16
4 22


2625 4 16 22
4 16
4 22


2626 4 16 22
4 16
4 22


2627 4 16 22
4 16
4 22


2628 4 16 22
4 16
4 22


2629 4 16 22
4 16
4 22


2630 4 16 22
4 16
4 22


2631 4 16 22
4 16
4 22


2632 4 16 22
4 16
4 22


2633 4 16 22
4 16
4 22


2634 4 16 22
4 16
4 22


2635 4 16 22
4 16
4 22


2636 4 16 22
4 16
4 22


2637 4 16 22
4 16
4 22


2638 4 16 22
4 16
4 22


2639 4 16 22
4 16
4 22


2640 4 16 22
4 16
4 22


2641 4 16 22
4 16
4 22


2642 4 16 22
4 16
4 22


2643 4 16 22
4 16
4 22


2644 4 16 22
4 16
4 22


2645 4 16 22
4 16
4 22


2646 4 16 22
4 16
4 22


2647 4 16 22
4 16
4 22


2648 4 16 22
4 16
4 22


2649 4 16 22
4 16
4 22


2650 4 16 22
4 16
4 22


2651 4 16 22
4 16
4 22


2652 4 16 22
4 16
4 22


2653 4 16 22
4 16
4 22


2654 4 16 22
4 16
4 22


2655 4 16 22
4 16
4 22


2656 4 16 22
4 16
4 22


2657 4 16 22
4 16
4 22


2658 4 16 22
4 16
4 22


2659 4 16 22
4 16
4 22


2660 4 16 22
4 16
4 22


2661 4 16 22
4 16
4 22


2662 4 16 22
4 16
4 22


2663 4 16 22
4 16
4 22


2664 4 16 22
4 16
4 22


2665 4 16 22
4 16
4 22


2666 4 16 22
4 16
4 22


2667 4 16 22
4 16
4 22


2668 4 16 22
4 16
4 22


2669 4 16 22
4 16
4 22


2670 4 16 22
4 16
4 22


2671 4 16 22
4 16
4 22


2672 4 16 22
4 16
4 22


2673 4 16 22
4 16
4 22


2674 4 16 22
4 16
4 22


2675 4 16 22
4 16
4 22


2676 4 16 22
4 16
4 22


2677 4 16 22
4 16
4 22


2678 4 16 22
4 16
4 22


2679 4 16 22
4 16
4 22


2680 4 16 22
4 16
4 22


2681 4 16 22
4 16
4 22


2682 4 16 22
4 16
4 22


2683 4 16 22
4 16
4 22


2684 4 16 22
4 16
4 22


2685 4 16 22
4 16
4 22


2686 4 16 22
4 16
4 22


2687 4 16 22
4 16
4 22


2688 4 16 22
4 16
4 22


2689 4 16 22
4 16
4 22


2690 4 16 22
4 16
4 22


2691 4 16 22
4 16
4 22


2692 4 16 22
4 16
4 22


2693 4 16 22
4 16
4 22


2694 4 16 22
4 16
4 22


2695 4 16 22
4 16
4 22


2696 4 16 22
4 16
4 22


2697 4 16 22
4 16
4 22


2698 4 16 22
4 16
4 22


2699 4 16 22
4 16
4 22


2700 4 16 22
4 16
4 22


2701 4 16 22
4 16
4 22


2702 4 16 22
4 16
4 22


2703 4 16 22
4 16
4 22


2704 4 16 22
4 16
4 22


2705 4 16 22
4 16
4 22


2706 4 16 22
4 16
4 22


2707 4 16 22
4 16
4 22


2708 4 16 22
4 16
4 22


2709 4 16 22
4 16
4 22


2710 4 16 22
4 16
4 22


2711 4 16 22
4 16
4 22


2712 4 16 22
4 16
4 22


2713 4 16 22
4 16
4 22


2714 4 16 22
4 16
4 22


2715 4 16 22
4 16
4 22


2716 4 16 22
4 16
4 22


2717 4 16 22
4 16
4 22


2718 4 16 22
4 16
4 22


2719 4 16 22
4 16
4 22


2720 4 16 22
4 16
4 22


2721 4 16 22
4 16
4 22


2722 4 16 22
4 16
4 22


2723 4 16 22
4 16
4 22


2724 4 16 22
4 16
4 22


2725 4 16 22
4 16
4 22


2726 4 16 22
4 16
4 22


2727 4 16 22
4 16
4 22


2728 4 16 22
4 16
4 22


2729 4 16 22
4 16
4 22


2730 4 16 22
4 16
4 22


2731 4 16 22
4 16
4 22


2732 4 16 22
4 16
4 22


2733 4 16 22
4 16
4 22


2734 4 16 22
4 16
4 22


2735 4 16 22
4 16
4 22


2736 4 16 22
4 16
4 22


2737 4 16 22
4 16
4 22


2738 4 16 22
4 16
4 22


2739 4 16 22
4 16
4 22


2740 4 16 22
4 16
4 22


2741 4 16 22
4 16
4 22


2742 4 16 22
4 16
4 22


2743 4 16 22
4 16
4 22


2744 4 16 22
4 16
4 22


2745 4 16 22
4 16
4 22


2746 4 16 22
4 16
4 22


2747 4 16 22
4 16
4 22


2748 4 16 22
4 16
4 22


2749 4 16 22
4 16
4 22


2750 4 16 22
4 16
4 22


2751 4 16 22
4 16
4 22


2752 4 16 22
4 16
4 22


2753 4 16 22
4 16
4 22


2754 4 16 22
4 16
4 22


2755 4 16 22
4 16
4 22


2756 4 16 22
4 16
4 22


2757 4 16 22
4 16
4 22


2758 4 16 22
4 16
4 22


2759 4 16 22
4 16
4 22


2760 4 16 22
4 16
4 22


2761 4 16 22
4 16
4 22


2762 4 16 22
4 16
4 22


2763 4 16 22
4 16
4 22


2764 4 16 22
4 16
4 22


2765 4 16 22
4 16
4 22


2766 4 16 22
4 16
4 22


2767 4 16 22
4 16
4 22


2768 4 16 22
4 16
4 22


2769 4 16 22
4 16
4 22


2770 4 16 22
4 16
4 22


2771 4 16 22
4 16
4 22


2772 4 16 22
4 16
4 22


2773 4 16 22
4 16
4 22


2774 4 16 22
4 16
4 22


2775 4 16 22
4 16
4 22


2776 4 16 22
4 16
4 22


2777 4 16 22
4 16
4 22


2778 4 16 22
4 16
4 22


2779 4 16 22
4 16
4 22


2780 4 16 22
4 16
4 22


2781 4 16 22
4 16
4 22


2782 4 16 22
4 16
4 22


2783 4 16 22
4 16
4 22


2784 4 16 22
4 16
4 22


2785 4 16 22
4 16
4 22


2786 4 16 22
4 16
4 22


2787 4 16 22
4 16
4 22


2788 4 16 22
4 16
4 22


2789 4 16 22
4 16
4 22


2790 4 16 22
4 16
4 22


2791 4 16 22
4 16
4 22


2792 4 16 22
4 16
4 22


2793 4 16 22
4 16
4 22


2794 4 16 22
4 16
4 22


2795 4 16 22
4 16
4 22


2796 4 16 22
4 16
4 22


2797 4 16 22
4 16
4 22


2798 4 16 22
4 16
4 22


2799 4 16 22
4 16
4 22


2800 4 16 22
4 16
4 22


2801 4 16 22
4 16
4 22


2802 4 16 22
4 16
4 22


2803 4 16 22
4 16
4 22


2804 4 16 22
4 16
4 22


2805 4 16 22
4 16
4 22


2806 4 16 22
4 16
4 22


2807 4 16 22
4 16
4 22


2808 4 16 22
4 16
4 22


2809 4 16 22
4 16
4 22


2810 4 16 22
4 16
4 22


2811 4 16 22
4 16
4 22


2812 4 16 22
4 16
4 22


2813 4 16 22
4 16
4 22


2814 4 16 22
4 16
4 22


2815 4 16 22
4 16
4 22


2816 4 16 22
4 16
4 22


2817 4 16 22
4 16
4 22


2818 4 16 22
4 16
4 22


2819 4 16 22
4 16
4 22


2820 4 16 22
4 16
4 22


2821 4 16 22
4 16
4 22


2822 4 16 22
4 16
4 22


2823 4 16 22
4 16
4 22


2824 4 16 22
4 16
4 22


2825 4 16 22
4 16
4 22


2826 4 16 22
4 16
4 22


2827 4 16 22
4 16
4 22


2828 4 16 22
4 16
4 22


2829 4 16 22
4 16
4 22


2830 4 16 22
4 16
4 22


2831 4 16 22
4 16
4 22


2832 4 16 22
4 16
4 22


2833 4 16 22
4 16
4 22


2834 4 16 22
4 16
4 22


2835 4 16 22
4 16
4 22


2836 4 16 22
4 16
4 22


2837 4 16 22
4 16
4 22


2838 4 16 22
4 16
4 22


2839 4 16 22
4 16
4 22


2840 4 16 22
4 16
4 22


2841 4 16 22
4 16
4 22


2842 4 16 22
4 16
4 22


2843 4 16 22
4 16
4 22


2844 4 16 22
4 16
4 22


2845 4 16 22
4 16
4 22


2846 4 16 22
4 16
4 22


2847 4 16 22
4 16
4 22


2848 4 16 22
4 16
4 22


2849 4 16 22
4 16
4 22


2850 4 16 22
4 16
4 22


2851 4 16 22
4 16
4 22


2852 4 16 22
4 16
4 22


2853 4 16 22
4 16
4 22


2854 4 16 22
4 16
4 22


2855 4 16 22
4 16
4 22


2856 4 16 22
4 16
4 22


2857 4 16 22
4 16
4 22


2858 4 16 22
4 16
4 22


2859 4 16 22
4 16
4 22


2860 4 16 22
4 16
4 22


2861 4 16 22
4 16
4 22


2862 4 16 22
4 16
4 22


2863 4 16 22
4 16
4 22


2864 4 16 22
4 16
4 22


2865 4 16 22
4 16
4 22


2866 4 16 22
4 16
4 22


2867 4 16 22
4 16
4 22


2868 4 16 22
4 16
4 22


2869 4 16 22
4 16
4 22


2870 4 16 22
4 16
4 22


2871 4 16 22
4 16
4 22


2872 4 16 22
4 16
4 22


2873 4 16 22
4 16
4 22


2874 4 16 22
4 16
4 22


2875 4 16 22
4 16
4 22


2876 4 16 22
4 16
4 22


2877 4 16 22
4 16
4 22


2878 4 16 22
4 16
4 22


2879 4 16 22
4 16
4 22


2880 4 16 22
4 16
4 22


2881 4 16 22
4 16
4 22


2882 4 16 22
4 16
4 22


2883 4 16 22
4 16
4 22


2884 4 16 22
4 16
4 22


2885 4 16 22
4 16
4 22


2886 4 16 22
4 16
4 22


2887 4 16 22
4 16
4 22


2888 4 16 22
4 16
4 22


2889 4 16 22
4 16
4 22


2890 4 16 22
4 16
4 22


2891 4 16 22
4 16
4 22


2892 4 16 22
4 16
4 22


2893 4 16 22
4 16
4 22


2894 4 16 22
4 16
4 22


2895 4 16 22
4 16
4 22


2896 4 16 22
4 16
4 22


2897 4 16 22
4 16
4 22


2898 4 16 22
4 16
4 22


2899 4 16 22
4 16
4 22


2900 4 16 22
4 16
4 22


2901 4 16 22
4 16
4 22


2902 4 16 22
4 16
4 22


2903 4 16 22
4 16
4 22


2904 4 16 22
4 16
4 22


2905 4 16 22
4 16
4 22


2906 4 16 22
4 16
4 22


2907 4 16 22
4 16
4 22


2908 4 16 22
4 16
4 22


2909 4 16 22
4 16
4 22


2910 4 16 22
4 16
4 22


2911 4 16 22
4 16
4 22


2912 4 16 22
4 16
4 22


2913 4 16 22
4 16
4 22


2914 4 16 22
4 16
4 22


2915 4 16 22
4 16
4 22


2916 4 16 22
4 16
4 22


2917 4 16 22
4 16
4 22


2918 4 16 22
4 16
4 22


2919 4 16 22
4 16
4 22


2920 4 16 22
4 16
4 22


2921 4 16 22
4 16
4 22


2922 4 16 22
4 16
4 22


2923 4 16 22
4 16
4 22


2924 4 16 22
4 16
4 22


2925 4 16 22
4 16
4 22


2926 4 16 22
4 16
4 22


2927 4 16 22
4 16
4 22


2928 4 16 22
4 16
4 22


2929 4 16 22
4 16
4 22


2930 4 16 22
4 16
4 22


2931 4 16 22
4 16
4 22


2932 4 16 22
4 16
4 22


2933 4 16 22
4 16
4 22


2934 4 16 22
4 16
4 22


2935 4 16 22
4 16
4 22


2936 4 16 22
4 16
4 22


2937 4 16 22
4 16
4 22


2938 4 16 22
4 16
4 22


2939 4 16 22
4 16
4 22


2940 4 16 22
4 16
4 22


2941 4 16 22
4 16
4 22


2942 4 16 22
4 16
4 22


2943 4 16 22
4 16
4 22


2944 4 16 22
4 16
4 22


2945 4 16 22
4 16
4 22


2946 4 16 22
4 16
4 22


2947 4 16 22
4 16
4 22


2948 4 16 22
4 16
4 22


2949 4 16 22
4 16
4 22


2950 4 16 22
4 16
4 22


2951 4 16 22
4 16
4 22


2952 4 16 22
4 16
4 22


2953 4 16 22
4 16
4 22


2954 4 16 22
4 16
4 22


2955 4 16 22
4 16
4 22


2956 4 16 22
4 16
4 22


2957 4 16 22
4 16
4 22


2958 4 16 22
4 16
4 22


2959 4 16 22
4 16
4 22


2960 4 16 22
4 16
4 22


2961 4 16 22
4 16
4 22


2962 4 16 22
4 16
4 22


2963 4 16 22
4 16
4 22


2964 4 16 22
4 16
4 22


2965 4 16 22
4 16
4 22


2966 4 16 22
4 16
4 22


2967 4 16 22
4 16
4 22


2968 4 16 22
4 16
4 22


2969 4 16 22
4 16
4 22


2970 4 16 22
4 16
4 22


2971 4 16 22
4 16
4 22


2972 4 16 22
4 16
4 22


2973 4 16 22
4 16
4 22


2974 4 16 22
4 16
4 22


2975 4 16 22
4 16
4 22


2976 4 16 22
4 16
4 22


2977 4 16 22
4 16
4 22


2978 4 16 22
4 16
4 22


2979 4 16 22
4 16
4 22


2980 4 16 22
4 16
4 22


2981 4 16 22
4 16
4 22


2982 4 16 22
4 16
4 22


2983 4 16 22
4 16
4 22


2984 4 16 22
4 16
4 22


2985 4 16 22
4 16
4 22


2986 4 16 22
4 16
4 22


2987 4 16 22
4 16
4 22


2988 4 16 22
4 16
4 22


2989 4 16 22
4 16
4 22


2990 4 16 22
4 16
4 22


2991 4 16 22
4 16
4 22


2992 4 16 22
4 16
4 22


2993 4 16 22
4 16
4 22


2994 4 16 22
4 16
4 22


2995 4 16 22
4 16
4 22


2996 4 16 22
4 16
4 22


2997 4 16 22
4 16
4 22


2998 4 16 22
4 16
4 22


2999 4 16 22
4 16
4 22


3000 4 16 22
4 16
4 22


3001 4 16 22
4 16
4 22


3002 4 16 22
4 16
4 22


3003 4 16 22
4 16
4 22


3004 4 16 22
4 16
4 22


3005 4 16 22
4 16
4 22


3006 4 16 22
4 16
4 22


3007 4 16 22
4 16
4 22


3008 4 16 22
4 16
4 22


3009 4 16 22
4 16
4 22


3010 4 16 22
4 16
4 22


3011 4 16 22
4 16
4 22


3012 4 16 22
4 16
4 22


3013 4 16 22
4 16
4 22


3014 4 16 22
4 16
4 22


3015 4 16 22
4 16
4 22


3016 4 16 22
4 16
4 22


3017 4 16 22
4 16
4 22


3018 4 16 22
4 16
4 22


3019 4 16 22
4 16
4 22


3020 4 16 22
4 16
4 22


3021 4 16 22
4 16
4 22


3022 4 16 22
4 16
4 22


3023 4 16 22
4 16
4 22


3024 4 16 22
4 16
4 22


3025 4 16 22
4 16
4 22


3026 4 16 22
4 16
4 22


3027 4 16 22
4 16
4 22


3028 4 16 22
4 16
4 22


3029 4 16 22
4 16
4 22


3030 4 16 22
4 16
4 22


3031 4 16 22
4 16
4 22


3032 4 16 22
4 16
4 22


3033 4 16 22
4 16
4 22


3034 4 16 22
4 16
4 22


3035 4 16 22
4 16
4 22


3036 4 16 22
4 16
4 22


3037 4 16 22
4 16
4 22


3038 4 16 22
4 16
4 22


3039 4 16 22
4 16
4 22


3040 4 16 22
4 16
4 22


3041 4 16 22
4 16
4 22


3042 4 16 22
4 16
4 22


3043 4 16 22
4 16
4 22


3044 4 16 22
4 16
4 22


3045 4 16 22
4 16
4 22


3046 4 16 22
4 16
4 22


3047 4 16 22
4 16
4 22


3048 4 16 22
4 16
4 22


3049 4 16 22
4 16
4 22


3050 4 16 22
4 16
4 22


3051 4 16 22
4 16
4 22


3052 4 16 22
4 16
4 22


3053 4 16 22
4 16
4 22


3054 4 16 22
4 16
4 22


3055 4 16 22
4 16
4 22


3056 4 16 22
4 16
4 22


3057 4 16 22
4 16
4 22


3058 4 16 22
4 16
4 22


3059 4 16 22
4 16
4 22


3060 4 16 22
4 16
4 22


3061 4 16 22
4 16
4 22


3062 4 16 22
4 16
4 22


3063 4 16 22
4 16
4 22


3064 4 16 22
4 16
4 22


3065 4 16 22
4 16
4 22


3066 4 16 22
4 16
4 22


3067 4 16 22
4 16
4 22


3068 4 16 22
4 16
4 22


3069 4 16 22
4 16
4 22


3070 4 16 22
4 16
4 22


3071 4 16 22
4 16
4 22


3072 4 16 22
4 16
4 22


3073 4 16 22
4 16
4 22


3074 4 16 22
4 16
4 22


3075 4 16 22
4 16
4 22


3076 4 16 22
4 16
4 22


3077 4 16 22
4 16
4 22


3078 4 16 22
4 16
4 22


3079 4 16 22
4 16
4 22


3080 4 16 22
4 16
4 22


3081 4 16 22
4 16
4 22


3082 4 16 22
4 16
4 22


3083 4 16 22
4 16
4 22


3084 4 16 22
4 16
4 22


3085 4 16 22
4 16
4 22


3086 4 16 22
4 16
4 22


3087 4 16 22
4 16
4 22


3088 4 16 22
4 16
4 22


3089 4 16 22
4 16
4 22


3090 4 16 22
4 16
4 22


3091 4 16 22
4 16
4 22


4136 5 34 35
5 34
5 35


4137 5 34 35
5 34
5 35


4138 5 34 35
5 34
5 35


4139 5 34 35
5 34
5 35


4140 5 34 35
5 34
5 35


4141 5 34 35
5 34
5 35


4142 5 34 35
5 34
5 35


4143 5 34 35
5 34
5 35


4144 5 34 35
5 34
5 35


4145 5 34 35
5 34
5 35


4146 5 34 35
5 34
5 35


4147 5 34 35
5 34
5 35


4148 5 34 35
5 34
5 35


4149 5 34 35
5 34
5 35


4150 5 34 35
5 34
5 35


4151 5 34 35
5 34
5 35


4152 5 34 35
5 34
5 35


4153 5 34 35
5 34
5 35


4154 5 34 35
5 34
5 35


4155 5 34 35
5 34
5 35


4156 5 34 35
5 34
5 35


4157 5 34 35
5 34
5 35


4158 5 34 35
5 34
5 35


4159 5 34 35
5 34
5 35


4160 5 34 35
5 34
5 35


4161 5 34 35
5 34
5 35


4162 5 34 35
5 34
5 35


4163 5 34 35
5 34
5 35


4164 5 34 35
5 34
5 35


4165 5 34 35
5 34
5 35


4166 5 34 35
5 34
5 35


4167 5 34 35
5 34
5 35


4168 5 34 35
5 34
5 35


4169 5 34 35
5 34
5 35


4170 5 34 35
5 34
5 35


4171 5 34 35
5 34
5 35


4172 5 34 35
5 34
5 35


4173 5 34 35
5 34
5 35


4174 5 34 35
5 34
5 35


4175 5 34 35
5 34
5 35


4176 5 34 35
5 34
5 35


4177 5 34 35
5 34
5 35


4178 5 34 35
5 34
5 35


4179 5 34 35
5 34
5 35


4180 5 34 35
5 34
5 35


4181 5 34 35
5 34
5 35


4182 5 34 35
5 34
5 35


4183 5 34 35
5 34
5 35


4184 5 34 35
5 34
5 35


4185 5 34 35
5 34
5 35


4186 5 34 35
5 34
5 35


4187 5 34 35
5 34
5 35


4188 5 34 35
5 34
5 35


4189 5 34 35
5 34
5 35


4190 5 34 35
5 34
5 35


4191 5 34 35
5 34
5 35


4192 5 34 35
5 34
5 35


4193 5 34 35
5 34
5 35


4194 5 34 35
5 34
5 35


4195 5 34 35
5 34
5 35


4196 5 34 35
5 34
5 35


4197 5 34 35
5 34
5 35


4198 5 34 35
5 34
5 35


4199 5 34 35
5 34
5 35


4460 28 27 26
28 27
28 26


4461 28 27 26
28 27
28 26


4462 28 27 26
28 27
28 26


4463 28 27 26
28 27
28 26


4464 28 27 26
28 27
28 26


4465 28 27 26
28 27
28 26


4466 28 27 26
28 27
28 26


4467 28 27 26
28 27
28 26


4468 28 27 26
28 27
28 26


4469 28 27 26
28 27
28 26


4470 28 27 26
28 27
28 26


4471 28 27 26
28 27
28 26


4472 28 27 26
28 27
28 26


4473 28 27 26
28 27
28 26


4474 28 27 26
28 27
28 26


4475 28 27 26
28 27
28 26


4476 28 27 26
28 27
28 26


4477 28 27 26
28 27
28 26


4478 28 27 26
28 27
28 26


4479 28 27 26
28 27
28 26


4480 28 27 26
28 27
28 26


4481 28 27 26
28 27
28 26


4482 28 27 26
28 27
28 26


4483 28 27 26
28 27
28 26


4484 28 27 26
28 27
28 26


4485 28 27 26
28 27
28 26


4486 28 27 26
28 27
28 26


4487 28 27 26
28 27
28 26


4488 28 27 26
28 27
28 26


4489 28 27 26
28 27
28 26


4490 28 27 26
28 27
28 26


4491 28 27 26
28 27
28 26


4492 28 27 26
28 27
28 26


4493 28 27 26
28 27
28 26


4494 28 27 26
28 27
28 26


4495 28 27 26
28 27
28 26


4496 28 27 26
28 27
28 26


4497 28 27 26
28 27
28 26


4498 28 27 26
28 27
28 26


4499 28 27 26
28 27
28 26


4500 28 27 26
28 27
28 26


4501 28 27 26
28 27
28 26


4502 28 27 26
28 27
28 26


4503 28 27 26
28 27
28 26


4504 28 27 26
28 27
28 26


4505 28 27 26
28 27
28 26


4506 28 27 26
28 27
28 26


4507 28 27 26
28 27
28 26


4508 28 27 26
28 27
28 26


4509 28 27 26
28 27
28 26


4510 28 27 26
28 27
28 26


4511 28 27 26
28 27
28 26


4512 28 27 26
28 27
28 26


4513 28 27 26
28 27
28 26


4514 28 27 26
28 27
28 26


4515 28 27 26
28 27
28 26


4516 28 27 26
28 27
28 26


4517 28 27 26
28 27
28 26


4518 28 27 26
28 27
28 26


4519 28 27 26
28 27
28 26


4520 28 27 26
28 27
28 26


4521 28 27 26
28 27
28 26


4522 28 27 26
28 27
28 26


4523 28 27 26
28 27
28 26


7892 7 14 20
7 14
7 20


7893 7 14 20
7 14
7 20


7894 7 14 20
7 14
7 20


7895 7 14 20
7 14
7 20


7896 7 14 20
7 14
7 20


7897 7 14 20
7 14
7 20


7898 7 14 20
7 14
7 20


7899 7 14 20
7 14
7 20


7900 7 14 20
7 14
7 20


7901 7 14 20
7 14
7 20


7902 7 14 20
7 14
7 20


7903 7 14 20
7 14
7 20


7904 7 14 20
7 14
7 20


7905 7 14 20
7 14
7 20


7906 7 14 20
7 14
7 20


7907 7 14 20
7 14
7 20


7908 7 14 20
7 14
7 20


7909 7 14 20
7 14
7 20


7910 7 14 20
7 14
7 20


7911 7 14 20
7 14
7 20


7912 7 14 20
7 14
7 20


7913 7 14 20
7 14
7 20


7914 7 14 20
7 14
7 20


7915 7 14 20
7 14
7 20


7916 7 14 20
7 14
7 20


7917 7 14 20
7 14
7 20


7918 7 14 20
7 14
7 20


7919 7 14 20
7 14
7 20


7920 7 14 20
7 14
7 20


7921 7 14 20
7 14
7 20


7922 7 14 20
7 14
7 20


7923 7 14 20
7 14
7 20


7924 7 14 20
7 14
7 20


7925 7 14 20
7 14
7 20


7926 7 14 20
7 14
7 20


7927 7 14 20
7 14
7 20


7928 7 14 20
7 14
7 20


7929 7 14 20
7 14
7 20


7930 7 14 20
7 14
7 20


7931 7 14 20
7 14
7 20


7932 7 14 20
7 14
7 20


7933 7 14 20
7 14
7 20


7934 7 14 20
7 14
7 20


7935 7 14 20
7 14
7 20


7936 7 14 20
7 14
7 20


7937 7 14 20
7 14
7 20


7938 7 14 20
7 14
7 20


7939 7 14 20
7 14
7 20


7940 7 14 20
7 14
7 20


7941 7 14 20
7 14
7 20


7942 7 14 20
7 14
7 20


7943 7 14 20
7 14
7 20


7944 7 14 20
7 14
7 20


7945 7 14 20
7 14
7 20


7946 7 14 20
7 14
7 20


7947 7 14 20
7 14
7 20


7948 7 14 20
7 14
7 20


7949 7 14 20
7 14
7 20


7950 7 14 20
7 14
7 20


7951 7 14 20
7 14
7 20


7952 7 14 20
7 14
7 20


7953 7 14 20
7 14
7 20


7954 7 14 20
7 14
7 20


7955 7 14 20
7 14
7 20


7956 7 14 20
7 14
7 20


7957 7 14 20
7 14
7 20


7958 7 14 20
7 14
7 20


7959 7 14 20
7 14
7 20


7960 7 14 20
7 14
7 20


7961 7 14 20
7 14
7 20


7962 7 14 20
7 14
7 20


7963 7 14 20
7 14
7 20


7964 7 14 20
7 14
7 20


7965 7 14 20
7 14
7 20


7966 7 14 20
7 14
7 20


7967 7 14 20
7 14
7 20


7968 7 14 20
7 14
7 20


7969 7 14 20
7 14
7 20


7970 7 14 20
7 14
7 20


7971 7 14 20
7 14
7 20


7972 7 14 20
7 14
7 20


7973 7 14 20
7 14
7 20


7974 7 14 20
7 14
7 20


7975 7 14 20
7 14
7 20


7976 7 14 20
7 14
7 20


7977 7 14 20
7 14
7 20


7978 7 14 20
7 14
7 20


7979 7 14 20
7 14
7 20


7980 7 14 20
7 14
7 20


7981 7 14 20
7 14
7 20


7982 7 14 20
7 14
7 20


7983 7 14 20
7 14
7 20


7984 7 14 20
7 14
7 20


7985 7 14 20
7 14
7 20


7986 7 14 20
7 14
7 20


7987 7 14 20
7 14
7 20


7988 7 14 20
7 14
7 20


7989 7 14 20
7 14
7 20


7990 7 14 20
7 14
7 20


7991 7 14 20
7 14
7 20


7992 7 14 20
7 14
7 20


7993 7 14 20
7 14
7 20


7994 7 14 20
7 14
7 20


7995 7 14 20
7 14
7 20


7996 7 14 20
7 14
7 20


7997 7 14 20
7 14
7 20


7998 7 14 20
7 14
7 20


7999 7 14 20
7 14
7 20


8000 7 14 20
7 14
7 20


8001 7 14 20
7 14
7 20


8002 7 14 20
7 14
7 20


8003 7 14 20
7 14
7 20


8004 7 14 20
7 14
7 20


8005 7 14 20
7 14
7 20


8006 7 14 20
7 14
7 20


8007 7 14 20
7 14
7 20


8008 7 14 20
7 14
7 20


8009 7 14 20
7 14
7 20


8010 7 14 20
7 14
7 20


8011 7 14 20
7 14
7 20


8012 7 14 20
7 14
7 20


8013 7 14 20
7 14
7 20


8014 7 14 20
7 14
7 20


8015 7 14 20
7 14
7 20


8016 7 14 20
7 14
7 20


8017 7 14 20
7 14
7 20


8018 7 14 20
7 14
7 20


8019 7 14 20
7 14
7 20


8020 7 14 20
7 14
7 20


8021 7 14 20
7 14
7 20


8022 7 14 20
7 14
7 20


8023 7 14 20
7 14
7 20


8024 7 14 20
7 14
7 20


8025 7 14 20
7 14
7 20


8026 7 14 20
7 14
7 20


8027 7 14 20
7 14
7 20


8028 7 14 20
7 14
7 20


8029 7 14 20
7 14
7 20


8030 7 14 20
7 14
7 20


8031 7 14 20
7 14
7 20


8032 7 14 20
7 14
7 20


8033 7 14 20
7 14
7 20


8034 7 14 20
7 14
7 20


8035 7 14 20
7 14
7 20


8036 7 14 20
7 14
7 20


8037 7 14 20
7 14
7 20


8038 7 14 20
7 14
7 20


8039 7 14 20
7 14
7 20


8040 7 14 20
7 14
7 20


8041 7 14 20
7 14
7 20


8042 7 14 20
7 14
7 20


8043 7 14 20
7 14
7 20


8044 7 14 20
7 14
7 20


8045 7 14 20
7 14
7 20


8046 7 14 20
7 14
7 20


8047 7 14 20
7 14
7 20


8048 7 14 20
7 14
7 20


8049 7 14 20
7 14
7 20


8050 7 14 20
7 14
7 20


8051 7 14 20
7 14
7 20


8052 7 14 20
7 14
7 20


8053 7 14 20
7 14
7 20


8054 7 14 20
7 14
7 20


8055 7 14 20
7 14
7 20


8056 7 14 20
7 14
7 20


8057 7 14 20
7 14
7 20


8058 7 14 20
7 14
7 20


8059 7 14 20
7 14
7 20


8060 7 14 20
7 14
7 20


8061 7 14 20
7 14
7 20


8062 7 14 20
7 14
7 20


8063 7 14 20
7 14
7 20


8064 7 14 20
7 14
7 20


8065 7 14 20
7 14
7 20


8066 7 14 20
7 14
7 20


8067 7 14 20
7 14
7 20


8068 7 14 20
7 14
7 20


8069 7 14 20
7 14
7 20


8070 7 14 20
7 14
7 20


8071 7 14 20
7 14
7 20


8072 7 14 20
7 14
7 20


8073 7 14 20
7 14
7 20


8074 7 14 20
7 14
7 20


8075 7 14 20
7 14
7 20


8076 7 14 20
7 14
7 20


8077 7 14 20
7 14
7 20


8078 7 14 20
7 14
7 20


8079 7 14 20
7 14
7 20


8080 7 14 20
7 14
7 20


8081 7 14 20
7 14
7 20


8082 7 14 20
7 14
7 20


8083 7 14 20
7 14
7 20


8084 7 14 20
7 14
7 20


8085 7 14 20
7 14
7 20


8086 7 14 20
7 14
7 20


8087 7 14 20
7 14
7 20


8088 7 14 20
7 14
7 20


8089 7 14 20
7 14
7 20


8090 7 14 20
7 14
7 20


8091 7 14 20
7 14
7 20


8092 7 14 20
7 14
7 20


8093 7 14 20
7 14
7 20


8094 7 14 20
7 14
7 20


8095 7 14 20
7 14
7 20


8096 7 14 20
7 14
7 20


8097 7 14 20
7 14
7 20


8098 7 14 20
7 14
7 20


8099 7 14 20
7 14
7 20


8100 7 14 20
7 14
7 20


8101 7 14 20
7 14
7 20


8102 7 14 20
7 14
7 20


8103 7 14 20
7 14
7 20


8104 7 14 20
7 14
7 20


8105 7 14 20
7 14
7 20


8106 7 14 20
7 14
7 20


8107 7 14 20
7 14
7 20


8108 7 14 20
7 14
7 20


8109 7 14 20
7 14
7 20


8110 7 14 20
7 14
7 20


8111 7 14 20
7 14
7 20


8112 7 14 20
7 14
7 20


8113 7 14 20
7 14
7 20


8114 7 14 20
7 14
7 20


8115 7 14 20
7 14
7 20


8116 7 14 20
7 14
7 20


8117 7 14 20
7 14
7 20


8118 7 14 20
7 14
7 20


8119 7 14 20
7 14
7 20


8120 7 14 20
7 14
7 20


8121 7 14 20
7 14
7 20


8122 7 14 20
7 14
7 20


8123 7 14 20
7 14
7 20


8124 7 14 20
7 14
7 20


8125 7 14 20
7 14
7 20


8126 7 14 20
7 14
7 20


8127 7 14 20
7 14
7 20


8128 7 14 20
7 14
7 20


8129 7 14 20
7 14
7 20


8130 7 14 20
7 14
7 20


8131 7 14 20
7 14
7 20


8132 7 14 20
7 14
7 20


8133 7 14 20
7 14
7 20


8134 7 14 20
7 14
7 20


8135 7 14 20
7 14
7 20


8136 7 14 20
7 14
7 20


8137 7 14 20
7 14
7 20


8138 7 14 20
7 14
7 20


8139 7 14 20
7 14
7 20


8140 7 14 20
7 14
7 20


8141 7 14 20
7 14
7 20


8142 7 14 20
7 14
7 20


8143 7 14 20
7 14
7 20


8144 7 14 20
7 14
7 20


8145 7 14 20
7 14
7 20


8146 7 14 20
7 14
7 20


8147 7 14 20
7 14
7 20


8148 7 14 20
7 14
7 20


8149 7 14 20
7 14
7 20


8150 7 14 20
7 14
7 20


8151 7 14 20
7 14
7 20


8152 7 14 20
7 14
7 20


8153 7 14 20
7 14
7 20


8154 7 14 20
7 14
7 20


8155 7 14 20
7 14
7 20


8156 7 14 20
7 14
7 20


8157 7 14 20
7 14
7 20


8158 7 14 20
7 14
7 20


8159 7 14 20
7 14
7 20


8160 7 14 20
7 14
7 20


8161 7 14 20
7 14
7 20


8162 7 14 20
7 14
7 20


8163 7 14 20
7 14
7 20


8164 7 14 20
7 14
7 20


8165 7 14 20
7 14
7 20


8166 7 14 20
7 14
7 20


8167 7 14 20
7 14
7 20


8168 7 14 20
7 14
7 20


8169 7 14 20
7 14
7 20


8170 7 14 20
7 14
7 20


8171 7 14 20
7 14
7 20


8172 7 14 20
7 14
7 20


8173 7 14 20
7 14
7 20


8174 7 14 20
7 14
7 20


8175 7 14 20
7 14
7 20


8176 7 14 20
7 14
7 20


8177 7 14 20
7 14
7 20


8178 7 14 20
7 14
7 20


8179 7 14 20
7 14
7 20


8180 7 14 20
7 14
7 20


8181 7 14 20
7 14
7 20


8182 7 14 20
7 14
7 20


8183 7 14 20
7 14
7 20


8184 7 14 20
7 14
7 20


8185 7 14 20
7 14
7 20


8186 7 14 20
7 14
7 20


8187 7 14 20
7 14
7 20


8188 7 14 20
7 14
7 20


8189 7 14 20
7 14
7 20


8190 7 14 20
7 14
7 20


8191 7 14 20
7 14
7 20


8192 7 14 20
7 14
7 20


8193 7 14 20
7 14
7 20


8194 7 14 20
7 14
7 20


8195 7 14 20
7 14
7 20


8196 7 14 20
7 14
7 20


8197 7 14 20
7 14
7 20


8198 7 14 20
7 14
7 20


8199 7 14 20
7 14
7 20


8200 7 14 20
7 14
7 20


8201 7 14 20
7 14
7 20


8202 7 14 20
7 14
7 20


8203 7 14 20
7 14
7 20


8204 7 14 20
7 14
7 20


8205 7 14 20
7 14
7 20


8206 7 14 20
7 14
7 20


8207 7 14 20
7 14
7 20


8208 7 14 20
7 14
7 20


8209 7 14 20
7 14
7 20


8210 7 14 20
7 14
7 20


8211 7 14 20
7 14
7 20


8212 7 14 20
7 14
7 20


8213 7 14 20
7 14
7 20


8214 7 14 20
7 14
7 20


8215 7 14 20
7 14
7 20


8216 7 14 20
7 14
7 20


8217 7 14 20
7 14
7 20


8218 7 14 20
7 14
7 20


8219 7 14 20
7 14
7 20


8220 7 14 20
7 14
7 20


8221 7 14 20
7 14
7 20


8222 7 14 20
7 14
7 20


8223 7 14 20
7 14
7 20


8224 7 14 20
7 14
7 20


8225 7 14 20
7 14
7 20


8226 7 14 20
7 14
7 20


8227 7 14 20
7 14
7 20


8228 7 14 20
7 14
7 20


8229 7 14 20
7 14
7 20


8230 7 14 20
7 14
7 20


8231 7 14 20
7 14
7 20


8232 7 14 20
7 14
7 20


8233 7 14 20
7 14
7 20


8234 7 14 20
7 14
7 20


8235 7 14 20
7 14
7 20


8236 7 14 20
7 14
7 20


8237 7 14 20
7 14
7 20


8238 7 14 20
7 14
7 20


8239 7 14 20
7 14
7 20


8240 7 14 20
7 14
7 20


8241 7 14 20
7 14
7 20


8242 7 14 20
7 14
7 20


8243 7 14 20
7 14
7 20


8244 7 14 20
7 14
7 20


8245 7 14 20
7 14
7 20


8246 7 14 20
7 14
7 20


8247 7 14 20
7 14
7 20


8248 7 14 20
7 14
7 20


8249 7 14 20
7 14
7 20


8250 7 14 20
7 14
7 20


8251 7 14 20
7 14
7 20


8252 7 14 20
7 14
7 20


8253 7 14 20
7 14
7 20


8254 7 14 20
7 14
7 20


8255 7 14 20
7 14
7 20


8256 7 14 20
7 14
7 20


8257 7 14 20
7 14
7 20


8258 7 14 20
7 14
7 20


8259 7 14 20
7 14
7 20


8260 7 14 20
7 14
7 20


8261 7 14 20
7 14
7 20


8262 7 14 20
7 14
7 20


8263 7 14 20
7 14
7 20


8264 7 14 20
7 14
7 20


8265 7 14 20
7 14
7 20


8266 7 14 20
7 14
7 20


8267 7 14 20
7 14
7 20


8268 7 14 20
7 14
7 20


8269 7 14 20
7 14
7 20


8270 7 14 20
7 14
7 20


8271 7 14 20
7 14
7 20


8272 7 14 20
7 14
7 20


8273 7 14 20
7 14
7 20


8274 7 14 20
7 14
7 20


8275 7 14 20
7 14
7 20


8276 7 14 20
7 14
7 20


8277 7 14 20
7 14
7 20


8278 7 14 20
7 14
7 20


8279 7 14 20
7 14
7 20


8280 7 14 20
7 14
7 20


8281 7 14 20
7 14
7 20


8282 7 14 20
7 14
7 20


8283 7 14 20
7 14
7 20


8284 7 14 20
7 14
7 20


8285 7 14 20
7 14
7 20


8286 7 14 20
7 14
7 20


8287 7 14 20
7 14
7 20


8288 7 14 20
7 14
7 20


8289 7 14 20
7 14
7 20


8290 7 14 20
7 14
7 20


8291 7 14 20
7 14
7 20


8292 7 14 20
7 14
7 20


8293 7 14 20
7 14
7 20


8294 7 14 20
7 14
7 20


8295 7 14 20
7 14
7 20


8296 7 14 20
7 14
7 20


8297 7 14 20
7 14
7 20


8298 7 14 20
7 14
7 20


8299 7 14 20
7 14
7 20


8300 7 14 20
7 14
7 20


8301 7 14 20
7 14
7 20


8302 7 14 20
7 14
7 20


8303 7 14 20
7 14
7 20


8304 7 14 20
7 14
7 20


8305 7 14 20
7 14
7 20


8306 7 14 20
7 14
7 20


8307 7 14 20
7 14
7 20


8308 7 14 20
7 14
7 20


8309 7 14 20
7 14
7 20


8310 7 14 20
7 14
7 20


8311 7 14 20
7 14
7 20


8312 7 14 20
7 14
7 20


8313 7 14 20
7 14
7 20


8314 7 14 20
7 14
7 20


8315 7 14 20
7 14
7 20


8316 7 14 20
7 14
7 20


8317 7 14 20
7 14
7 20


8318 7 14 20
7 14
7 20


8319 7 14 20
7 14
7 20


8320 7 14 20
7 14
7 20


8321 7 14 20
7 14
7 20


8322 7 14 20
7 14
7 20


8323 7 14 20
7 14
7 20


8324 7 14 20
7 14
7 20


8325 7 14 20
7 14
7 20


8326 7 14 20
7 14
7 20


8327 7 14 20
7 14
7 20


8328 7 14 20
7 14
7 20


8329 7 14 20
7 14
7 20


8330 7 14 20
7 14
7 20


8331 7 14 20
7 14
7 20


8332 7 14 20
7 14
7 20


8333 7 14 20
7 14
7 20


8334 7 14 20
7 14
7 20


8335 7 14 20
7 14
7 20


8336 7 14 20
7 14
7 20


8337 7 14 20
7 14
7 20


8338 7 14 20
7 14
7 20


8339 7 14 20
7 14
7 20


8340 7 14 20
7 14
7 20


8341 7 14 20
7 14
7 20


8342 7 14 20
7 14
7 20


8343 7 14 20
7 14
7 20


8344 7 14 20
7 14
7 20


8345 7 14 20
7 14
7 20


8346 7 14 20
7 14
7 20


8347 7 14 20
7 14
7 20


8348 7 14 20
7 14
7 20


8349 7 14 20
7 14
7 20


8350 7 14 20
7 14
7 20


8351 7 14 20
7 14
7 20


8352 7 14 20
7 14
7 20


8353 7 14 20
7 14
7 20


8354 7 14 20
7 14
7 20


8355 7 14 20
7 14
7 20


8356 7 14 20
7 14
7 20


8357 7 14 20
7 14
7 20


8358 7 14 20
7 14
7 20


8359 7 14 20
7 14
7 20


8360 7 14 20
7 14
7 20


8361 7 14 20
7 14
7 20


8362 7 14 20
7 14
7 20


8363 7 14 20
7 14
7 20


8364 7 14 20
7 14
7 20


8365 7 14 20
7 14
7 20


8366 7 14 20
7 14
7 20


8367 7 14 20
7 14
7 20


8368 7 14 20
7 14
7 20


8369 7 14 20
7 14
7 20


8370 7 14 20
7 14
7 20


8371 7 14 20
7 14
7 20


8372 7 14 20
7 14
7 20


8373 7 14 20
7 14
7 20


8374 7 14 20
7 14
7 20


8375 7 14 20
7 14
7 20


8376 7 14 20
7 14
7 20


8377 7 14 20
7 14
7 20


8378 7 14 20
7 14
7 20


8379 7 14 20
7 14
7 20


8380 7 14 20
7 14
7 20


8381 7 14 20
7 14
7 20


8382 7 14 20
7 14
7 20


8383 7 14 20
7 14
7 20


8384 7 14 20
7 14
7 20


8385 7 14 20
7 14
7 20


8386 7 14 20
7 14
7 20


8387 7 14 20
7 14
7 20


8388 7 14 20
7 14
7 20


8389 7 14 20
7 14
7 20


8390 7 14 20
7 14
7 20


8391 7 14 20
7 14
7 20


8392 7 14 20
7 14
7 20


8393 7 14 20
7 14
7 20


8394 7 14 20
7 14
7 20


8395 7 14 20
7 14
7 20


8396 7 14 20
7 14
7 20


8397 7 14 20
7 14
7 20


8398 7 14 20
7 14
7 20


8399 7 14 20
7 14
7 20


8400 7 14 20
7 14
7 20


8401 7 14 20
7 14
7 20


8402 7 14 20
7 14
7 20


8403 7 14 20
7 14
7 20


13604 35 31 25
35 31
35 25


13605 35 31 25
35 31
35 25


13606 35 31 25
35 31
35 25


13607 35 31 25
35 31
35 25


13608 35 31 25
35 31
35 25


13609 35 31 25
35 31
35 25


13610 35 31 25
35 31
35 25


13611 35 31 25
35 31
35 25


13612 35 31 25
35 31
35 25


13613 35 31 25
35 31
35 25


13614 35 31 25
35 31
35 25


13615 35 31 25
35 31
35 25


13616 35 31 25
35 31
35 25


13617 35 31 25
35 31
35 25


13618 35 31 25
35 31
35 25


13619 35 31 25
35 31
35 25


13620 35 31 25
35 31
35 25


13621 35 31 25
35 31
35 25


13622 35 31 25
35 31
35 25


13623 35 31 25
35 31
35 25


13624 35 31 25
35 31
35 25


13625 35 31 25
35 31
35 25


13626 35 31 25
35 31
35 25


13627 35 31 25
35 31
35 25


13628 35 31 25
35 31
35 25


13629 35 31 25
35 31
35 25


13630 35 31 25
35 31
35 25


13631 35 31 25
35 31
35 25


13632 35 31 25
35 31
35 25


13633 35 31 25
35 31
35 25


13634 35 31 25
35 31
35 25


13635 35 31 25
35 31
35 25


13636 35 31 25
35 31
35 25


13637 35 31 25
35 31
35 25


13638 35 31 25
35 31
35 25


13639 35 31 25
35 31
35 25


13640 35 31 25
35 31
35 25


13641 35 31 25
35 31
35 25


13642 35 31 25
35 31
35 25


13643 35 31 25
35 31
35 25


13644 35 31 25
35 31
35 25


13645 35 31 25
35 31
35 25


13646 35 31 25
35 31
35 25


13647 35 31 25
35 31
35 25


13648 35 31 25
35 31
35 25


13649 35 31 25
35 31
35 25


13650 35 31 25
35 31
35 25


13651 35 31 25
35 31
35 25


13652 35 31 25
35 31
35 25


13653 35 31 25
35 31
35 25


13654 35 31 25
35 31
35 25


13655 35 31 25
35 31
35 25


13656 35 31 25
35 31
35 25


13657 35 31 25
35 31
35 25


13658 35 31 25
35 31
35 25


13659 35 31 25
35 31
35 25


13660 35 31 25
35 31
35 25


13661 35 31 25
35 31
35 25


13662 35 31 25
35 31
35 25


13663 35 31 25
35 31
35 25


13664 35 31 25
35 31
35 25


13665 35 31 25
35 31
35 25


13666 35 31 25
35 31
35 25


13667 35 31 25
35 31
35 25


13668 35 31 25
35 31
35 25


13669 35 31 25
35 31
35 25


13670 35 31 25
35 31
35 25


13671 35 31 25
35 31
35 25


13672 35 31 25
35 31
35 25


13673 35 31 25
35 31
35 25


13674 35 31 25
35 31
35 25


13675 35 31 25
35 31
35 25


13676 35 31 25
35 31
35 25


13677 35 31 25
35 31
35 25


13678 35 31 25
35 31
35 25


13679 35 31 25
35 31
35 25


13680 35 31 25
35 31
35 25


13681 35 31 25
35 31
35 25


13682 35 31 25
35 31
35 25


13683 35 31 25
35 31
35 25


13684 35 31 25
35 31
35 25


13685 35 31 25
35 31
35 25


13686 35 31 25
35 31
35 25


13687 35 31 25
35 31
35 25


13688 35 31 25
35 31
35 25


13689 35 31 25
35 31
35 25


13690 35 31 25
35 31
35 25


13691 35 31 25
35 31
35 25


13692 35 31 25
35 31
35 25


13693 35 31 25
35 31
35 25


13694 35 31 25
35 31
35 25


13695 35 31 25
35 31
35 25


13696 35 31 25
35 31
35 25


13697 35 31 25
35 31
35 25


13698 35 31 25
35 31
35 25


13699 35 31 25
35 31
35 25


13700 35 31 25
35 31
35 25


13701 35 31 25
35 31
35 25


13702 35 31 25
35 31
35 25


13703 35 31 25
35 31
35 25


13704 35 31 25
35 31
35 25


13705 35 31 25
35 31
35 25


13706 35 31 25
35 31
35 25


13707 35 31 25
35 31
35 25


13708 35 31 25
35 31
35 25


13709 35 31 25
35 31
35 25


13710 35 31 25
35 31
35 25


13711 35 31 25
35 31
35 25


13712 35 31 25
35 31
35 25


13713 35 31 25
35 31
35 25


13714 35 31 25
35 31
35 25


13715 35 31 25
35 31
35 25


13716 35 31 25
35 31
35 25


13717 35 31 25
35 31
35 25


13718 35 31 25
35 31
35 25


13719 35 31 25
35 31
35 25


13720 35 31 25
35 31
35 25


13721 35 31 25
35 31
35 25


13722 35 31 25
35 31
35 25


13723 35 31 25
35 31
35 25


13724 35 31 25
35 31
35 25


13725 35 31 25
35 31
35 25


13726 35 31 25
35 31
35 25


13727 35 31 25
35 31
35 25


13728 35 31 25
35 31
35 25


13729 35 31 25
35 31
35 25


13730 35 31 25
35 31
35 25


13731 35 31 25
35 31
35 25


13732 35 31 25
35 31
35 25


13733 35 31 25
35 31
35 25


13734 35 31 25
35 31
35 25


13735 35 31 25
35 31
35 25


13736 35 31 25
35 31
35 25


13737 35 31 25
35 31
35 25


13738 35 31 25
35 31
35 25


13739 35 31 25
35 31
35 25


13740 35 31 25
35 31
35 25


13741 35 31 25
35 31
35 25


13742 35 31 25
35 31
35 25


13743 35 31 25
35 31
35 25


13744 35 31 25
35 31
35 25


13745 35 31 25
35 31
35 25


13746 35 31 25
35 31
35 25


13747 35 31 25
35 31
35 25


13748 35 31 25
35 31
35 25


13749 35 31 25
35 31
35 25


13750 35 31 25
35 31
35 25


13751 35 31 25
35 31
35 25


13752 35 31 25
35 31
35 25


13753 35 31 25
35 31
35 25


13754 35 31 25
35 31
35 25


13755 35 31 25
35 31
35 25


13756 35 31 25
35 31
35 25


13757 35 31 25
35 31
35 25


13758 35 31 25
35 31
35 25


13759 35 31 25
35 31
35 25


13760 35 31 25
35 31
35 25


13761 35 31 25
35 31
35 25


13762 35 31 25
35 31
35 25


13763 35 31 25
35 31
35 25


13764 35 31 25
35 31
35 25


13765 35 31 25
35 31
35 25


13766 35 31 25
35 31
35 25


13767 35 31 25
35 31
35 25


13768 35 31 25
35 31
35 25


13769 35 31 25
35 31
35 25


13770 35 31 25
35 31
35 25


13771 35 31 25
35 31
35 25


13772 35 31 25
35 31
35 25


13773 35 31 25
35 31
35 25


13774 35 31 25
35 31
35 25


13775 35 31 25
35 31
35 25


13776 35 31 25
35 31
35 25


13777 35 31 25
35 31
35 25


13778 35 31 25
35 31
35 25


13779 35 31 25
35 31
35 25


13780 35 31 25
35 31
35 25


13781 35 31 25
35 31
35 25


13782 35 31 25
35 31
35 25


13783 35 31 25
35 31
35 25


13784 35 31 25
35 31
35 25


13785 35 31 25
35 31
35 25


13786 35 31 25
35 31
35 25


13787 35 31 25
35 31
35 25


13788 35 31 25
35 31
35 25


13789 35 31 25
35 31
35 25


13790 35 31 25
35 31
35 25


13791 35 31 25
35 31
35 25


13792 35 31 25
35 31
35 25


13793 35 31 25
35 31
35 25


13794 35 31 25
35 31
35 25


13795 35 31 25
35 31
35 25


13796 35 31 25
35 31
35 25


13797 35 31 25
35 31
35 25


13798 35 31 25
35 31
35 25


13799 35 31 25
35 31
35 25


13800 35 31 25
35 31
35 25


13801 35 31 25
35 31
35 25


13802 35 31 25
35 31
35 25


13803 35 31 25
35 31
35 25


13804 35 31 25
35 31
35 25


13805 35 31 25
35 31
35 25


13806 35 31 25
35 31
35 25


13807 35 31 25
35 31
35 25


13808 35 31 25
35 31
35 25


13809 35 31 25
35 31
35 25


13810 35 31 25
35 31
35 25


13811 35 31 25
35 31
35 25


13812 35 31 25
35 31
35 25


13813 35 31 25
35 31
35 25


13814 35 31 25
35 31
35 25


13815 35 31 25
35 31
35 25


13816 35 31 25
35 31
35 25


13817 35 31 25
35 31
35 25


13818 35 31 25
35 31
35 25


13819 35 31 25
35 31
35 25


13820 35 31 25
35 31
35 25


13821 35 31 25
35 31
35 25


13822 35 31 25
35 31
35 25


13823 35 31 25
35 31
35 25


13824 35 31 25
35 31
35 25


13825 35 31 25
35 31
35 25


13826 35 31 25
35 31
35 25


13827 35 31 25
35 31
35 25


13828 35 31 25
35 31
35 25


13829 35 31 25
35 31
35 25


13830 35 31 25
35 31
35 25


13831 35 31 25
35 31
35 25


13832 35 31 25
35 31
35 25


13833 35 31 25
35 31
35 25


13834 35 31 25
35 31
35 25


13835 35 31 25
35 31
35 25


13836 35 31 25
35 31
35 25


13837 35 31 25
35 31
35 25


13838 35 31 25
35 31
35 25


13839 35 31 25
35 31
35 25


13840 35 31 25
35 31
35 25


13841 35 31 25
35 31
35 25


13842 35 31 25
35 31
35 25


13843 35 31 25
35 31
35 25


13844 35 31 25
35 31
35 25


13845 35 31 25
35 31
35 25


13846 35 31 25
35 31
35 25


13847 35 31 25
35 31
35 25


13848 35 31 25
35 31
35 25


13849 35 31 25
35 31
35 25


13850 35 31 25
35 31
35 25


13851 35 31 25
35 31
35 25


13852 35 31 25
35 31
35 25


13853 35 31 25
35 31
35 25


13854 35 31 25
35 31
35 25


13855 35 31 25
35 31
35 25


13856 35 31 25
35 31
35 25


13857 35 31 25
35 31
35 25


13858 35 31 25
35 31
35 25


13859 35 31 25
35 31
35 25


13860 35 31 25
35 31
35 25


13861 35 31 25
35 31
35 25


13862 35 31 25
35 31
35 25


13863 35 31 25
35 31
35 25


13864 35 31 25
35 31
35 25


13865 35 31 25
35 31
35 25


13866 35 31 25
35 31
35 25


13867 35 31 25
35 31
35 25


13868 35 31 25
35 31
35 25


13869 35 31 25
35 31
35 25


13870 35 31 25
35 31
35 25


13871 35 31 25
35 31
35 25


13872 35 31 25
35 31
35 25


13873 35 31 25
35 31
35 25


13874 35 31 25
35 31
35 25


13875 35 31 25
35 31
35 25


13876 35 31 25
35 31
35 25


13877 35 31 25
35 31
35 25


13878 35 31 25
35 31
35 25


13879 35 31 25
35 31
35 25


13880 35 31 25
35 31
35 25


13881 35 31 25
35 31
35 25


13882 35 31 25
35 31
35 25


13883 35 31 25
35 31
35 25


13884 35 31 25
35 31
35 25


13885 35 31 25
35 31
35 25


13886 35 31 25
35 31
35 25


13887 35 31 25
35 31
35 25


13888 35 31 25
35 31
35 25


13889 35 31 25
35 31
35 25


13890 35 31 25
35 31
35 25


13891 35 31 25
35 31
35 25


13892 35 31 25
35 31
35 25


13893 35 31 25
35 31
35 25


13894 35 31 25
35 31
35 25


13895 35 31 25
35 31
35 25


13896 35 31 25
35 31
35 25


13897 35 31 25
35 31
35 25


13898 35 31 25
35 31
35 25


13899 35 31 25
35 31
35 25


13900 35 31 25
35 31
35 25


13901 35 31 25
35 31
35 25


13902 35 31 25
35 31
35 25


13903 35 31 25
35 31
35 25


13904 35 31 25
35 31
35 25


13905 35 31 25
35 31
35 25


13906 35 31 25
35 31
35 25


13907 35 31 25
35 31
35 25


13908 35 31 25
35 31
35 25


13909 35 31 25
35 31
35 25


13910 35 31 25
35 31
35 25


13911 35 31 25
35 31
35 25


13912 35 31 25
35 31
35 25


13913 35 31 25
35 31
35 25


13914 35 31 25
35 31
35 25


13915 35 31 25
35 31
35 25


13916 35 31 25
35 31
35 25


13917 35 31 25
35 31
35 25


13918 35 31 25
35 31
35 25


13919 35 31 25
35 31
35 25


13920 35 31 25
35 31
35 25


13921 35 31 25
35 31
35 25


13922 35 31 25
35 31
35 25


13923 35 31 25
35 31
35 25


13924 35 31 25
35 31
35 25


13925 35 31 25
35 31
35 25


13926 35 31 25
35 31
35 25


13927 35 31 25
35 31
35 25


13928 35 31 25
35 31
35 25


13929 35 31 25
35 31
35 25


13930 35 31 25
35 31
35 25


13931 35 31 25
35 31
35 25


13932 35 31 25
35 31
35 25


13933 35 31 25
35 31
35 25


13934 35 31 25
35 31
35 25


13935 35 31 25
35 31
35 25


13936 35 31 25
35 31
35 25


13937 35 31 25
35 31
35 25


13938 35 31 25
35 31
35 25


13939 35 31 25
35 31
35 25


13940 35 31 25
35 31
35 25


13941 35 31 25
35 31
35 25


13942 35 31 25
35 31
35 25


13943 35 31 25
35 31
35 25


13944 35 31 25
35 31
35 25


13945 35 31 25
35 31
35 25


13946 35 31 25
35 31
35 25


13947 35 31 25
35 31
35 25


13948 35 31 25
35 31
35 25


13949 35 31 25
35 31
35 25


13950 35 31 25
35 31
35 25


13951 35 31 25
35 31
35 25


13952 35 31 25
35 31
35 25


13953 35 31 25
35 31
35 25


13954 35 31 25
35 31
35 25


13955 35 31 25
35 31
35 25


13956 35 31 25
35 31
35 25


13957 35 31 25
35 31
35 25


13958 35 31 25
35 31
35 25


13959 35 31 25
35 31
35 25


13960 35 31 25
35 31
35 25


13961 35 31 25
35 31
35 25


13962 35 31 25
35 31
35 25


13963 35 31 25
35 31
35 25


13964 35 31 25
35 31
35 25


13965 35 31 25
35 31
35 25


13966 35 31 25
35 31
35 25


13967 35 31 25
35 31
35 25


13968 35 31 25
35 31
35 25


13969 35 31 25
35 31
35 25


13970 35 31 25
35 31
35 25


13971 35 31 25
35 31
35 25


13972 35 31 25
35 31
35 25


13973 35 31 25
35 31
35 25


13974 35 31 25
35 31
35 25


13975 35 31 25
35 31
35 25


13976 35 31 25
35 31
35 25


13977 35 31 25
35 31
35 25


13978 35 31 25
35 31
35 25


13979 35 31 25
35 31
35 25


13980 35 31 25
35 31
35 25


13981 35 31 25
35 31
35 25


13982 35 31 25
35 31
35 25


13983 35 31 25
35 31
35 25


13984 35 31 25
35 31
35 25


13985 35 31 25
35 31
35 25


13986 35 31 25
35 31
35 25


13987 35 31 25
35 31
35 25


13988 35 31 25
35 31
35 25


13989 35 31 25
35 31
35 25


13990 35 31 25
35 31
35 25


13991 35 31 25
35 31
35 25


13992 35 31 25
35 31
35 25


13993 35 31 25
35 31
35 25


13994 35 31 25
35 31
35 25


13995 35 31 25
35 31
35 25


13996 35 31 25
35 31
35 25


13997 35 31 25
35 31
35 25


13998 35 31 25
35 31
35 25


13999 35 31 25
35 31
35 25


14000 35 31 25
35 31
35 25


14001 35 31 25
35 31
35 25


14002 35 31 25
35 31
35 25


14003 35 31 25
35 31
35 25


14004 35 31 25
35 31
35 25


14005 35 31 25
35 31
35 25


14006 35 31 25
35 31
35 25


14007 35 31 25
35 31
35 25


14008 35 31 25
35 31
35 25


14009 35 31 25
35 31
35 25


14010 35 31 25
35 31
35 25


14011 35 31 25
35 31
35 25


14012 35 31 25
35 31
35 25


14013 35 31 25
35 31
35 25


14014 35 31 25
35 31
35 25


14015 35 31 25
35 31
35 25


14016 35 31 25
35 31
35 25


14017 35 31 25
35 31
35 25


14018 35 31 25
35 31
35 25


14019 35 31 25
35 31
35 25


14020 35 31 25
35 31
35 25


14021 35 31 25
35 31
35 25


14022 35 31 25
35 31
35 25


14023 35 31 25
35 31
35 25


14024 35 31 25
35 31
35 25


14025 35 31 25
35 31
35 25


14026 35 31 25
35 31
35 25


14027 35 31 25
35 31
35 25


14028 35 31 25
35 31
35 25


14029 35 31 25
35 31
35 25


14030 35 31 25
35 31
35 25


14031 35 31 25
35 31
35 25


14032 35 31 25
35 31
35 25


14033 35 31 25
35 31
35 25


14034 35 31 25
35 31
35 25


14035 35 31 25
35 31
35 25


14036 35 31 25
35 31
35 25


14037 35 31 25
35 31
35 25


14038 35 31 25
35 31
35 25


14039 35 31 25
35 31
35 25


14040 35 31 25
35 31
35 25


14041 35 31 25
35 31
35 25


14042 35 31 25
35 31
35 25


14043 35 31 25
35 31
35 25


14044 35 31 25
35 31
35 25


14045 35 31 25
35 31
35 25


14046 35 31 25
35 31
35 25


14047 35 31 25
35 31
35 25


14048 35 31 25
35 31
35 25


14049 35 31 25
35 31
35 25


14050 35 31 25
35 31
35 25


14051 35 31 25
35 31
35 25


14052 35 31 25
35 31
35 25


14053 35 31 25
35 31
35 25


14054 35 31 25
35 31
35 25


14055 35 31 25
35 31
35 25


14056 35 31 25
35 31
35 25


14057 35 31 25
35 31
35 25


14058 35 31 25
35 31
35 25


14059 35 31 25
35 31
35 25


14060 35 31 25
35 31
35 25


14061 35 31 25
35 31
35 25


14062 35 31 25
35 31
35 25


14063 35 31 25
35 31
35 25


14064 35 31 25
35 31
35 25


14065 35 31 25
35 31
35 25


14066 35 31 25
35 31
35 25


14067 35 31 25
35 31
35 25


14068 35 31 25
35 31
35 25


14069 35 31 25
35 31
35 25


14070 35 31 25
35 31
35 25


14071 35 31 25
35 31
35 25


14072 35 31 25
35 31
35 25


14073 35 31 25
35 31
35 25


14074 35 31 25
35 31
35 25


14075 35 31 25
35 31
35 25


14076 35 31 25
35 31
35 25


14077 35 31 25
35 31
35 25


14078 35 31 25
35 31
35 25


14079 35 31 25
35 31
35 25


14080 35 31 25
35 31
35 25


14081 35 31 25
35 31
35 25


14082 35 31 25
35 31
35 25


14083 35 31 25
35 31
35 25


14084 35 31 25
35 31
35 25


14085 35 31 25
35 31
35 25


14086 35 31 25
35 31
35 25


14087 35 31 25
35 31
35 25


14088 35 31 25
35 31
35 25


14089 35 31 25
35 31
35 25


14090 35 31 25
35 31
35 25


14091 35 31 25
35 31
35 25


14092 35 31 25
35 31
35 25


14093 35 31 25
35 31
35 25


14094 35 31 25
35 31
35 25


14095 35 31 25
35 31
35 25


14096 35 31 25
35 31
35 25


14097 35 31 25
35 31
35 25


14098 35 31 25
35 31
35 25


14099 35 31 25
35 31
35 25


14100 35 31 25
35 31
35 25


14101 35 31 25
35 31
35 25


14102 35 31 25
35 31
35 25


14103 35 31 25
35 31
35 25


14104 35 31 25
35 31
35 25


14105 35 31 25
35 31
35 25


14106 35 31 25
35 31
35 25


14107 35 31 25
35 31
35 25


14108 35 31 25
35 31
35 25


14109 35 31 25
35 31
35 25


14110 35 31 25
35 31
35 25


14111 35 31 25
35 31
35 25


14112 35 31 25
35 31
35 25


14113 35 31 25
35 31
35 25


14114 35 31 25
35 31
35 25


14115 35 31 25
35 31
35 25


19316 9 11 5
9 11
9 5


19317 9 11 5
9 11
9 5


19318 9 11 5
9 11
9 5


19319 9 11 5
9 11
9 5


19320 9 11 5
9 11
9 5


19321 9 11 5
9 11
9 5


19322 9 11 5
9 11
9 5


19323 9 11 5
9 11
9 5


19324 9 11 5
9 11
9 5


19325 9 11 5
9 11
9 5


19326 9 11 5
9 11
9 5


19327 9 11 5
9 11
9 5


19328 9 11 5
9 11
9 5


19329 9 11 5
9 11
9 5


19330 9 11 5
9 11
9 5


19331 9 11 5
9 11
9 5


19332 9 11 5
9 11
9 5


19333 9 11 5
9 11
9 5


19334 9 11 5
9 11
9 5


19335 9 11 5
9 11
9 5


19336 9 11 5
9 11
9 5


19337 9 11 5
9 11
9 5


19338 9 11 5
9 11
9 5


19339 9 11 5
9 11
9 5


19340 9 11 5
9 11
9 5


19341 9 11 5
9 11
9 5


19342 9 11 5
9 11
9 5


19343 9 11 5
9 11
9 5


19344 9 11 5
9 11
9 5


19345 9 11 5
9 11
9 5


19346 9 11 5
9 11
9 5


19347 9 11 5
9 11
9 5


19348 9 11 5
9 11
9 5


19349 9 11 5
9 11
9 5


19350 9 11 5
9 11
9 5


19351 9 11 5
9 11
9 5


19352 9 11 5
9 11
9 5


19353 9 11 5
9 11
9 5


19354 9 11 5
9 11
9 5


19355 9 11 5
9 11
9 5


19356 9 11 5
9 11
9 5


19357 9 11 5
9 11
9 5


19358 9 11 5
9 11
9 5


19359 9 11 5
9 11
9 5


19360 9 11 5
9 11
9 5


19361 9 11 5
9 11
9 5


19362 9 11 5
9 11
9 5


19363 9 11 5
9 11
9 5


19364 9 11 5
9 11
9 5


19365 9 11 5
9 11
9 5


19366 9 11 5
9 11
9 5


19367 9 11 5
9 11
9 5


19368 9 11 5
9 11
9 5


19369 9 11 5
9 11
9 5


19370 9 11 5
9 11
9 5


19371 9 11 5
9 11
9 5


19372 9 11 5
9 11
9 5


19373 9 11 5
9 11
9 5


19374 9 11 5
9 11
9 5


19375 9 11 5
9 11
9 5


19376 9 11 5
9 11
9 5


19377 9 11 5
9 11
9 5


19378 9 11 5
9 11
9 5


19379 9 11 5
9 11
9 5


19380 9 11 5
9 11
9 5


19381 9 11 5
9 11
9 5


19382 9 11 5
9 11
9 5


19383 9 11 5
9 11
9 5


19384 9 11 5
9 11
9 5


19385 9 11 5
9 11
9 5


19386 9 11 5
9 11
9 5


19387 9 11 5
9 11
9 5


19388 9 11 5
9 11
9 5


19389 9 11 5
9 11
9 5


19390 9 11 5
9 11
9 5


19391 9 11 5
9 11
9 5


19392 9 11 5
9 11
9 5


19393 9 11 5
9 11
9 5


19394 9 11 5
9 11
9 5


19395 9 11 5
9 11
9 5


19396 9 11 5
9 11
9 5


19397 9 11 5
9 11
9 5


19398 9 11 5
9 11
9 5


19399 9 11 5
9 11
9 5


19400 9 11 5
9 11
9 5


19401 9 11 5
9 11
9 5


19402 9 11 5
9 11
9 5


19403 9 11 5
9 11
9 5


19404 9 11 5
9 11
9 5


19405 9 11 5
9 11
9 5


19406 9 11 5
9 11
9 5


19407 9 11 5
9 11
9 5


19408 9 11 5
9 11
9 5


19409 9 11 5
9 11
9 5


19410 9 11 5
9 11
9 5


19411 9 11 5
9 11
9 5


19412 9 11 5
9 11
9 5


19413 9 11 5
9 11
9 5


19414 9 11 5
9 11
9 5


19415 9 11 5
9 11
9 5


19416 9 11 5
9 11
9 5


19417 9 11 5
9 11
9 5


19418 9 11 5
9 11
9 5


19419 9 11 5
9 11
9 5


19420 9 11 5
9 11
9 5


19421 9 11 5
9 11
9 5


19422 9 11 5
9 11
9 5


19423 9 11 5
9 11
9 5


19424 9 11 5
9 11
9 5


19425 9 11 5
9 11
9 5


19426 9 11 5
9 11
9 5


19427 9 11 5
9 11
9 5


19428 9 11 5
9 11
9 5


19429 9 11 5
9 11
9 5


19430 9 11 5
9 11
9 5


19431 9 11 5
9 11
9 5


19432 9 11 5
9 11
9 5


19433 9 11 5
9 11
9 5


19434 9 11 5
9 11
9 5


19435 9 11 5
9 11
9 5


19436 9 11 5
9 11
9 5


19437 9 11 5
9 11
9 5


19438 9 11 5
9 11
9 5


19439 9 11 5
9 11
9 5


19440 9 11 5
9 11
9 5


19441 9 11 5
9 11
9 5


19442 9 11 5
9 11
9 5


19443 9 11 5
9 11
9 5


19444 9 11 5
9 11
9 5


19445 9 11 5
9 11
9 5


19446 9 11 5
9 11
9 5


19447 9 11 5
9 11
9 5


19448 9 11 5
9 11
9 5


19449 9 11 5
9 11
9 5


19450 9 11 5
9 11
9 5


19451 9 11 5
9 11
9 5


19452 9 11 5
9 11
9 5


19453 9 11 5
9 11
9 5


19454 9 11 5
9 11
9 5


19455 9 11 5
9 11
9 5


19456 9 11 5
9 11
9 5


19457 9 11 5
9 11
9 5


19458 9 11 5
9 11
9 5


19459 9 11 5
9 11
9 5


19460 9 11 5
9 11
9 5


19461 9 11 5
9 11
9 5


19462 9 11 5
9 11
9 5


19463 9 11 5
9 11
9 5


19464 9 11 5
9 11
9 5


19465 9 11 5
9 11
9 5


19466 9 11 5
9 11
9 5


19467 9 11 5
9 11
9 5


19468 9 11 5
9 11
9 5


19469 9 11 5
9 11
9 5


19470 9 11 5
9 11
9 5


19471 9 11 5
9 11
9 5


19472 9 11 5
9 11
9 5


19473 9 11 5
9 11
9 5


19474 9 11 5
9 11
9 5


19475 9 11 5
9 11
9 5


19476 9 11 5
9 11
9 5


19477 9 11 5
9 11
9 5


19478 9 11 5
9 11
9 5


19479 9 11 5
9 11
9 5


19480 9 11 5
9 11
9 5


19481 9 11 5
9 11
9 5


19482 9 11 5
9 11
9 5


19483 9 11 5
9 11
9 5


19484 9 11 5
9 11
9 5


19485 9 11 5
9 11
9 5


19486 9 11 5
9 11
9 5


19487 9 11 5
9 11
9 5


19488 9 11 5
9 11
9 5


19489 9 11 5
9 11
9 5


19490 9 11 5
9 11
9 5


19491 9 11 5
9 11
9 5


19492 9 11 5
9 11
9 5


19493 9 11 5
9 11
9 5


19494 9 11 5
9 11
9 5


19495 9 11 5
9 11
9 5


19496 9 11 5
9 11
9 5


19497 9 11 5
9 11
9 5


19498 9 11 5
9 11
9 5


19499 9 11 5
9 11
9 5


19500 9 11 5
9 11
9 5


19501 9 11 5
9 11
9 5


19502 9 11 5
9 11
9 5


19503 9 11 5
9 11
9 5


19504 9 11 5
9 11
9 5


19505 9 11 5
9 11
9 5


19506 9 11 5
9 11
9 5


19507 9 11 5
9 11
9 5


19508 9 11 5
9 11
9 5


19509 9 11 5
9 11
9 5


19510 9 11 5
9 11
9 5


19511 9 11 5
9 11
9 5


19512 9 11 5
9 11
9 5


19513 9 11 5
9 11
9 5


19514 9 11 5
9 11
9 5


19515 9 11 5
9 11
9 5


19516 9 11 5
9 11
9 5


19517 9 11 5
9 11
9 5


19518 9 11 5
9 11
9 5


19519 9 11 5
9 11
9 5


19520 9 11 5
9 11
9 5


19521 9 11 5
9 11
9 5


19522 9 11 5
9 11
9 5


19523 9 11 5
9 11
9 5


19524 9 11 5
9 11
9 5


19525 9 11 5
9 11
9 5


19526 9 11 5
9 11
9 5


19527 9 11 5
9 11
9 5


19528 9 11 5
9 11
9 5


19529 9 11 5
9 11
9 5


19530 9 11 5
9 11
9 5


19531 9 11 5
9 11
9 5


19532 9 11 5
9 11
9 5


19533 9 11 5
9 11
9 5


19534 9 11 5
9 11
9 5


19535 9 11 5
9 11
9 5


19536 9 11 5
9 11
9 5


19537 9 11 5
9 11
9 5


19538 9 11 5
9 11
9 5


19539 9 11 5
9 11
9 5


19540 9 11 5
9 11
9 5


19541 9 11 5
9 11
9 5


19542 9 11 5
9 11
9 5


19543 9 11 5
9 11
9 5


19544 9 11 5
9 11
9 5


19545 9 11 5
9 11
9 5


19546 9 11 5
9 11
9 5


19547 9 11 5
9 11
9 5


19548 9 11 5
9 11
9 5


19549 9 11 5
9 11
9 5


19550 9 11 5
9 11
9 5


19551 9 11 5
9 11
9 5


19552 9 11 5
9 11
9 5


19553 9 11 5
9 11
9 5


19554 9 11 5
9 11
9 5


19555 9 11 5
9 11
9 5


19556 9 11 5
9 11
9 5


19557 9 11 5
9 11
9 5


19558 9 11 5
9 11
9 5


19559 9 11 5
9 11
9 5


19560 9 11 5
9 11
9 5


19561 9 11 5
9 11
9 5


19562 9 11 5
9 11
9 5


19563 9 11 5
9 11
9 5


19564 9 11 5
9 11
9 5


19565 9 11 5
9 11
9 5


19566 9 11 5
9 11
9 5


19567 9 11 5
9 11
9 5


19568 9 11 5
9 11
9 5


19569 9 11 5
9 11
9 5


19570 9 11 5
9 11
9 5


19571 9 11 5
9 11
9 5


19572 9 11 5
9 11
9 5


19573 9 11 5
9 11
9 5


19574 9 11 5
9 11
9 5


19575 9 11 5
9 11
9 5


19576 9 11 5
9 11
9 5


19577 9 11 5
9 11
9 5


19578 9 11 5
9 11
9 5


19579 9 11 5
9 11
9 5


19580 9 11 5
9 11
9 5


19581 9 11 5
9 11
9 5


19582 9 11 5
9 11
9 5


19583 9 11 5
9 11
9 5


19584 9 11 5
9 11
9 5


19585 9 11 5
9 11
9 5


19586 9 11 5
9 11
9 5


19587 9 11 5
9 11
9 5


19588 9 11 5
9 11
9 5


19589 9 11 5
9 11
9 5


19590 9 11 5
9 11
9 5


19591 9 11 5
9 11
9 5


19592 9 11 5
9 11
9 5


19593 9 11 5
9 11
9 5


19594 9 11 5
9 11
9 5


19595 9 11 5
9 11
9 5


19596 9 11 5
9 11
9 5


19597 9 11 5
9 11
9 5


19598 9 11 5
9 11
9 5


19599 9 11 5
9 11
9 5


19600 9 11 5
9 11
9 5


19601 9 11 5
9 11
9 5


19602 9 11 5
9 11
9 5


19603 9 11 5
9 11
9 5


19604 9 11 5
9 11
9 5


19605 9 11 5
9 11
9 5


19606 9 11 5
9 11
9 5


19607 9 11 5
9 11
9 5


19608 9 11 5
9 11
9 5


19609 9 11 5
9 11
9 5


19610 9 11 5
9 11
9 5


19611 9 11 5
9 11
9 5


19612 9 11 5
9 11
9 5


19613 9 11 5
9 11
9 5


19614 9 11 5
9 11
9 5


19615 9 11 5
9 11
9 5


19616 9 11 5
9 11
9 5


19617 9 11 5
9 11
9 5


19618 9 11 5
9 11
9 5


19619 9 11 5
9 11
9 5


19620 9 11 5
9 11
9 5


19621 9 11 5
9 11
9 5


19622 9 11 5
9 11
9 5


19623 9 11 5
9 11
9 5


19624 9 11 5
9 11
9 5


19625 9 11 5
9 11
9 5


19626 9 11 5
9 11
9 5


19627 9 11 5
9 11
9 5


19628 9 11 5
9 11
9 5


19629 9 11 5
9 11
9 5


19630 9 11 5
9 11
9 5


19631 9 11 5
9 11
9 5


19632 9 11 5
9 11
9 5


19633 9 11 5
9 11
9 5


19634 9 11 5
9 11
9 5


19635 9 11 5
9 11
9 5


19636 9 11 5
9 11
9 5


19637 9 11 5
9 11
9 5


19638 9 11 5
9 11
9 5


19639 9 11 5
9 11
9 5


19640 9 11 5
9 11
9 5


19641 9 11 5
9 11
9 5


19642 9 11 5
9 11
9 5


19643 9 11 5
9 11
9 5


19644 9 11 5
9 11
9 5


19645 9 11 5
9 11
9 5


19646 9 11 5
9 11
9 5


19647 9 11 5
9 11
9 5


19648 9 11 5
9 11
9 5


19649 9 11 5
9 11
9 5


19650 9 11 5
9 11
9 5


19651 9 11 5
9 11
9 5


19652 9 11 5
9 11
9 5


19653 9 11 5
9 11
9 5


19654 9 11 5
9 11
9 5


19655 9 11 5
9 11
9 5


19656 9 11 5
9 11
9 5


19657 9 11 5
9 11
9 5


19658 9 11 5
9 11
9 5


19659 9 11 5
9 11
9 5


19660 9 11 5
9 11
9 5


19661 9 11 5
9 11
9 5


19662 9 11 5
9 11
9 5


19663 9 11 5
9 11
9 5


19664 9 11 5
9 11
9 5


19665 9 11 5
9 11
9 5


19666 9 11 5
9 11
9 5


19667 9 11 5
9 11
9 5


19668 9 11 5
9 11
9 5


19669 9 11 5
9 11
9 5


19670 9 11 5
9 11
9 5


19671 9 11 5
9 11
9 5


19672 9 11 5
9 11
9 5


19673 9 11 5
9 11
9 5


19674 9 11 5
9 11
9 5


19675 9 11 5
9 11
9 5


19676 9 11 5
9 11
9 5


19677 9 11 5
9 11
9 5


19678 9 11 5
9 11
9 5


19679 9 11 5
9 11
9 5


19680 9 11 5
9 11
9 5


19681 9 11 5
9 11
9 5


19682 9 11 5
9 11
9 5


19683 9 11 5
9 11
9 5


19684 9 11 5
9 11
9 5


19685 9 11 5
9 11
9 5


19686 9 11 5
9 11
9 5


19687 9 11 5
9 11
9 5


19688 9 11 5
9 11
9 5


19689 9 11 5
9 11
9 5


19690 9 11 5
9 11
9 5


19691 9 11 5
9 11
9 5


19692 9 11 5
9 11
9 5


19693 9 11 5
9 11
9 5


19694 9 11 5
9 11
9 5


19695 9 11 5
9 11
9 5


19696 9 11 5
9 11
9 5


19697 9 11 5
9 11
9 5


19698 9 11 5
9 11
9 5


19699 9 11 5
9 11
9 5


19700 9 11 5
9 11
9 5


19701 9 11 5
9 11
9 5


19702 9 11 5
9 11
9 5


19703 9 11 5
9 11
9 5


19704 9 11 5
9 11
9 5


19705 9 11 5
9 11
9 5


19706 9 11 5
9 11
9 5


19707 9 11 5
9 11
9 5


19708 9 11 5
9 11
9 5


19709 9 11 5
9 11
9 5


19710 9 11 5
9 11
9 5


19711 9 11 5
9 11
9 5


19712 9 11 5
9 11
9 5


19713 9 11 5
9 11
9 5


19714 9 11 5
9 11
9 5


19715 9 11 5
9 11
9 5


19716 9 11 5
9 11
9 5


19717 9 11 5
9 11
9 5


19718 9 11 5
9 11
9 5


19719 9 11 5
9 11
9 5


19720 9 11 5
9 11
9 5


19721 9 11 5
9 11
9 5


19722 9 11 5
9 11
9 5


19723 9 11 5
9 11
9 5


19724 9 11 5
9 11
9 5


19725 9 11 5
9 11
9 5


19726 9 11 5
9 11
9 5


19727 9 11 5
9 11
9 5


19728 9 11 5
9 11
9 5


19729 9 11 5
9 11
9 5


19730 9 11 5
9 11
9 5


19731 9 11 5
9 11
9 5


19732 9 11 5
9 11
9 5


19733 9 11 5
9 11
9 5


19734 9 11 5
9 11
9 5


19735 9 11 5
9 11
9 5


19736 9 11 5
9 11
9 5


19737 9 11 5
9 11
9 5


19738 9 11 5
9 11
9 5


19739 9 11 5
9 11
9 5


19740 9 11 5
9 11
9 5


19741 9 11 5
9 11
9 5


19742 9 11 5
9 11
9 5


19743 9 11 5
9 11
9 5


19744 9 11 5
9 11
9 5


19745 9 11 5
9 11
9 5


19746 9 11 5
9 11
9 5


19747 9 11 5
9 11
9 5


19748 9 11 5
9 11
9 5


19749 9 11 5
9 11
9 5


19750 9 11 5
9 11
9 5


19751 9 11 5
9 11
9 5


19752 9 11 5
9 11
9 5


19753 9 11 5
9 11
9 5


19754 9 11 5
9 11
9 5


19755 9 11 5
9 11
9 5


19756 9 11 5
9 11
9 5


19757 9 11 5
9 11
9 5


19758 9 11 5
9 11
9 5


19759 9 11 5
9 11
9 5


19760 9 11 5
9 11
9 5


19761 9 11 5
9 11
9 5


19762 9 11 5
9 11
9 5


19763 9 11 5
9 11
9 5


19764 9 11 5
9 11
9 5


19765 9 11 5
9 11
9 5


19766 9 11 5
9 11
9 5


19767 9 11 5
9 11
9 5


19768 9 11 5
9 11
9 5


19769 9 11 5
9 11
9 5


19770 9 11 5
9 11
9 5


19771 9 11 5
9 11
9 5


19772 9 11 5
9 11
9 5


19773 9 11 5
9 11
9 5


19774 9 11 5
9 11
9 5


19775 9 11 5
9 11
9 5


19776 9 11 5
9 11
9 5


19777 9 11 5
9 11
9 5


19778 9 11 5
9 11
9 5


19779 9 11 5
9 11
9 5


19780 9 11 5
9 11
9 5


19781 9 11 5
9 11
9 5


19782 9 11 5
9 11
9 5


19783 9 11 5
9 11
9 5


19784 9 11 5
9 11
9 5


19785 9 11 5
9 11
9 5


19786 9 11 5
9 11
9 5


19787 9 11 5
9 11
9 5


19788 9 11 5
9 11
9 5


19789 9 11 5
9 11
9 5


19790 9 11 5
9 11
9 5


19791 9 11 5
9 11
9 5


19792 9 11 5
9 11
9 5


19793 9 11 5
9 11
9 5


19794 9 11 5
9 11
9 5


19795 9 11 5
9 11
9 5


19796 9 11 5
9 11
9 5


19797 9 11 5
9 11
9 5


19798 9 11 5
9 11
9 5


19799 9 11 5
9 11
9 5


19800 9 11 5
9 11
9 5


19801 9 11 5
9 11
9 5


19802 9 11 5
9 11
9 5


19803 9 11 5
9 11
9 5


19804 9 11 5
9 11
9 5


19805 9 11 5
9 11
9 5


19806 9 11 5
9 11
9 5


19807 9 11 5
9 11
9 5


19808 9 11 5
9 11
9 5


19809 9 11 5
9 11
9 5


19810 9 11 5
9 11
9 5


19811 9 11 5
9 11
9 5


19812 9 11 5
9 11
9 5


19813 9 11 5
9 11
9 5


19814 9 11 5
9 11
9 5


19815 9 11 5
9 11
9 5


19816 9 11 5
9 11
9 5


19817 9 11 5
9 11
9 5


19818 9 11 5
9 11
9 5


19819 9 11 5
9 11
9 5


19820 9 11 5
9 11
9 5


19821 9 11 5
9 11
9 5


19822 9 11 5
9 11
9 5


19823 9 11 5
9 11
9 5


19824 9 11 5
9 11
9 5


19825 9 11 5
9 11
9 5


19826 9 11 5
9 11
9 5


19827 9 11 5
9 11
9 5


25028 0 19 13
0 19
0 13


25029 0 19 13
0 19
0 13


25030 0 19 13
0 19
0 13


25031 0 19 13
0 19
0 13


25032 0 19 13
0 19
0 13


25033 0 19 13
0 19
0 13


25034 0 19 13
0 19
0 13


25035 0 19 13
0 19
0 13


25036 0 19 13
0 19
0 13


25037 0 19 13
0 19
0 13


25038 0 19 13
0 19
0 13


25039 0 19 13
0 19
0 13


25040 0 19 13
0 19
0 13


25041 0 19 13
0 19
0 13


25042 0 19 13
0 19
0 13


25043 0 19 13
0 19
0 13


25044 0 19 13
0 19
0 13


25045 0 19 13
0 19
0 13


25046 0 19 13
0 19
0 13


25047 0 19 13
0 19
0 13


25048 0 19 13
0 19
0 13


25049 0 19 13
0 19
0 13


25050 0 19 13
0 19
0 13


25051 0 19 13
0 19
0 13


25052 0 19 13
0 19
0 13


25053 0 19 13
0 19
0 13


25054 0 19 13
0 19
0 13


25055 0 19 13
0 19
0 13


25056 0 19 13
0 19
0 13


25057 0 19 13
0 19
0 13


25058 0 19 13
0 19
0 13


25059 0 19 13
0 19
0 13


25060 0 19 13
0 19
0 13


25061 0 19 13
0 19
0 13


25062 0 19 13
0 19
0 13


25063 0 19 13
0 19
0 13


25064 0 19 13
0 19
0 13


25065 0 19 13
0 19
0 13


25066 0 19 13
0 19
0 13


25067 0 19 13
0 19
0 13


25068 0 19 13
0 19
0 13


25069 0 19 13
0 19
0 13


25070 0 19 13
0 19
0 13


25071 0 19 13
0 19
0 13


25072 0 19 13
0 19
0 13


25073 0 19 13
0 19
0 13


25074 0 19 13
0 19
0 13


25075 0 19 13
0 19
0 13


25076 0 19 13
0 19
0 13


25077 0 19 13
0 19
0 13


25078 0 19 13
0 19
0 13


25079 0 19 13
0 19
0 13


25080 0 19 13
0 19
0 13


25081 0 19 13
0 19
0 13


25082 0 19 13
0 19
0 13


25083 0 19 13
0 19
0 13


25084 0 19 13
0 19
0 13


25085 0 19 13
0 19
0 13


25086 0 19 13
0 19
0 13


25087 0 19 13
0 19
0 13


25088 0 19 13
0 19
0 13


25089 0 19 13
0 19
0 13


25090 0 19 13
0 19
0 13


25091 0 19 13
0 19
0 13


25092 0 19 13
0 19
0 13


25093 0 19 13
0 19
0 13


25094 0 19 13
0 19
0 13


25095 0 19 13
0 19
0 13


25096 0 19 13
0 19
0 13


25097 0 19 13
0 19
0 13


25098 0 19 13
0 19
0 13


25099 0 19 13
0 19
0 13


25100 0 19 13
0 19
0 13


25101 0 19 13
0 19
0 13


25102 0 19 13
0 19
0 13


25103 0 19 13
0 19
0 13


25104 0 19 13
0 19
0 13


25105 0 19 13
0 19
0 13


25106 0 19 13
0 19
0 13


25107 0 19 13
0 19
0 13


25108 0 19 13
0 19
0 13


25109 0 19 13
0 19
0 13


25110 0 19 13
0 19
0 13


25111 0 19 13
0 19
0 13


25112 0 19 13
0 19
0 13


25113 0 19 13
0 19
0 13


25114 0 19 13
0 19
0 13


25115 0 19 13
0 19
0 13


25116 0 19 13
0 19
0 13


25117 0 19 13
0 19
0 13


25118 0 19 13
0 19
0 13


25119 0 19 13
0 19
0 13


25120 0 19 13
0 19
0 13


25121 0 19 13
0 19
0 13


25122 0 19 13
0 19
0 13


25123 0 19 13
0 19
0 13


25124 0 19 13
0 19
0 13


25125 0 19 13
0 19
0 13


25126 0 19 13
0 19
0 13


25127 0 19 13
0 19
0 13


25128 0 19 13
0 19
0 13


25129 0 19 13
0 19
0 13


25130 0 19 13
0 19
0 13


25131 0 19 13
0 19
0 13


25132 0 19 13
0 19
0 13


25133 0 19 13
0 19
0 13


25134 0 19 13
0 19
0 13


25135 0 19 13
0 19
0 13


25136 0 19 13
0 19
0 13


25137 0 19 13
0 19
0 13


25138 0 19 13
0 19
0 13


25139 0 19 13
0 19
0 13


25140 0 19 13
0 19
0 13


25141 0 19 13
0 19
0 13


25142 0 19 13
0 19
0 13


25143 0 19 13
0 19
0 13


25144 0 19 13
0 19
0 13


25145 0 19 13
0 19
0 13


25146 0 19 13
0 19
0 13


25147 0 19 13
0 19
0 13


25148 0 19 13
0 19
0 13


25149 0 19 13
0 19
0 13


25150 0 19 13
0 19
0 13


25151 0 19 13
0 19
0 13


25152 0 19 13
0 19
0 13


25153 0 19 13
0 19
0 13


25154 0 19 13
0 19
0 13


25155 0 19 13
0 19
0 13


25156 0 19 13
0 19
0 13


25157 0 19 13
0 19
0 13


25158 0 19 13
0 19
0 13


25159 0 19 13
0 19
0 13


25160 0 19 13
0 19
0 13


25161 0 19 13
0 19
0 13


25162 0 19 13
0 19
0 13


25163 0 19 13
0 19
0 13


25164 0 19 13
0 19
0 13


25165 0 19 13
0 19
0 13


25166 0 19 13
0 19
0 13


25167 0 19 13
0 19
0 13


25168 0 19 13
0 19
0 13


25169 0 19 13
0 19
0 13


25170 0 19 13
0 19
0 13


25171 0 19 13
0 19
0 13


25172 0 19 13
0 19
0 13


25173 0 19 13
0 19
0 13


25174 0 19 13
0 19
0 13


25175 0 19 13
0 19
0 13


25176 0 19 13
0 19
0 13


25177 0 19 13
0 19
0 13


25178 0 19 13
0 19
0 13


25179 0 19 13
0 19
0 13


25180 0 19 13
0 19
0 13


25181 0 19 13
0 19
0 13


25182 0 19 13
0 19
0 13


25183 0 19 13
0 19
0 13


25184 0 19 13
0 19
0 13


25185 0 19 13
0 19
0 13


25186 0 19 13
0 19
0 13


25187 0 19 13
0 19
0 13


25188 0 19 13
0 19
0 13


25189 0 19 13
0 19
0 13


25190 0 19 13
0 19
0 13


25191 0 19 13
0 19
0 13


25192 0 19 13
0 19
0 13


25193 0 19 13
0 19
0 13


25194 0 19 13
0 19
0 13


25195 0 19 13
0 19
0 13


25196 0 19 13
0 19
0 13


25197 0 19 13
0 19
0 13


25198 0 19 13
0 19
0 13


25199 0 19 13
0 19
0 13


25200 0 19 13
0 19
0 13


25201 0 19 13
0 19
0 13


25202 0 19 13
0 19
0 13


25203 0 19 13
0 19
0 13


25204 0 19 13
0 19
0 13


25205 0 19 13
0 19
0 13


25206 0 19 13
0 19
0 13


25207 0 19 13
0 19
0 13


25208 0 19 13
0 19
0 13


25209 0 19 13
0 19
0 13


25210 0 19 13
0 19
0 13


25211 0 19 13
0 19
0 13


25212 0 19 13
0 19
0 13


25213 0 19 13
0 19
0 13


25214 0 19 13
0 19
0 13


25215 0 19 13
0 19
0 13


25216 0 19 13
0 19
0 13


25217 0 19 13
0 19
0 13


25218 0 19 13
0 19
0 13


25219 0 19 13
0 19
0 13


25220 0 19 13
0 19
0 13


25221 0 19 13
0 19
0 13


25222 0 19 13
0 19
0 13


25223 0 19 13
0 19
0 13


25224 0 19 13
0 19
0 13


25225 0 19 13
0 19
0 13


25226 0 19 13
0 19
0 13


25227 0 19 13
0 19
0 13


25228 0 19 13
0 19
0 13


25229 0 19 13
0 19
0 13


25230 0 19 13
0 19
0 13


25231 0 19 13
0 19
0 13


25232 0 19 13
0 19
0 13


25233 0 19 13
0 19
0 13


25234 0 19 13
0 19
0 13


25235 0 19 13
0 19
0 13


25236 0 19 13
0 19
0 13


25237 0 19 13
0 19
0 13


25238 0 19 13
0 19
0 13


25239 0 19 13
0 19
0 13


25240 0 19 13
0 19
0 13


25241 0 19 13
0 19
0 13


25242 0 19 13
0 19
0 13


25243 0 19 13
0 19
0 13


25244 0 19 13
0 19
0 13


25245 0 19 13
0 19
0 13


25246 0 19 13
0 19
0 13


25247 0 19 13
0 19
0 13


25248 0 19 13
0 19
0 13


25249 0 19 13
0 19
0 13


25250 0 19 13
0 19
0 13


25251 0 19 13
0 19
0 13


25252 0 19 13
0 19
0 13


25253 0 19 13
0 19
0 13


25254 0 19 13
0 19
0 13


25255 0 19 13
0 19
0 13


25256 0 19 13
0 19
0 13


25257 0 19 13
0 19
0 13


25258 0 19 13
0 19
0 13


25259 0 19 13
0 19
0 13


25260 0 19 13
0 19
0 13


25261 0 19 13
0 19
0 13


25262 0 19 13
0 19
0 13


25263 0 19 13
0 19
0 13


25264 0 19 13
0 19
0 13


25265 0 19 13
0 19
0 13


25266 0 19 13
0 19
0 13


25267 0 19 13
0 19
0 13


25268 0 19 13
0 19
0 13


25269 0 19 13
0 19
0 13


25270 0 19 13
0 19
0 13


25271 0 19 13
0 19
0 13


25272 0 19 13
0 19
0 13


25273 0 19 13
0 19
0 13


25274 0 19 13
0 19
0 13


25275 0 19 13
0 19
0 13


25276 0 19 13
0 19
0 13


25277 0 19 13
0 19
0 13


25278 0 19 13
0 19
0 13


25279 0 19 13
0 19
0 13


25280 0 19 13
0 19
0 13


25281 0 19 13
0 19
0 13


25282 0 19 13
0 19
0 13


25283 0 19 13
0 19
0 13


25284 0 19 13
0 19
0 13


25285 0 19 13
0 19
0 13


25286 0 19 13
0 19
0 13


25287 0 19 13
0 19
0 13


25288 0 19 13
0 19
0 13


25289 0 19 13
0 19
0 13


25290 0 19 13
0 19
0 13


25291 0 19 13
0 19
0 13


25292 0 19 13
0 19
0 13


25293 0 19 13
0 19
0 13


25294 0 19 13
0 19
0 13


25295 0 19 13
0 19
0 13


25296 0 19 13
0 19
0 13


25297 0 19 13
0 19
0 13


25298 0 19 13
0 19
0 13


25299 0 19 13
0 19
0 13


25300 0 19 13
0 19
0 13


25301 0 19 13
0 19
0 13


25302 0 19 13
0 19
0 13


25303 0 19 13
0 19
0 13


25304 0 19 13
0 19
0 13


25305 0 19 13
0 19
0 13


25306 0 19 13
0 19
0 13


25307 0 19 13
0 19
0 13


25308 0 19 13
0 19
0 13


25309 0 19 13
0 19
0 13


25310 0 19 13
0 19
0 13


25311 0 19 13
0 19
0 13


25312 0 19 13
0 19
0 13


25313 0 19 13
0 19
0 13


25314 0 19 13
0 19
0 13


25315 0 19 13
0 19
0 13


25316 0 19 13
0 19
0 13


25317 0 19 13
0 19
0 13


25318 0 19 13
0 19
0 13


25319 0 19 13
0 19
0 13


25320 0 19 13
0 19
0 13


25321 0 19 13
0 19
0 13


25322 0 19 13
0 19
0 13


25323 0 19 13
0 19
0 13


25324 0 19 13
0 19
0 13


25325 0 19 13
0 19
0 13


25326 0 19 13
0 19
0 13


25327 0 19 13
0 19
0 13


25328 0 19 13
0 19
0 13


25329 0 19 13
0 19
0 13


25330 0 19 13
0 19
0 13


25331 0 19 13
0 19
0 13


25332 0 19 13
0 19
0 13


25333 0 19 13
0 19
0 13


25334 0 19 13
0 19
0 13


25335 0 19 13
0 19
0 13


25336 0 19 13
0 19
0 13


25337 0 19 13
0 19
0 13


25338 0 19 13
0 19
0 13


25339 0 19 13
0 19
0 13


25340 0 19 13
0 19
0 13


25341 0 19 13
0 19
0 13


25342 0 19 13
0 19
0 13


25343 0 19 13
0 19
0 13


25344 0 19 13
0 19
0 13


25345 0 19 13
0 19
0 13


25346 0 19 13
0 19
0 13


25347 0 19 13
0 19
0 13


25348 0 19 13
0 19
0 13


25349 0 19 13
0 19
0 13


25350 0 19 13
0 19
0 13


25351 0 19 13
0 19
0 13


25352 0 19 13
0 19
0 13


25353 0 19 13
0 19
0 13


25354 0 19 13
0 19
0 13


25355 0 19 13
0 19
0 13


25356 0 19 13
0 19
0 13


25357 0 19 13
0 19
0 13


25358 0 19 13
0 19
0 13


25359 0 19 13
0 19
0 13


25360 0 19 13
0 19
0 13


25361 0 19 13
0 19
0 13


25362 0 19 13
0 19
0 13


25363 0 19 13
0 19
0 13


25364 0 19 13
0 19
0 13


25365 0 19 13
0 19
0 13


25366 0 19 13
0 19
0 13


25367 0 19 13
0 19
0 13


25368 0 19 13
0 19
0 13


25369 0 19 13
0 19
0 13


25370 0 19 13
0 19
0 13


25371 0 19 13
0 19
0 13


25372 0 19 13
0 19
0 13


25373 0 19 13
0 19
0 13


25374 0 19 13
0 19
0 13


25375 0 19 13
0 19
0 13


25376 0 19 13
0 19
0 13


25377 0 19 13
0 19
0 13


25378 0 19 13
0 19
0 13


25379 0 19 13
0 19
0 13


25380 0 19 13
0 19
0 13


25381 0 19 13
0 19
0 13


25382 0 19 13
0 19
0 13


25383 0 19 13
0 19
0 13


25384 0 19 13
0 19
0 13


25385 0 19 13
0 19
0 13


25386 0 19 13
0 19
0 13


25387 0 19 13
0 19
0 13


25388 0 19 13
0 19
0 13


25389 0 19 13
0 19
0 13


25390 0 19 13
0 19
0 13


25391 0 19 13
0 19
0 13


25392 0 19 13
0 19
0 13


25393 0 19 13
0 19
0 13


25394 0 19 13
0 19
0 13


25395 0 19 13
0 19
0 13


25396 0 19 13
0 19
0 13


25397 0 19 13
0 19
0 13


25398 0 19 13
0 19
0 13


25399 0 19 13
0 19
0 13


25400 0 19 13
0 19
0 13


25401 0 19 13
0 19
0 13


25402 0 19 13
0 19
0 13


25403 0 19 13
0 19
0 13


25404 0 19 13
0 19
0 13


25405 0 19 13
0 19
0 13


25406 0 19 13
0 19
0 13


25407 0 19 13
0 19
0 13


25408 0 19 13
0 19
0 13


25409 0 19 13
0 19
0 13


25410 0 19 13
0 19
0 13


25411 0 19 13
0 19
0 13


25412 0 19 13
0 19
0 13


25413 0 19 13
0 19
0 13


25414 0 19 13
0 19
0 13


25415 0 19 13
0 19
0 13


25416 0 19 13
0 19
0 13


25417 0 19 13
0 19
0 13


25418 0 19 13
0 19
0 13


25419 0 19 13
0 19
0 13


25420 0 19 13
0 19
0 13


25421 0 19 13
0 19
0 13


25422 0 19 13
0 19
0 13


25423 0 19 13
0 19
0 13


25424 0 19 13
0 19
0 13


25425 0 19 13
0 19
0 13


25426 0 19 13
0 19
0 13


25427 0 19 13
0 19
0 13


25428 0 19 13
0 19
0 13


25429 0 19 13
0 19
0 13


25430 0 19 13
0 19
0 13


25431 0 19 13
0 19
0 13


25432 0 19 13
0 19
0 13


25433 0 19 13
0 19
0 13


25434 0 19 13
0 19
0 13


25435 0 19 13
0 19
0 13


25436 0 19 13
0 19
0 13


25437 0 19 13
0 19
0 13


25438 0 19 13
0 19
0 13


25439 0 19 13
0 19
0 13


25440 0 19 13
0 19
0 13


25441 0 19 13
0 19
0 13


25442 0 19 13
0 19
0 13


25443 0 19 13
0 19
0 13


25444 0 19 13
0 19
0 13


25445 0 19 13
0 19
0 13


25446 0 19 13
0 19
0 13


25447 0 19 13
0 19
0 13


25448 0 19 13
0 19
0 13


25449 0 19 13
0 19
0 13


25450 0 19 13
0 19
0 13


25451 0 19 13
0 19
0 13


25452 0 19 13
0 19
0 13


25453 0 19 13
0 19
0 13


25454 0 19 13
0 19
0 13


25455 0 19 13
0 19
0 13


25456 0 19 13
0 19
0 13


25457 0 19 13
0 19
0 13


25458 0 19 13
0 19
0 13


25459 0 19 13
0 19
0 13


25460 0 19 13
0 19
0 13


25461 0 19 13
0 19
0 13


25462 0 19 13
0 19
0 13


25463 0 19 13
0 19
0 13


25464 0 19 13
0 19
0 13


25465 0 19 13
0 19
0 13


25466 0 19 13
0 19
0 13


25467 0 19 13
0 19
0 13


25468 0 19 13
0 19
0 13


25469 0 19 13
0 19
0 13


25470 0 19 13
0 19
0 13


25471 0 19 13
0 19
0 13


25472 0 19 13
0 19
0 13


25473 0 19 13
0 19
0 13


25474 0 19 13
0 19
0 13


25475 0 19 13
0 19
0 13


25476 0 19 13
0 19
0 13


25477 0 19 13
0 19
0 13


25478 0 19 13
0 19
0 13


25479 0 19 13
0 19
0 13


25480 0 19 13
0 19
0 13


25481 0 19 13
0 19
0 13


25482 0 19 13
0 19
0 13


25483 0 19 13
0 19
0 13


25484 0 19 13
0 19
0 13


25485 0 19 13
0 19
0 13


25486 0 19 13
0 19
0 13


25487 0 19 13
0 19
0 13


25488 0 19 13
0 19
0 13


25489 0 19 13
0 19
0 13


25490 0 19 13
0 19
0 13


25491 0 19 13
0 19
0 13


25492 0 19 13
0 19
0 13


25493 0 19 13
0 19
0 13


25494 0 19 13
0 19
0 13


25495 0 19 13
0 19
0 13


25496 0 19 13
0 19
0 13


25497 0 19 13
0 19
0 13


25498 0 19 13
0 19
0 13


25499 0 19 13
0 19
0 13


25500 0 19 13
0 19
0 13


25501 0 19 13
0 19
0 13


25502 0 19 13
0 19
0 13


25503 0 19 13
0 19
0 13


25504 0 19 13
0 19
0 13


25505 0 19 13
0 19
0 13


25506 0 19 13
0 19
0 13


25507 0 19 13
0 19
0 13


25508 0 19 13
0 19
0 13


25509 0 19 13
0 19
0 13


25510 0 19 13
0 19
0 13


25511 0 19 13
0 19
0 13


25512 0 19 13
0 19
0 13


25513 0 19 13
0 19
0 13


25514 0 19 13
0 19
0 13


25515 0 19 13
0 19
0 13


25516 0 19 13
0 19
0 13


25517 0 19 13
0 19
0 13


25518 0 19 13
0 19
0 13


25519 0 19 13
0 19
0 13


25520 0 19 13
0 19
0 13


25521 0 19 13
0 19
0 13


25522 0 19 13
0 19
0 13


25523 0 19 13
0 19
0 13


25524 0 19 13
0 19
0 13


25525 0 19 13
0 19
0 13


25526 0 19 13
0 19
0 13


25527 0 19 13
0 19
0 13


25528 0 19 13
0 19
0 13


25529 0 19 13
0 19
0 13


25530 0 19 13
0 19
0 13


25531 0 19 13
0 19
0 13


25532 0 19 13
0 19
0 13


25533 0 19 13
0 19
0 13


25534 0 19 13
0 19
0 13


25535 0 19 13
0 19
0 13


25536 0 19 13
0 19
0 13


25537 0 19 13
0 19
0 13


25538 0 19 13
0 19
0 13


25539 0 19 13
0 19
0 13


