00000000000000000000000000010000 00000000000000000000000000010000 00000000000000000000000000000011 00000000000000000000000000000001 0000000000000001
00000000000000000000000000010000 00000000000000000000000000010000 00000000000000000000000000000011 00000000000000000000000000000001 0000000000010000
00000000000000000000000000010000 00000000000000000000000000010000 00000000000000000000000000000011 00000000000000000000000000000001 0000000000000001
00000000000000000000000000010000 00000000000000000000000000010000 00000000000000000000000000000011 00000000000000000000000000000001 0000000000010000
00000000000000000000000000010000 00000000000000000000000000010000 00000000000000000000000000000011 00000000000000000000000000000001 0000000000000001
00000000000000000000000000010000 00000000000000000000000000010000 00000000000000000000000000000011 00000000000000000000000000000001 0000000000010000
00000000000000000000000000010000 00000000000000000000000000010000 00000000000000000000000000000011 00000000000000000000000000000001 0000000000000001
00000000000000000000000000010000 00000000000000000000000000010000 00000000000000000000000000000011 00000000000000000000000000000001 0000000000010000
00000000000000000000000000010000 00000000000000000000000000010000 00000000000000000000000000000011 00000000000000000000000000000001 0000000000000001
00000000000000000000000000010000 00000000000000000000000000010000 00000000000000000000000000000011 00000000000000000000000000000001 0000000000010000
00000000000000000000000000010000 00000000000000000000000000010000 00000000000000000000000000000011 00000000000000000000000000000001 0000000000000001
00000000000000000000000000010000 00000000000000000000000000010000 00000000000000000000000000000011 00000000000000000000000000000001 0000000000010000
00000000000000000000000000010000 00000000000000000000000000010000 00000000000000000000000000000011 00000000000000000000000000000001 0000000000000001
00000000000000000000000000010000 00000000000000000000000000010000 00000000000000000000000000000011 00000000000000000000000000000001 0000000000010000
00000000000000000000000000010000 00000000000000000000000000010000 00000000000000000000000000000011 00000000000000000000000000000001 0000000000000001
00000000000000000000000000010000 00000000000000000000000000010000 00000000000000000000000000000011 00000000000000000000000000000001 0000000000010000
00000000000000000000000000010000 00000000000000000000000000010000 00000000000000000000000000000011 00000000000000000000000000000001 0000000000000001
00000000000000000000000000010000 00000000000000000000000000010000 00000000000000000000000000000011 00000000000000000000000000000001 0000000000010000
00000000000000000000000000010000 00000000000000000000000000010000 00000000000000000000000000000011 00000000000000000000000000000001 0000000000000001
00000000000000000000000000010000 00000000000000000000000000010000 00000000000000000000000000000011 00000000000000000000000000000001 0000000000010000
00000000000000000000000000010000 00000000000000000000000000010000 00000000000000000000000000000011 00000000000000000000000000000001 0000000000000001
00000000000000000000000000010000 00000000000000000000000000010000 00000000000000000000000000000011 00000000000000000000000000000001 0000000000010000
00000000000000000000000000010000 00000000000000000000000000010000 00000000000000000000000000000011 00000000000000000000000000000001 0000000000000001
00000000000000000000000000010000 00000000000000000000000000010000 00000000000000000000000000000011 00000000000000000000000000000001 0000000000010000
00000000000000000000000000010000 00000000000000000000000000010000 00000000000000000000000000000011 00000000000000000000000000000001 0000000000000001
00000000000000000000000000010000 00000000000000000000000000010000 00000000000000000000000000000011 00000000000000000000000000000001 0000000000010000
00000000000000000000000000010000 00000000000000000000000000010000 00000000000000000000000000000011 00000000000000000000000000000001 0000000000000001
00000000000000000000000000010000 00000000000000000000000000010000 00000000000000000000000000000011 00000000000000000000000000000001 0000000000010000
00000000000000000000000000010000 00000000000000000000000000010000 00000000000000000000000000000011 00000000000000000000000000000001 0000000000000001
00000000000000000000000000010000 00000000000000000000000000010000 00000000000000000000000000000011 00000000000000000000000000000001 0000000000010000
00000000000000000000000000010000 00000000000000000000000000010000 00000000000000000000000000000011 00000000000000000000000000000001 0000000000000001
00000000000000000000000000010000 00000000000000000000000000010000 00000000000000000000000000000011 00000000000000000000000000000001 0000000000010000
00000000000000000000000000010000 00000000000000000000000000010000 00000000000000000000000000000011 00000000000000000000000000000001 0000000000000001
00000000000000000000000000010000 00000000000000000000000000010000 00000000000000000000000000000011 00000000000000000000000000000001 0000000000010000
00000000000000000000000000010000 00000000000000000000000000010000 00000000000000000000000000000011 00000000000000000000000000000001 0000000000000001
00000000000000000000000000010000 00000000000000000000000000010000 00000000000000000000000000000011 00000000000000000000000000000001 0000000000010000
00000000000000000000000000010000 00000000000000000000000000010000 00000000000000000000000000000011 00000000000000000000000000000001 0000000000000001
00000000000000000000000000010000 00000000000000000000000000010000 00000000000000000000000000000011 00000000000000000000000000000001 0000000000010000
00000000000000000000000000010000 00000000000000000000000000010000 00000000000000000000000000000011 00000000000000000000000000000001 0000000000000001
00000000000000000000000000010000 00000000000000000000000000010000 00000000000000000000000000000011 00000000000000000000000000000001 0000000000010000
00000000000000000000000000010000 00000000000000000000000000010000 00000000000000000000000000000011 00000000000000000000000000000001 0000000000000001
00000000000000000000000000010000 00000000000000000000000000010000 00000000000000000000000000000011 00000000000000000000000000000001 0000000000010000
00000000000000000000000000010000 00000000000000000000000000010000 00000000000000000000000000000011 00000000000000000000000000000001 0000000000000001
00000000000000000000000000010000 00000000000000000000000000010000 00000000000000000000000000000011 00000000000000000000000000000001 0000000000010000
00000000000000000000000000010000 00000000000000000000000000010000 00000000000000000000000000000011 00000000000000000000000000000001 0000000000000001
00000000000000000000000000010000 00000000000000000000000000010000 00000000000000000000000000000011 00000000000000000000000000000001 0000000000010000
00000000000000000000000000010000 00000000000000000000000000010000 00000000000000000000000000000011 00000000000000000000000000000001 0000000000000001
00000000000000000000000000010000 00000000000000000000000000010000 00000000000000000000000000000011 00000000000000000000000000000001 0000000000010000
00000000000000000000000000010000 00000000000000000000000000010000 00000000000000000000000000000011 00000000000000000000000000000001 0000000000000001
00000000000000000000000000010000 00000000000000000000000000010000 00000000000000000000000000000011 00000000000000000000000000000001 0000000000010000
00000000000000000000000000010000 00000000000000000000000000010000 00000000000000000000000000000011 00000000000000000000000000000001 0000000000000001
00000000000000000000000000010000 00000000000000000000000000010000 00000000000000000000000000000011 00000000000000000000000000000001 0000000000010000
00000000000000000000000000010000 00000000000000000000000000010000 00000000000000000000000000000011 00000000000000000000000000000001 0000000000000001
00000000000000000000000000010000 00000000000000000000000000010000 00000000000000000000000000000011 00000000000000000000000000000001 0000000000010000
00000000000000000000000000010000 00000000000000000000000000010000 00000000000000000000000000000011 00000000000000000000000000000001 0000000000000001
00000000000000000000000000010000 00000000000000000000000000010000 00000000000000000000000000000011 00000000000000000000000000000001 0000000000010000
00000000000000000000000000010000 00000000000000000000000000010000 00000000000000000000000000000011 00000000000000000000000000000001 0000000000000001
00000000000000000000000000010000 00000000000000000000000000010000 00000000000000000000000000000011 00000000000000000000000000000001 0000000000010000
00000000000000000000000000010000 00000000000000000000000000010000 00000000000000000000000000000011 00000000000000000000000000000001 0000000000000001
00000000000000000000000000010000 00000000000000000000000000010000 00000000000000000000000000000011 00000000000000000000000000000001 0000000000010000
00000000000000000000000000010000 00000000000000000000000000010000 00000000000000000000000000000011 00000000000000000000000000000001 0000000000000001
00000000000000000000000000010000 00000000000000000000000000010000 00000000000000000000000000000011 00000000000000000000000000000001 0000000000010000
00000000000000000000000000010000 00000000000000000000000000010000 00000000000000000000000000000011 00000000000000000000000000000001 0000000000000001
00000000000000000000000000010000 00000000000000000000000000010000 00000000000000000000000000000011 00000000000000000000000000000001 0000000000010000
00000000000000000000000000010000 00000000000000000000000000010000 00000000000000000000000000000011 00000000000000000000000000000001 0000000000000001
00000000000000000000000000010000 00000000000000000000000000010000 00000000000000000000000000000011 00000000000000000000000000000001 0000000000010000
00000000000000000000000000010000 00000000000000000000000000010000 00000000000000000000000000000011 00000000000000000000000000000001 0000000000000001
00000000000000000000000000010000 00000000000000000000000000010000 00000000000000000000000000000011 00000000000000000000000000000001 0000000000010000
00000000000000000000000000010000 00000000000000000000000000010000 00000000000000000000000000000011 00000000000000000000000000000001 0000000000000001
00000000000000000000000000010000 00000000000000000000000000010000 00000000000000000000000000000011 00000000000000000000000000000001 0000000000010000
00000000000000000000000000010000 00000000000000000000000000010000 00000000000000000000000000000011 00000000000000000000000000000001 0000000000000001
00000000000000000000000000010000 00000000000000000000000000010000 00000000000000000000000000000011 00000000000000000000000000000001 0000000000010000
00000000000000000000000000010000 00000000000000000000000000010000 00000000000000000000000000000011 00000000000000000000000000000001 0000000000000001
00000000000000000000000000010000 00000000000000000000000000010000 00000000000000000000000000000011 00000000000000000000000000000001 0000000000010000
00000000000000000000000000010000 00000000000000000000000000010000 00000000000000000000000000000011 00000000000000000000000000000001 0000000000000001
00000000000000000000000000010000 00000000000000000000000000010000 00000000000000000000000000000011 00000000000000000000000000000001 0000000000010000
00000000000000000000000000010000 00000000000000000000000000010000 00000000000000000000000000000011 00000000000000000000000000000001 0000000000000001
00000000000000000000000000010000 00000000000000000000000000010000 00000000000000000000000000000011 00000000000000000000000000000001 0000000000010000
00000000000000000000000000010000 00000000000000000000000000010000 00000000000000000000000000000011 00000000000000000000000000000001 0000000000000001
00000000000000000000000000010000 00000000000000000000000000010000 00000000000000000000000000000011 00000000000000000000000000000001 0000000000010000
00000000000000000000000000010000 00000000000000000000000000010000 00000000000000000000000000000011 00000000000000000000000000000001 0000000000000001
00000000000000000000000000010000 00000000000000000000000000010000 00000000000000000000000000000011 00000000000000000000000000000001 0000000000010000
00000000000000000000000000010000 00000000000000000000000000010000 00000000000000000000000000000011 00000000000000000000000000000001 0000000000000001
00000000000000000000000000010000 00000000000000000000000000010000 00000000000000000000000000000011 00000000000000000000000000000001 0000000000010000
00000000000000000000000000010000 00000000000000000000000000010000 00000000000000000000000000000011 00000000000000000000000000000001 0000000000000001
00000000000000000000000000010000 00000000000000000000000000010000 00000000000000000000000000000011 00000000000000000000000000000001 0000000000010000
00000000000000000000000000010000 00000000000000000000000000010000 00000000000000000000000000000011 00000000000000000000000000000001 0000000000000001
00000000000000000000000000010000 00000000000000000000000000010000 00000000000000000000000000000011 00000000000000000000000000000001 0000000000010000
00000000000000000000000000010000 00000000000000000000000000010000 00000000000000000000000000000011 00000000000000000000000000000001 0000000000000001
00000000000000000000000000010000 00000000000000000000000000010000 00000000000000000000000000000011 00000000000000000000000000000001 0000000000010000
00000000000000000000000000010000 00000000000000000000000000010000 00000000000000000000000000000011 00000000000000000000000000000001 0000000000000001
00000000000000000000000000010000 00000000000000000000000000010000 00000000000000000000000000000011 00000000000000000000000000000001 0000000000010000
00000000000000000000000000010000 00000000000000000000000000010000 00000000000000000000000000000011 00000000000000000000000000000001 0000000000000001
00000000000000000000000000010000 00000000000000000000000000010000 00000000000000000000000000000011 00000000000000000000000000000001 0000000000010000
00000000000000000000000000010000 00000000000000000000000000010000 00000000000000000000000000000011 00000000000000000000000000000001 0000000000000001
00000000000000000000000000010000 00000000000000000000000000010000 00000000000000000000000000000011 00000000000000000000000000000001 0000000000010000
00000000000000000000000000010000 00000000000000000000000000010000 00000000000000000000000000000011 00000000000000000000000000000001 0000000000000001
00000000000000000000000000010000 00000000000000000000000000010000 00000000000000000000000000000011 00000000000000000000000000000001 0000000000010000
00000000000000000000000000010000 00000000000000000000000000010000 00000000000000000000000000000011 00000000000000000000000000000001 0000000000000001
00000000000000000000000000010000 00000000000000000000000000010000 00000000000000000000000000000011 00000000000000000000000000000001 0000000000010000
00000000000000000000000000010000 00000000000000000000000000010000 00000000000000000000000000000011 00000000000000000000000000000001 0000000000000001
00000000000000000000000000010000 00000000000000000000000000010000 00000000000000000000000000000011 00000000000000000000000000000001 0000000000010000
00000000000000000000000000010000 00000000000000000000000000010000 00000000000000000000000000000011 00000000000000000000000000000001 0000000000000001
00000000000000000000000000010000 00000000000000000000000000010000 00000000000000000000000000000011 00000000000000000000000000000001 0000000000010000
00000000000000000000000000010000 00000000000000000000000000010000 00000000000000000000000000000011 00000000000000000000000000000001 0000000000000001
00000000000000000000000000010000 00000000000000000000000000010000 00000000000000000000000000000011 00000000000000000000000000000001 0000000000010000
00000000000000000000000000010000 00000000000000000000000000010000 00000000000000000000000000000011 00000000000000000000000000000001 0000000000000001
00000000000000000000000000010000 00000000000000000000000000010000 00000000000000000000000000000011 00000000000000000000000000000001 0000000000010000
00000000000000000000000000010000 00000000000000000000000000010000 00000000000000000000000000000011 00000000000000000000000000000001 0000000000000001
00000000000000000000000000010000 00000000000000000000000000010000 00000000000000000000000000000011 00000000000000000000000000000001 0000000000010000
00000000000000000000000000010000 00000000000000000000000000010000 00000000000000000000000000000011 00000000000000000000000000000001 0000000000000001
00000000000000000000000000010000 00000000000000000000000000010000 00000000000000000000000000000011 00000000000000000000000000000001 0000000000010000
00000000000000000000000000010000 00000000000000000000000000010000 00000000000000000000000000000011 00000000000000000000000000000001 0000000000000001
00000000000000000000000000010000 00000000000000000000000000010000 00000000000000000000000000000011 00000000000000000000000000000001 0000000000010000
00000000000000000000000000010000 00000000000000000000000000010000 00000000000000000000000000000011 00000000000000000000000000000001 0000000000000001
00000000000000000000000000010000 00000000000000000000000000010000 00000000000000000000000000000011 00000000000000000000000000000001 0000000000010000
00000000000000000000000000010000 00000000000000000000000000010000 00000000000000000000000000000011 00000000000000000000000000000001 0000000000000001
00000000000000000000000000010000 00000000000000000000000000010000 00000000000000000000000000000011 00000000000000000000000000000001 0000000000010000
00000000000000000000000000010000 00000000000000000000000000010000 00000000000000000000000000000011 00000000000000000000000000000001 0000000000000001
00000000000000000000000000010000 00000000000000000000000000010000 00000000000000000000000000000011 00000000000000000000000000000001 0000000000010000
00000000000000000000000000010000 00000000000000000000000000010000 00000000000000000000000000000011 00000000000000000000000000000001 0000000000000001
00000000000000000000000000010000 00000000000000000000000000010000 00000000000000000000000000000011 00000000000000000000000000000001 0000000000010000
00000000000000000000000000010000 00000000000000000000000000010000 00000000000000000000000000000011 00000000000000000000000000000001 0000000000000001
00000000000000000000000000010000 00000000000000000000000000010000 00000000000000000000000000000011 00000000000000000000000000000001 0000000000010000
00000000000000000000000000010000 00000000000000000000000000010000 00000000000000000000000000000011 00000000000000000000000000000001 0000000000000001
00000000000000000000000000010000 00000000000000000000000000010000 00000000000000000000000000000011 00000000000000000000000000000001 0000000000010000
00000000000000000000000000010000 00000000000000000000000000010000 00000000000000000000000000000011 00000000000000000000000000000001 0000000000000001
00000000000000000000000000010000 00000000000000000000000000010000 00000000000000000000000000000011 00000000000000000000000000000001 0000000000010000
