0 4 1 9
4 1
4 9


1 4 1 9
4 1
4 9


2 4 1 9
4 1
4 9


3 4 1 9
4 1
4 9


4 4 1 9
4 1
4 9


5 4 1 9
4 1
4 9


6 4 1 9
4 1
4 9


7 4 1 9
4 1
4 9


8 4 1 9
4 1
4 9


9 4 1 9
4 1
4 9


10 4 1 9
4 1
4 9


11 4 1 9
4 1
4 9


12 4 1 9
4 1
4 9


13 4 1 9
4 1
4 9


14 4 1 9
4 1
4 9


15 4 1 9
4 1
4 9


81 0 16 25
0 16
0 25


82 0 16 25
0 16
0 25


83 0 16 25
0 16
0 25


84 0 16 25
0 16
0 25


85 0 16 25
0 16
0 25


86 0 16 25
0 16
0 25


87 0 16 25
0 16
0 25


88 0 16 25
0 16
0 25


89 0 16 25
0 16
0 25


90 0 16 25
0 16
0 25


91 0 16 25
0 16
0 25


92 0 16 25
0 16
0 25


93 0 16 25
0 16
0 25


94 0 16 25
0 16
0 25


95 0 16 25
0 16
0 25


96 0 16 25
0 16
0 25


162 8 18 26
8 18
8 26


163 8 18 26
8 18
8 26


164 8 18 26
8 18
8 26


165 8 18 26
8 18
8 26


166 8 18 26
8 18
8 26


167 8 18 26
8 18
8 26


168 8 18 26
8 18
8 26


169 8 18 26
8 18
8 26


170 8 18 26
8 18
8 26


171 8 18 26
8 18
8 26


172 8 18 26
8 18
8 26


173 8 18 26
8 18
8 26


174 8 18 26
8 18
8 26


175 8 18 26
8 18
8 26


176 8 18 26
8 18
8 26


177 8 18 26
8 18
8 26


243 17 19 11
17 19
17 11


244 17 19 11
17 19
17 11


245 17 19 11
17 19
17 11


246 17 19 11
17 19
17 11


247 17 19 11
17 19
17 11


248 17 19 11
17 19
17 11


249 17 19 11
17 19
17 11


250 17 19 11
17 19
17 11


251 17 19 11
17 19
17 11


252 17 19 11
17 19
17 11


253 17 19 11
17 19
17 11


254 17 19 11
17 19
17 11


255 17 19 11
17 19
17 11


256 17 19 11
17 19
17 11


257 17 19 11
17 19
17 11


258 17 19 11
17 19
17 11


324 27 2 12
27 2
27 12


325 27 2 12
27 2
27 12


326 27 2 12
27 2
27 12


327 27 2 12
27 2
27 12


328 27 2 12
27 2
27 12


329 27 2 12
27 2
27 12


330 27 2 12
27 2
27 12


331 27 2 12
27 2
27 12


332 27 2 12
27 2
27 12


333 27 2 12
27 2
27 12


334 27 2 12
27 2
27 12


335 27 2 12
27 2
27 12


336 27 2 12
27 2
27 12


337 27 2 12
27 2
27 12


338 27 2 12
27 2
27 12


339 27 2 12
27 2
27 12


340 27 2 12
27 2
27 12


341 27 2 12
27 2
27 12


342 27 2 12
27 2
27 12


343 27 2 12
27 2
27 12


344 27 2 12
27 2
27 12


345 27 2 12
27 2
27 12


346 27 2 12
27 2
27 12


347 27 2 12
27 2
27 12


348 27 2 12
27 2
27 12


349 27 2 12
27 2
27 12


350 27 2 12
27 2
27 12


351 27 2 12
27 2
27 12


352 27 2 12
27 2
27 12


353 27 2 12
27 2
27 12


354 27 2 12
27 2
27 12


355 27 2 12
27 2
27 12


356 27 2 12
27 2
27 12


357 27 2 12
27 2
27 12


358 27 2 12
27 2
27 12


359 27 2 12
27 2
27 12


360 27 2 12
27 2
27 12


361 27 2 12
27 2
27 12


362 27 2 12
27 2
27 12


363 27 2 12
27 2
27 12


364 27 2 12
27 2
27 12


365 27 2 12
27 2
27 12


366 27 2 12
27 2
27 12


367 27 2 12
27 2
27 12


368 27 2 12
27 2
27 12


369 27 2 12
27 2
27 12


370 27 2 12
27 2
27 12


371 27 2 12
27 2
27 12


372 27 2 12
27 2
27 12


373 27 2 12
27 2
27 12


374 27 2 12
27 2
27 12


375 27 2 12
27 2
27 12


376 27 2 12
27 2
27 12


377 27 2 12
27 2
27 12


378 27 2 12
27 2
27 12


379 27 2 12
27 2
27 12


380 27 2 12
27 2
27 12


381 27 2 12
27 2
27 12


382 27 2 12
27 2
27 12


383 27 2 12
27 2
27 12


384 27 2 12
27 2
27 12


385 27 2 12
27 2
27 12


386 27 2 12
27 2
27 12


387 27 2 12
27 2
27 12


645 10 5 6
10 5
10 6


646 10 5 6
10 5
10 6


647 10 5 6
10 5
10 6


648 10 5 6
10 5
10 6


649 10 5 6
10 5
10 6


650 10 5 6
10 5
10 6


651 10 5 6
10 5
10 6


652 10 5 6
10 5
10 6


653 10 5 6
10 5
10 6


654 10 5 6
10 5
10 6


655 10 5 6
10 5
10 6


656 10 5 6
10 5
10 6


657 10 5 6
10 5
10 6


658 10 5 6
10 5
10 6


659 10 5 6
10 5
10 6


660 10 5 6
10 5
10 6


661 10 5 6
10 5
10 6


662 10 5 6
10 5
10 6


663 10 5 6
10 5
10 6


664 10 5 6
10 5
10 6


665 10 5 6
10 5
10 6


666 10 5 6
10 5
10 6


667 10 5 6
10 5
10 6


668 10 5 6
10 5
10 6


669 10 5 6
10 5
10 6


670 10 5 6
10 5
10 6


671 10 5 6
10 5
10 6


672 10 5 6
10 5
10 6


673 10 5 6
10 5
10 6


674 10 5 6
10 5
10 6


675 10 5 6
10 5
10 6


676 10 5 6
10 5
10 6


677 10 5 6
10 5
10 6


678 10 5 6
10 5
10 6


679 10 5 6
10 5
10 6


680 10 5 6
10 5
10 6


681 10 5 6
10 5
10 6


682 10 5 6
10 5
10 6


683 10 5 6
10 5
10 6


684 10 5 6
10 5
10 6


685 10 5 6
10 5
10 6


686 10 5 6
10 5
10 6


687 10 5 6
10 5
10 6


688 10 5 6
10 5
10 6


689 10 5 6
10 5
10 6


690 10 5 6
10 5
10 6


691 10 5 6
10 5
10 6


692 10 5 6
10 5
10 6


693 10 5 6
10 5
10 6


694 10 5 6
10 5
10 6


695 10 5 6
10 5
10 6


696 10 5 6
10 5
10 6


697 10 5 6
10 5
10 6


698 10 5 6
10 5
10 6


699 10 5 6
10 5
10 6


700 10 5 6
10 5
10 6


701 10 5 6
10 5
10 6


702 10 5 6
10 5
10 6


703 10 5 6
10 5
10 6


704 10 5 6
10 5
10 6


705 10 5 6
10 5
10 6


706 10 5 6
10 5
10 6


707 10 5 6
10 5
10 6


708 10 5 6
10 5
10 6


709 10 5 6
10 5
10 6


710 10 5 6
10 5
10 6


711 10 5 6
10 5
10 6


712 10 5 6
10 5
10 6


713 10 5 6
10 5
10 6


714 10 5 6
10 5
10 6


715 10 5 6
10 5
10 6


716 10 5 6
10 5
10 6


717 10 5 6
10 5
10 6


718 10 5 6
10 5
10 6


719 10 5 6
10 5
10 6


720 10 5 6
10 5
10 6


721 10 5 6
10 5
10 6


722 10 5 6
10 5
10 6


723 10 5 6
10 5
10 6


724 10 5 6
10 5
10 6


725 10 5 6
10 5
10 6


726 10 5 6
10 5
10 6


727 10 5 6
10 5
10 6


728 10 5 6
10 5
10 6


729 10 5 6
10 5
10 6


730 10 5 6
10 5
10 6


731 10 5 6
10 5
10 6


732 10 5 6
10 5
10 6


733 10 5 6
10 5
10 6


734 10 5 6
10 5
10 6


735 10 5 6
10 5
10 6


736 10 5 6
10 5
10 6


737 10 5 6
10 5
10 6


738 10 5 6
10 5
10 6


739 10 5 6
10 5
10 6


740 10 5 6
10 5
10 6


741 10 5 6
10 5
10 6


742 10 5 6
10 5
10 6


743 10 5 6
10 5
10 6


744 10 5 6
10 5
10 6


745 10 5 6
10 5
10 6


746 10 5 6
10 5
10 6


747 10 5 6
10 5
10 6


748 10 5 6
10 5
10 6


749 10 5 6
10 5
10 6


750 10 5 6
10 5
10 6


751 10 5 6
10 5
10 6


752 10 5 6
10 5
10 6


753 10 5 6
10 5
10 6


754 10 5 6
10 5
10 6


755 10 5 6
10 5
10 6


756 10 5 6
10 5
10 6


757 10 5 6
10 5
10 6


758 10 5 6
10 5
10 6


759 10 5 6
10 5
10 6


760 10 5 6
10 5
10 6


761 10 5 6
10 5
10 6


762 10 5 6
10 5
10 6


763 10 5 6
10 5
10 6


764 10 5 6
10 5
10 6


765 10 5 6
10 5
10 6


766 10 5 6
10 5
10 6


767 10 5 6
10 5
10 6


768 10 5 6
10 5
10 6


769 10 5 6
10 5
10 6


770 10 5 6
10 5
10 6


771 10 5 6
10 5
10 6


772 10 5 6
10 5
10 6


1034 13 15 14
13 15
13 14


1035 13 15 14
13 15
13 14


1036 13 15 14
13 15
13 14


1037 13 15 14
13 15
13 14


1038 13 15 14
13 15
13 14


1039 13 15 14
13 15
13 14


1040 13 15 14
13 15
13 14


1041 13 15 14
13 15
13 14


1042 13 15 14
13 15
13 14


1043 13 15 14
13 15
13 14


1044 13 15 14
13 15
13 14


1045 13 15 14
13 15
13 14


1046 13 15 14
13 15
13 14


1047 13 15 14
13 15
13 14


1048 13 15 14
13 15
13 14


1049 13 15 14
13 15
13 14


1115 7 23 30
7 23
7 30


1116 7 23 30
7 23
7 30


1117 7 23 30
7 23
7 30


1118 7 23 30
7 23
7 30


1119 7 23 30
7 23
7 30


1120 7 23 30
7 23
7 30


1121 7 23 30
7 23
7 30


1122 7 23 30
7 23
7 30


1123 7 23 30
7 23
7 30


1124 7 23 30
7 23
7 30


1125 7 23 30
7 23
7 30


1126 7 23 30
7 23
7 30


1127 7 23 30
7 23
7 30


1128 7 23 30
7 23
7 30


1129 7 23 30
7 23
7 30


1130 7 23 30
7 23
7 30


1973 45 46 54
45 46
45 54


1974 45 46 54
45 46
45 54


1975 45 46 54
45 46
45 54


1976 45 46 54
45 46
45 54


1977 45 46 54
45 46
45 54


1978 45 46 54
45 46
45 54


1979 45 46 54
45 46
45 54


1980 45 46 54
45 46
45 54


1981 45 46 54
45 46
45 54


1982 45 46 54
45 46
45 54


1983 45 46 54
45 46
45 54


1984 45 46 54
45 46
45 54


1985 45 46 54
45 46
45 54


1986 45 46 54
45 46
45 54


1987 45 46 54
45 46
45 54


1988 45 46 54
45 46
45 54


1989 45 46 54
45 46
45 54


1990 45 46 54
45 46
45 54


1991 45 46 54
45 46
45 54


1992 45 46 54
45 46
45 54


1993 45 46 54
45 46
45 54


1994 45 46 54
45 46
45 54


1995 45 46 54
45 46
45 54


1996 45 46 54
45 46
45 54


1997 45 46 54
45 46
45 54


1998 45 46 54
45 46
45 54


1999 45 46 54
45 46
45 54


2000 45 46 54
45 46
45 54


2001 45 46 54
45 46
45 54


2002 45 46 54
45 46
45 54


2003 45 46 54
45 46
45 54


2004 45 46 54
45 46
45 54


2005 45 46 54
45 46
45 54


2006 45 46 54
45 46
45 54


2007 45 46 54
45 46
45 54


2008 45 46 54
45 46
45 54


2009 45 46 54
45 46
45 54


2010 45 46 54
45 46
45 54


2011 45 46 54
45 46
45 54


2012 45 46 54
45 46
45 54


2013 45 46 54
45 46
45 54


2014 45 46 54
45 46
45 54


2015 45 46 54
45 46
45 54


2016 45 46 54
45 46
45 54


2017 45 46 54
45 46
45 54


2018 45 46 54
45 46
45 54


2019 45 46 54
45 46
45 54


2020 45 46 54
45 46
45 54


2021 45 46 54
45 46
45 54


2022 45 46 54
45 46
45 54


2023 45 46 54
45 46
45 54


2024 45 46 54
45 46
45 54


2025 45 46 54
45 46
45 54


2026 45 46 54
45 46
45 54


2027 45 46 54
45 46
45 54


2028 45 46 54
45 46
45 54


2029 45 46 54
45 46
45 54


2030 45 46 54
45 46
45 54


2031 45 46 54
45 46
45 54


2032 45 46 54
45 46
45 54


2033 45 46 54
45 46
45 54


2034 45 46 54
45 46
45 54


2035 45 46 54
45 46
45 54


2036 45 46 54
45 46
45 54


2037 45 46 54
45 46
45 54


2038 45 46 54
45 46
45 54


2039 45 46 54
45 46
45 54


2040 45 46 54
45 46
45 54


2041 45 46 54
45 46
45 54


2042 45 46 54
45 46
45 54


2043 45 46 54
45 46
45 54


2044 45 46 54
45 46
45 54


2045 45 46 54
45 46
45 54


2046 45 46 54
45 46
45 54


2047 45 46 54
45 46
45 54


2048 45 46 54
45 46
45 54


2049 45 46 54
45 46
45 54


2050 45 46 54
45 46
45 54


2051 45 46 54
45 46
45 54


2052 45 46 54
45 46
45 54


2053 45 46 54
45 46
45 54


2054 45 46 54
45 46
45 54


2055 45 46 54
45 46
45 54


2056 45 46 54
45 46
45 54


2057 45 46 54
45 46
45 54


2058 45 46 54
45 46
45 54


2059 45 46 54
45 46
45 54


2060 45 46 54
45 46
45 54


2061 45 46 54
45 46
45 54


2062 45 46 54
45 46
45 54


2063 45 46 54
45 46
45 54


2064 45 46 54
45 46
45 54


2065 45 46 54
45 46
45 54


2066 45 46 54
45 46
45 54


2067 45 46 54
45 46
45 54


2068 45 46 54
45 46
45 54


2069 45 46 54
45 46
45 54


2070 45 46 54
45 46
45 54


2071 45 46 54
45 46
45 54


2072 45 46 54
45 46
45 54


2073 45 46 54
45 46
45 54


2074 45 46 54
45 46
45 54


2075 45 46 54
45 46
45 54


2076 45 46 54
45 46
45 54


2077 45 46 54
45 46
45 54


2078 45 46 54
45 46
45 54


2079 45 46 54
45 46
45 54


2080 45 46 54
45 46
45 54


2081 45 46 54
45 46
45 54


2082 45 46 54
45 46
45 54


2083 45 46 54
45 46
45 54


2084 45 46 54
45 46
45 54


2085 45 46 54
45 46
45 54


2086 45 46 54
45 46
45 54


2087 45 46 54
45 46
45 54


2088 45 46 54
45 46
45 54


2089 45 46 54
45 46
45 54


2090 45 46 54
45 46
45 54


2091 45 46 54
45 46
45 54


2092 45 46 54
45 46
45 54


2093 45 46 54
45 46
45 54


2094 45 46 54
45 46
45 54


2095 45 46 54
45 46
45 54


2096 45 46 54
45 46
45 54


2097 45 46 54
45 46
45 54


2098 45 46 54
45 46
45 54


2099 45 46 54
45 46
45 54


2100 45 46 54
45 46
45 54


3401 42 48 49
42 48
42 49


3402 42 48 49
42 48
42 49


3403 42 48 49
42 48
42 49


3404 42 48 49
42 48
42 49


3405 42 48 49
42 48
42 49


3406 42 48 49
42 48
42 49


3407 42 48 49
42 48
42 49


3408 42 48 49
42 48
42 49


3409 42 48 49
42 48
42 49


3410 42 48 49
42 48
42 49


3411 42 48 49
42 48
42 49


3412 42 48 49
42 48
42 49


3413 42 48 49
42 48
42 49


3414 42 48 49
42 48
42 49


3415 42 48 49
42 48
42 49


3416 42 48 49
42 48
42 49


3417 42 48 49
42 48
42 49


3418 42 48 49
42 48
42 49


3419 42 48 49
42 48
42 49


3420 42 48 49
42 48
42 49


3421 42 48 49
42 48
42 49


3422 42 48 49
42 48
42 49


3423 42 48 49
42 48
42 49


3424 42 48 49
42 48
42 49


3425 42 48 49
42 48
42 49


3426 42 48 49
42 48
42 49


3427 42 48 49
42 48
42 49


3428 42 48 49
42 48
42 49


3429 42 48 49
42 48
42 49


3430 42 48 49
42 48
42 49


3431 42 48 49
42 48
42 49


3432 42 48 49
42 48
42 49


3433 42 48 49
42 48
42 49


3434 42 48 49
42 48
42 49


3435 42 48 49
42 48
42 49


3436 42 48 49
42 48
42 49


3437 42 48 49
42 48
42 49


3438 42 48 49
42 48
42 49


3439 42 48 49
42 48
42 49


3440 42 48 49
42 48
42 49


3441 42 48 49
42 48
42 49


3442 42 48 49
42 48
42 49


3443 42 48 49
42 48
42 49


3444 42 48 49
42 48
42 49


3445 42 48 49
42 48
42 49


3446 42 48 49
42 48
42 49


3447 42 48 49
42 48
42 49


3448 42 48 49
42 48
42 49


3449 42 48 49
42 48
42 49


3450 42 48 49
42 48
42 49


3451 42 48 49
42 48
42 49


3452 42 48 49
42 48
42 49


3453 42 48 49
42 48
42 49


3454 42 48 49
42 48
42 49


3455 42 48 49
42 48
42 49


3456 42 48 49
42 48
42 49


3457 42 48 49
42 48
42 49


3458 42 48 49
42 48
42 49


3459 42 48 49
42 48
42 49


3460 42 48 49
42 48
42 49


3461 42 48 49
42 48
42 49


3462 42 48 49
42 48
42 49


3463 42 48 49
42 48
42 49


3464 42 48 49
42 48
42 49


3465 42 48 49
42 48
42 49


3466 42 48 49
42 48
42 49


3467 42 48 49
42 48
42 49


3468 42 48 49
42 48
42 49


3469 42 48 49
42 48
42 49


3470 42 48 49
42 48
42 49


3471 42 48 49
42 48
42 49


3472 42 48 49
42 48
42 49


3473 42 48 49
42 48
42 49


3474 42 48 49
42 48
42 49


3475 42 48 49
42 48
42 49


3476 42 48 49
42 48
42 49


3477 42 48 49
42 48
42 49


3478 42 48 49
42 48
42 49


3479 42 48 49
42 48
42 49


3480 42 48 49
42 48
42 49


3481 42 48 49
42 48
42 49


3482 42 48 49
42 48
42 49


3483 42 48 49
42 48
42 49


3484 42 48 49
42 48
42 49


3485 42 48 49
42 48
42 49


3486 42 48 49
42 48
42 49


3487 42 48 49
42 48
42 49


3488 42 48 49
42 48
42 49


3489 42 48 49
42 48
42 49


3490 42 48 49
42 48
42 49


3491 42 48 49
42 48
42 49


3492 42 48 49
42 48
42 49


3493 42 48 49
42 48
42 49


3494 42 48 49
42 48
42 49


3495 42 48 49
42 48
42 49


3496 42 48 49
42 48
42 49


3497 42 48 49
42 48
42 49


3498 42 48 49
42 48
42 49


3499 42 48 49
42 48
42 49


3500 42 48 49
42 48
42 49


3501 42 48 49
42 48
42 49


3502 42 48 49
42 48
42 49


3503 42 48 49
42 48
42 49


3504 42 48 49
42 48
42 49


3505 42 48 49
42 48
42 49


3506 42 48 49
42 48
42 49


3507 42 48 49
42 48
42 49


3508 42 48 49
42 48
42 49


3509 42 48 49
42 48
42 49


3510 42 48 49
42 48
42 49


3511 42 48 49
42 48
42 49


3512 42 48 49
42 48
42 49


3513 42 48 49
42 48
42 49


3514 42 48 49
42 48
42 49


3515 42 48 49
42 48
42 49


3516 42 48 49
42 48
42 49


3517 42 48 49
42 48
42 49


3518 42 48 49
42 48
42 49


3519 42 48 49
42 48
42 49


3520 42 48 49
42 48
42 49


3521 42 48 49
42 48
42 49


3522 42 48 49
42 48
42 49


3523 42 48 49
42 48
42 49


3524 42 48 49
42 48
42 49


3525 42 48 49
42 48
42 49


3526 42 48 49
42 48
42 49


3527 42 48 49
42 48
42 49


3528 42 48 49
42 48
42 49


