55727 1 1 0 2
58076 1 1 0 2
58337 1 1 0 2
59381 1 1 0 2
60686 1 1 0 2
61730 1 1 0 2
65123 1 1 0 2
67733 1 1 0 2
68777 1 1 0 2
70604 1 1 0 2
72692 1 1 0 2
73475 1 1 0 2
74258 1 1 0 2
74780 1 1 0 2
75563 1 1 0 2
83915 1 1 0 2
89657 1 1 0 2
121028 1 1 0 2
121313 1 1 0 2
122738 1 1 0 2
125588 1 1 0 2
129293 1 1 0 2
152678 1 1 0 2
174004 1 1 0 2
174285 1 1 0 2
174566 1 1 0 2
175690 1 1 0 2
176252 1 1 0 2
176814 1 1 0 2
177095 1 1 0 2
178500 1 1 0 2
179343 1 1 0 2
179905 1 1 0 2
180186 1 1 0 2
181872 1 1 0 2
182434 1 1 0 2
184120 1 1 0 2
2248 2 1 0 2
2529 2 1 0 2
6744 2 1 0 2
7868 2 1 0 2
8992 2 1 0 2
9835 2 1 0 2
10678 2 1 0 2
10959 2 1 0 2
11521 2 1 0 2
12926 2 1 0 2
13769 2 1 0 2
15174 2 1 0 2
15736 2 1 0 2
16017 2 1 0 2
17984 2 1 0 2
21075 2 1 0 2
21637 2 1 0 2
24166 2 1 0 2
27269 2 1 0 2
36352 2 1 0 2
37817 2 1 0 2
38989 2 1 0 2
43970 2 1 0 2
44849 2 1 0 2
51588 2 1 0 2
63015 2 1 0 2
63308 2 1 0 2
66531 2 1 0 2
71858 2 1 0 2
77238 2 1 0 2
83694 2 1 0 2
93109 2 1 0 2
95261 2 1 0 2
97144 2 1 0 2
97413 2 1 0 2
99027 2 1 0 2
99296 2 1 0 2
99834 2 1 0 2
100372 2 1 0 2
100641 2 1 0 2
100910 2 1 0 2
101179 2 1 0 2
101448 2 1 0 2
102793 2 1 0 2
103062 2 1 0 2
103600 2 1 0 2
103869 2 1 0 2
104138 2 1 0 2
105483 2 1 0 2
105752 2 1 0 2
106290 2 1 0 2
106828 2 1 0 2
107366 2 1 0 2
107904 2 1 0 2
112818 2 1 0 2
114729 2 1 0 2
116913 2 1 0 2
117186 2 1 0 2
123192 2 1 0 2
125103 2 1 0 2
132201 2 1 0 2
132747 2 1 0 2
140937 2 1 0 2
141756 2 1 0 2
142848 2 1 0 2
144759 2 1 0 2
169484 2 1 0 2
169777 2 1 0 2
180618 2 1 0 2
180911 2 1 0 2
190311 2 1 0 2
193923 2 1 0 2
196030 2 1 0 2
198739 2 1 0 2
199642 2 1 0 2
199943 2 1 0 2
202050 2 1 0 2
202351 2 1 0 2
203555 2 1 0 2
206866 2 1 0 2
211983 2 1 0 2
215896 2 1 0 2
235096 2 1 0 2
247988 2 1 0 2
258829 2 1 0 2
259122 2 1 0 2
263810 2 1 0 2
264982 2 1 0 2
268205 2 1 0 2
282700 2 1 0 2
285193 2 1 0 2
286301 2 1 0 2
291564 2 1 0 2
277 0 2 0 2
1662 0 2 0 2
12465 0 2 0 2
16343 0 2 0 2
26766 0 2 0 2
65588 0 2 0 2
67562 0 2 0 2
68220 0 2 0 2
77361 0 2 0 2
81117 0 2 0 2
88942 0 2 0 2
92698 0 2 0 2
94576 0 2 0 2
98332 0 2 0 2
124868 0 2 0 2
128288 0 2 0 2
147098 0 2 0 2
148238 0 2 0 2
150518 0 2 0 2
152513 0 2 0 2
158563 0 2 0 2
161743 0 2 0 2
164658 0 2 0 2
165188 0 2 0 2
182943 0 2 0 2
183738 0 2 0 2
184003 0 2 0 2
184533 0 2 0 2
185328 0 2 0 2
186388 0 2 0 2
187183 0 2 0 2
190363 0 2 0 2
190628 0 2 0 2
195614 0 2 0 2
197721 0 2 0 2
203139 0 2 0 2
217587 0 2 0 2
218189 0 2 0 2
219995 0 2 0 2
55727 1 1 1 2
58076 1 1 1 2
58337 1 1 1 2
59381 1 1 1 2
60686 1 1 1 2
61730 1 1 1 2
65123 1 1 1 2
67733 1 1 1 2
68777 1 1 1 2
70604 1 1 1 2
72692 1 1 1 2
73475 1 1 1 2
74258 1 1 1 2
74780 1 1 1 2
75563 1 1 1 2
83915 1 1 1 2
89657 1 1 1 2
121028 1 1 1 2
121313 1 1 1 2
122738 1 1 1 2
125588 1 1 1 2
129293 1 1 1 2
152678 1 1 1 2
174004 1 1 1 2
174285 1 1 1 2
174566 1 1 1 2
175690 1 1 1 2
176252 1 1 1 2
176814 1 1 1 2
177095 1 1 1 2
178500 1 1 1 2
179343 1 1 1 2
179905 1 1 1 2
180186 1 1 1 2
181872 1 1 1 2
182434 1 1 1 2
184120 1 1 1 2
2248 2 1 1 2
2529 2 1 1 2
6744 2 1 1 2
7868 2 1 1 2
8992 2 1 1 2
9835 2 1 1 2
10678 2 1 1 2
10959 2 1 1 2
11521 2 1 1 2
12926 2 1 1 2
13769 2 1 1 2
15174 2 1 1 2
15736 2 1 1 2
16017 2 1 1 2
17984 2 1 1 2
21075 2 1 1 2
21637 2 1 1 2
24166 2 1 1 2
27269 2 1 1 2
36352 2 1 1 2
37817 2 1 1 2
38989 2 1 1 2
43970 2 1 1 2
44849 2 1 1 2
51588 2 1 1 2
63015 2 1 1 2
63308 2 1 1 2
66531 2 1 1 2
71858 2 1 1 2
77238 2 1 1 2
83694 2 1 1 2
93109 2 1 1 2
95261 2 1 1 2
97144 2 1 1 2
97413 2 1 1 2
99027 2 1 1 2
99296 2 1 1 2
99834 2 1 1 2
100372 2 1 1 2
100641 2 1 1 2
100910 2 1 1 2
101179 2 1 1 2
101448 2 1 1 2
102793 2 1 1 2
103062 2 1 1 2
103600 2 1 1 2
103869 2 1 1 2
104138 2 1 1 2
105483 2 1 1 2
105752 2 1 1 2
106290 2 1 1 2
106828 2 1 1 2
107366 2 1 1 2
107904 2 1 1 2
112818 2 1 1 2
114729 2 1 1 2
116913 2 1 1 2
117186 2 1 1 2
123192 2 1 1 2
125103 2 1 1 2
132201 2 1 1 2
132747 2 1 1 2
140937 2 1 1 2
141756 2 1 1 2
142848 2 1 1 2
144759 2 1 1 2
169484 2 1 1 2
169777 2 1 1 2
180618 2 1 1 2
180911 2 1 1 2
190311 2 1 1 2
193923 2 1 1 2
196030 2 1 1 2
198739 2 1 1 2
199642 2 1 1 2
199943 2 1 1 2
202050 2 1 1 2
202351 2 1 1 2
203555 2 1 1 2
206866 2 1 1 2
211983 2 1 1 2
215896 2 1 1 2
235096 2 1 1 2
247988 2 1 1 2
258829 2 1 1 2
259122 2 1 1 2
263810 2 1 1 2
264982 2 1 1 2
268205 2 1 1 2
282700 2 1 1 2
285193 2 1 1 2
286301 2 1 1 2
291564 2 1 1 2
277 0 2 1 2
1662 0 2 1 2
12465 0 2 1 2
16343 0 2 1 2
26766 0 2 1 2
65588 0 2 1 2
67562 0 2 1 2
68220 0 2 1 2
77361 0 2 1 2
81117 0 2 1 2
88942 0 2 1 2
92698 0 2 1 2
94576 0 2 1 2
98332 0 2 1 2
124868 0 2 1 2
128288 0 2 1 2
147098 0 2 1 2
148238 0 2 1 2
150518 0 2 1 2
152513 0 2 1 2
158563 0 2 1 2
161743 0 2 1 2
164658 0 2 1 2
165188 0 2 1 2
182943 0 2 1 2
183738 0 2 1 2
184003 0 2 1 2
184533 0 2 1 2
185328 0 2 1 2
186388 0 2 1 2
187183 0 2 1 2
190363 0 2 1 2
190628 0 2 1 2
195614 0 2 1 2
197721 0 2 1 2
203139 0 2 1 2
217587 0 2 1 2
218189 0 2 1 2
219995 0 2 1 2
237253 0 2 1 2
237354 0 2 1 2
238465 0 2 1 2
238566 0 2 1 2
239071 0 2 1 2
239172 0 2 1 2
239374 0 2 1 2
240384 0 2 1 2
243616 0 2 1 2
243717 0 2 1 2
243818 0 2 1 2
248363 0 2 1 2
248868 0 2 1 2
249575 0 2 1 2
249777 0 2 1 2
249979 0 2 1 2
250080 0 2 1 2
250585 0 2 1 2
250787 0 2 1 2
250888 0 2 1 2
251191 0 2 1 2
251292 0 2 1 2
252403 0 2 1 2
252504 0 2 1 2
256847 0 2 1 2
257655 0 2 1 2
257958 0 2 1 2
258059 0 2 1 2
258160 0 2 1 2
258261 0 2 1 2
258362 0 2 1 2
258564 0 2 1 2
258665 0 2 1 2
258766 0 2 1 2
258867 0 2 1 2
258968 0 2 1 2
259372 0 2 1 2
202 1 2 1 2
505 1 2 1 2
808 1 2 1 2
1111 1 2 1 2
1212 1 2 1 2
1414 1 2 1 2
1717 1 2 1 2
2424 1 2 1 2
4949 1 2 1 2
5757 1 2 1 2
6262 1 2 1 2
6767 1 2 1 2
7171 1 2 1 2
7373 1 2 1 2
7777 1 2 1 2
13231 1 2 1 2
13837 1 2 1 2
14140 1 2 1 2
15352 1 2 1 2
15554 1 2 1 2
15857 1 2 1 2
16059 1 2 1 2
16160 1 2 1 2
16261 1 2 1 2
16564 1 2 1 2
16968 1 2 1 2
17473 1 2 1 2
17574 1 2 1 2
21008 1 2 1 2
21715 1 2 1 2
22321 1 2 1 2
22826 1 2 1 2
24846 1 2 1 2
28078 1 2 1 2
28179 1 2 1 2
28280 1 2 1 2
28381 1 2 1 2
28785 1 2 1 2
29997 1 2 1 2
30906 1 2 1 2
31108 1 2 1 2
31209 1 2 1 2
31815 1 2 1 2
56962 1 2 1 2
57455 1 2 1 2
58441 1 2 1 2
59920 1 2 1 2
60898 1 2 1 2
65299 1 2 1 2
80705 1 2 1 2
81226 1 2 1 2
81747 1 2 1 2
82268 1 2 1 2
83310 1 2 1 2
83831 1 2 1 2
84352 1 2 1 2
95502 1 2 1 2
96035 1 2 1 2
99233 1 2 1 2
108126 1 2 1 2
110707 1 2 1 2
114298 1 2 1 2
126010 1 2 1 2
127886 1 2 1 2
160120 1 2 1 2
164445 1 2 1 2
168008 1 2 1 2
168517 1 2 1 2
173002 1 2 1 2
174846 1 2 1 2
179953 1 2 1 2
183432 1 2 1 2
183929 1 2 1 2
185917 1 2 1 2
186414 1 2 1 2
190366 1 2 1 2
192338 1 2 1 2
210561 1 2 1 2
227869 1 2 1 2
230234 1 2 1 2
231180 1 2 1 2
231653 1 2 1 2
233545 1 2 1 2
234491 1 2 1 2
235437 1 2 1 2
236383 1 2 1 2
237329 1 2 1 2
253346 1 2 1 2
258676 1 2 1 2
259209 1 2 1 2
261341 1 2 1 2
261874 1 2 1 2
262940 1 2 1 2
273903 1 2 1 2
274873 1 2 1 2
275358 1 2 1 2
276813 1 2 1 2
277298 1 2 1 2
277783 1 2 1 2
294128 1 2 0 4
