509 1 2 1 2
493 1 2 1 2
493 1 2 1 2
489 1 2 1 2
489 1 2 1 2
521 1 2 1 2
521 1 2 1 2
521 1 2 1 2
521 1 2 1 2
521 1 2 1 2
521 1 2 1 2
533 1 2 1 2
521 1 2 1 2
513 1 2 1 2
469 1 2 1 2
469 1 2 1 2
489 1 2 1 2
505 1 2 1 2
505 1 2 1 2
505 1 2 1 2
505 1 2 1 2
505 1 2 1 2
505 1 2 1 2
477 1 2 1 2
477 1 2 1 2
477 1 2 1 2
477 1 2 1 2
509 1 2 1 2
509 1 2 1 2
509 1 2 1 2
509 1 2 1 2
461 1 2 1 2
461 1 2 1 2
497 1 2 1 2
497 1 2 1 2
497 1 2 1 2
497 1 2 1 2
497 1 2 1 2
497 1 2 1 2
493 1 2 1 2
493 1 2 1 2
493 1 2 1 2
513 1 2 1 2
513 1 2 1 2
513 1 2 1 2
513 1 2 1 2
473 1 2 1 2
473 1 2 1 2
473 1 2 1 2
473 1 2 1 2
473 1 2 1 2
473 1 2 1 2
473 1 2 1 2
473 1 2 1 2
473 1 2 1 2
473 1 2 1 2
473 1 2 1 2
473 1 2 1 2
473 1 2 1 2
473 1 2 1 2
473 1 2 1 2
473 1 2 1 2
533 1 2 1 2
533 1 2 1 2
533 1 2 1 2
533 1 2 1 2
533 1 2 1 2
533 1 2 1 2
533 1 2 1 2
485 1 2 1 2
485 1 2 1 2
485 1 2 1 2
485 1 2 1 2
517 1 2 1 2
1241 1 2 0 4
