0 5 9 10
5 9
5 10


1 5 9 10
5 9
5 10


2 5 9 10
5 9
5 10


3 5 9 10
5 9
5 10


4 5 9 10
5 9
5 10


5 5 9 10
5 9
5 10


6 5 9 10
5 9
5 10


7 5 9 10
5 9
5 10


8 5 9 10
5 9
5 10


9 5 9 10
5 9
5 10


10 5 9 10
5 9
5 10


11 5 9 10
5 9
5 10


12 5 9 10
5 9
5 10


13 5 9 10
5 9
5 10


14 5 9 10
5 9
5 10


15 5 9 10
5 9
5 10


81 0 2 3
0 2
0 3


82 0 2 3
0 2
0 3


83 0 2 3
0 2
0 3


84 0 2 3
0 2
0 3


85 0 2 3
0 2
0 3


86 0 2 3
0 2
0 3


87 0 2 3
0 2
0 3


88 0 2 3
0 2
0 3


89 0 2 3
0 2
0 3


90 0 2 3
0 2
0 3


91 0 2 3
0 2
0 3


92 0 2 3
0 2
0 3


93 0 2 3
0 2
0 3


94 0 2 3
0 2
0 3


95 0 2 3
0 2
0 3


96 0 2 3
0 2
0 3


162 1 11 20
1 11
1 20


163 1 11 20
1 11
1 20


164 1 11 20
1 11
1 20


165 1 11 20
1 11
1 20


166 1 11 20
1 11
1 20


167 1 11 20
1 11
1 20


168 1 11 20
1 11
1 20


169 1 11 20
1 11
1 20


170 1 11 20
1 11
1 20


171 1 11 20
1 11
1 20


172 1 11 20
1 11
1 20


173 1 11 20
1 11
1 20


174 1 11 20
1 11
1 20


175 1 11 20
1 11
1 20


176 1 11 20
1 11
1 20


177 1 11 20
1 11
1 20


243 12 30 29
12 30
12 29


244 12 30 29
12 30
12 29


245 12 30 29
12 30
12 29


246 12 30 29
12 30
12 29


247 12 30 29
12 30
12 29


248 12 30 29
12 30
12 29


249 12 30 29
12 30
12 29


250 12 30 29
12 30
12 29


251 12 30 29
12 30
12 29


252 12 30 29
12 30
12 29


253 12 30 29
12 30
12 29


254 12 30 29
12 30
12 29


255 12 30 29
12 30
12 29


256 12 30 29
12 30
12 29


257 12 30 29
12 30
12 29


258 12 30 29
12 30
12 29


324 21 19 18
21 19
21 18


325 21 19 18
21 19
21 18


326 21 19 18
21 19
21 18


327 21 19 18
21 19
21 18


328 21 19 18
21 19
21 18


329 21 19 18
21 19
21 18


330 21 19 18
21 19
21 18


331 21 19 18
21 19
21 18


332 21 19 18
21 19
21 18


333 21 19 18
21 19
21 18


334 21 19 18
21 19
21 18


335 21 19 18
21 19
21 18


336 21 19 18
21 19
21 18


337 21 19 18
21 19
21 18


338 21 19 18
21 19
21 18


339 21 19 18
21 19
21 18


340 21 19 18
21 19
21 18


341 21 19 18
21 19
21 18


342 21 19 18
21 19
21 18


343 21 19 18
21 19
21 18


344 21 19 18
21 19
21 18


345 21 19 18
21 19
21 18


346 21 19 18
21 19
21 18


347 21 19 18
21 19
21 18


348 21 19 18
21 19
21 18


349 21 19 18
21 19
21 18


350 21 19 18
21 19
21 18


351 21 19 18
21 19
21 18


352 21 19 18
21 19
21 18


353 21 19 18
21 19
21 18


354 21 19 18
21 19
21 18


355 21 19 18
21 19
21 18


356 21 19 18
21 19
21 18


357 21 19 18
21 19
21 18


358 21 19 18
21 19
21 18


359 21 19 18
21 19
21 18


360 21 19 18
21 19
21 18


361 21 19 18
21 19
21 18


362 21 19 18
21 19
21 18


363 21 19 18
21 19
21 18


364 21 19 18
21 19
21 18


365 21 19 18
21 19
21 18


366 21 19 18
21 19
21 18


367 21 19 18
21 19
21 18


368 21 19 18
21 19
21 18


369 21 19 18
21 19
21 18


370 21 19 18
21 19
21 18


371 21 19 18
21 19
21 18


372 21 19 18
21 19
21 18


373 21 19 18
21 19
21 18


374 21 19 18
21 19
21 18


375 21 19 18
21 19
21 18


376 21 19 18
21 19
21 18


377 21 19 18
21 19
21 18


378 21 19 18
21 19
21 18


379 21 19 18
21 19
21 18


380 21 19 18
21 19
21 18


381 21 19 18
21 19
21 18


382 21 19 18
21 19
21 18


383 21 19 18
21 19
21 18


384 21 19 18
21 19
21 18


385 21 19 18
21 19
21 18


386 21 19 18
21 19
21 18


387 21 19 18
21 19
21 18


645 28 37 46
28 37
28 46


646 28 37 46
28 37
28 46


647 28 37 46
28 37
28 46


648 28 37 46
28 37
28 46


649 28 37 46
28 37
28 46


650 28 37 46
28 37
28 46


651 28 37 46
28 37
28 46


652 28 37 46
28 37
28 46


653 28 37 46
28 37
28 46


654 28 37 46
28 37
28 46


655 28 37 46
28 37
28 46


656 28 37 46
28 37
28 46


657 28 37 46
28 37
28 46


658 28 37 46
28 37
28 46


659 28 37 46
28 37
28 46


660 28 37 46
28 37
28 46


661 28 37 46
28 37
28 46


662 28 37 46
28 37
28 46


663 28 37 46
28 37
28 46


664 28 37 46
28 37
28 46


665 28 37 46
28 37
28 46


666 28 37 46
28 37
28 46


667 28 37 46
28 37
28 46


668 28 37 46
28 37
28 46


669 28 37 46
28 37
28 46


670 28 37 46
28 37
28 46


671 28 37 46
28 37
28 46


672 28 37 46
28 37
28 46


673 28 37 46
28 37
28 46


674 28 37 46
28 37
28 46


675 28 37 46
28 37
28 46


676 28 37 46
28 37
28 46


677 28 37 46
28 37
28 46


678 28 37 46
28 37
28 46


679 28 37 46
28 37
28 46


680 28 37 46
28 37
28 46


681 28 37 46
28 37
28 46


682 28 37 46
28 37
28 46


683 28 37 46
28 37
28 46


684 28 37 46
28 37
28 46


685 28 37 46
28 37
28 46


686 28 37 46
28 37
28 46


687 28 37 46
28 37
28 46


688 28 37 46
28 37
28 46


689 28 37 46
28 37
28 46


690 28 37 46
28 37
28 46


691 28 37 46
28 37
28 46


692 28 37 46
28 37
28 46


693 28 37 46
28 37
28 46


694 28 37 46
28 37
28 46


695 28 37 46
28 37
28 46


696 28 37 46
28 37
28 46


697 28 37 46
28 37
28 46


698 28 37 46
28 37
28 46


699 28 37 46
28 37
28 46


700 28 37 46
28 37
28 46


701 28 37 46
28 37
28 46


702 28 37 46
28 37
28 46


703 28 37 46
28 37
28 46


704 28 37 46
28 37
28 46


705 28 37 46
28 37
28 46


706 28 37 46
28 37
28 46


707 28 37 46
28 37
28 46


708 28 37 46
28 37
28 46


709 28 37 46
28 37
28 46


710 28 37 46
28 37
28 46


711 28 37 46
28 37
28 46


712 28 37 46
28 37
28 46


713 28 37 46
28 37
28 46


714 28 37 46
28 37
28 46


715 28 37 46
28 37
28 46


716 28 37 46
28 37
28 46


717 28 37 46
28 37
28 46


718 28 37 46
28 37
28 46


719 28 37 46
28 37
28 46


720 28 37 46
28 37
28 46


721 28 37 46
28 37
28 46


722 28 37 46
28 37
28 46


723 28 37 46
28 37
28 46


724 28 37 46
28 37
28 46


725 28 37 46
28 37
28 46


726 28 37 46
28 37
28 46


727 28 37 46
28 37
28 46


728 28 37 46
28 37
28 46


729 28 37 46
28 37
28 46


730 28 37 46
28 37
28 46


731 28 37 46
28 37
28 46


732 28 37 46
28 37
28 46


733 28 37 46
28 37
28 46


734 28 37 46
28 37
28 46


735 28 37 46
28 37
28 46


736 28 37 46
28 37
28 46


737 28 37 46
28 37
28 46


738 28 37 46
28 37
28 46


739 28 37 46
28 37
28 46


740 28 37 46
28 37
28 46


741 28 37 46
28 37
28 46


742 28 37 46
28 37
28 46


743 28 37 46
28 37
28 46


744 28 37 46
28 37
28 46


745 28 37 46
28 37
28 46


746 28 37 46
28 37
28 46


747 28 37 46
28 37
28 46


748 28 37 46
28 37
28 46


749 28 37 46
28 37
28 46


750 28 37 46
28 37
28 46


751 28 37 46
28 37
28 46


752 28 37 46
28 37
28 46


753 28 37 46
28 37
28 46


754 28 37 46
28 37
28 46


755 28 37 46
28 37
28 46


756 28 37 46
28 37
28 46


757 28 37 46
28 37
28 46


758 28 37 46
28 37
28 46


759 28 37 46
28 37
28 46


760 28 37 46
28 37
28 46


761 28 37 46
28 37
28 46


762 28 37 46
28 37
28 46


763 28 37 46
28 37
28 46


764 28 37 46
28 37
28 46


765 28 37 46
28 37
28 46


766 28 37 46
28 37
28 46


767 28 37 46
28 37
28 46


768 28 37 46
28 37
28 46


769 28 37 46
28 37
28 46


770 28 37 46
28 37
28 46


771 28 37 46
28 37
28 46


772 28 37 46
28 37
28 46


1034 27 63 64
27 63
27 64


1035 27 63 64
27 63
27 64


1036 27 63 64
27 63
27 64


1037 27 63 64
27 63
27 64


1038 27 63 64
27 63
27 64


1039 27 63 64
27 63
27 64


1040 27 63 64
27 63
27 64


1041 27 63 64
27 63
27 64


1042 27 63 64
27 63
27 64


1043 27 63 64
27 63
27 64


1044 27 63 64
27 63
27 64


1045 27 63 64
27 63
27 64


1046 27 63 64
27 63
27 64


1047 27 63 64
27 63
27 64


1048 27 63 64
27 63
27 64


1049 27 63 64
27 63
27 64


1115 54 56 65
54 56
54 65


1116 54 56 65
54 56
54 65


1117 54 56 65
54 56
54 65


1118 54 56 65
54 56
54 65


1119 54 56 65
54 56
54 65


1120 54 56 65
54 56
54 65


1121 54 56 65
54 56
54 65


1122 54 56 65
54 56
54 65


1123 54 56 65
54 56
54 65


1124 54 56 65
54 56
54 65


1125 54 56 65
54 56
54 65


1126 54 56 65
54 56
54 65


1127 54 56 65
54 56
54 65


1128 54 56 65
54 56
54 65


1129 54 56 65
54 56
54 65


1130 54 56 65
54 56
54 65


1973 40 58 67
40 58
40 67


1974 40 58 67
40 58
40 67


1975 40 58 67
40 58
40 67


1976 40 58 67
40 58
40 67


1977 40 58 67
40 58
40 67


1978 40 58 67
40 58
40 67


1979 40 58 67
40 58
40 67


1980 40 58 67
40 58
40 67


1981 40 58 67
40 58
40 67


1982 40 58 67
40 58
40 67


1983 40 58 67
40 58
40 67


1984 40 58 67
40 58
40 67


1985 40 58 67
40 58
40 67


1986 40 58 67
40 58
40 67


1987 40 58 67
40 58
40 67


1988 40 58 67
40 58
40 67


1989 40 58 67
40 58
40 67


1990 40 58 67
40 58
40 67


1991 40 58 67
40 58
40 67


1992 40 58 67
40 58
40 67


1993 40 58 67
40 58
40 67


1994 40 58 67
40 58
40 67


1995 40 58 67
40 58
40 67


1996 40 58 67
40 58
40 67


1997 40 58 67
40 58
40 67


1998 40 58 67
40 58
40 67


1999 40 58 67
40 58
40 67


2000 40 58 67
40 58
40 67


2001 40 58 67
40 58
40 67


2002 40 58 67
40 58
40 67


2003 40 58 67
40 58
40 67


2004 40 58 67
40 58
40 67


2005 40 58 67
40 58
40 67


2006 40 58 67
40 58
40 67


2007 40 58 67
40 58
40 67


2008 40 58 67
40 58
40 67


2009 40 58 67
40 58
40 67


2010 40 58 67
40 58
40 67


2011 40 58 67
40 58
40 67


2012 40 58 67
40 58
40 67


2013 40 58 67
40 58
40 67


2014 40 58 67
40 58
40 67


2015 40 58 67
40 58
40 67


2016 40 58 67
40 58
40 67


2017 40 58 67
40 58
40 67


2018 40 58 67
40 58
40 67


2019 40 58 67
40 58
40 67


2020 40 58 67
40 58
40 67


2021 40 58 67
40 58
40 67


2022 40 58 67
40 58
40 67


2023 40 58 67
40 58
40 67


2024 40 58 67
40 58
40 67


2025 40 58 67
40 58
40 67


2026 40 58 67
40 58
40 67


2027 40 58 67
40 58
40 67


2028 40 58 67
40 58
40 67


2029 40 58 67
40 58
40 67


2030 40 58 67
40 58
40 67


2031 40 58 67
40 58
40 67


2032 40 58 67
40 58
40 67


2033 40 58 67
40 58
40 67


2034 40 58 67
40 58
40 67


2035 40 58 67
40 58
40 67


2036 40 58 67
40 58
40 67


2037 40 58 67
40 58
40 67


2038 40 58 67
40 58
40 67


2039 40 58 67
40 58
40 67


2040 40 58 67
40 58
40 67


2041 40 58 67
40 58
40 67


2042 40 58 67
40 58
40 67


2043 40 58 67
40 58
40 67


2044 40 58 67
40 58
40 67


2045 40 58 67
40 58
40 67


2046 40 58 67
40 58
40 67


2047 40 58 67
40 58
40 67


2048 40 58 67
40 58
40 67


2049 40 58 67
40 58
40 67


2050 40 58 67
40 58
40 67


2051 40 58 67
40 58
40 67


2052 40 58 67
40 58
40 67


2053 40 58 67
40 58
40 67


2054 40 58 67
40 58
40 67


2055 40 58 67
40 58
40 67


2056 40 58 67
40 58
40 67


2057 40 58 67
40 58
40 67


2058 40 58 67
40 58
40 67


2059 40 58 67
40 58
40 67


2060 40 58 67
40 58
40 67


2061 40 58 67
40 58
40 67


2062 40 58 67
40 58
40 67


2063 40 58 67
40 58
40 67


2064 40 58 67
40 58
40 67


2065 40 58 67
40 58
40 67


2066 40 58 67
40 58
40 67


2067 40 58 67
40 58
40 67


2068 40 58 67
40 58
40 67


2069 40 58 67
40 58
40 67


2070 40 58 67
40 58
40 67


2071 40 58 67
40 58
40 67


2072 40 58 67
40 58
40 67


2073 40 58 67
40 58
40 67


2074 40 58 67
40 58
40 67


2075 40 58 67
40 58
40 67


2076 40 58 67
40 58
40 67


2077 40 58 67
40 58
40 67


2078 40 58 67
40 58
40 67


2079 40 58 67
40 58
40 67


2080 40 58 67
40 58
40 67


2081 40 58 67
40 58
40 67


2082 40 58 67
40 58
40 67


2083 40 58 67
40 58
40 67


2084 40 58 67
40 58
40 67


2085 40 58 67
40 58
40 67


2086 40 58 67
40 58
40 67


2087 40 58 67
40 58
40 67


2088 40 58 67
40 58
40 67


2089 40 58 67
40 58
40 67


2090 40 58 67
40 58
40 67


2091 40 58 67
40 58
40 67


2092 40 58 67
40 58
40 67


2093 40 58 67
40 58
40 67


2094 40 58 67
40 58
40 67


2095 40 58 67
40 58
40 67


2096 40 58 67
40 58
40 67


2097 40 58 67
40 58
40 67


2098 40 58 67
40 58
40 67


2099 40 58 67
40 58
40 67


2100 40 58 67
40 58
40 67


3401 24 22 23
24 22
24 23


3402 24 22 23
24 22
24 23


3403 24 22 23
24 22
24 23


3404 24 22 23
24 22
24 23


3405 24 22 23
24 22
24 23


3406 24 22 23
24 22
24 23


3407 24 22 23
24 22
24 23


3408 24 22 23
24 22
24 23


3409 24 22 23
24 22
24 23


3410 24 22 23
24 22
24 23


3411 24 22 23
24 22
24 23


3412 24 22 23
24 22
24 23


3413 24 22 23
24 22
24 23


3414 24 22 23
24 22
24 23


3415 24 22 23
24 22
24 23


3416 24 22 23
24 22
24 23


3417 24 22 23
24 22
24 23


3418 24 22 23
24 22
24 23


3419 24 22 23
24 22
24 23


3420 24 22 23
24 22
24 23


3421 24 22 23
24 22
24 23


3422 24 22 23
24 22
24 23


3423 24 22 23
24 22
24 23


3424 24 22 23
24 22
24 23


3425 24 22 23
24 22
24 23


3426 24 22 23
24 22
24 23


3427 24 22 23
24 22
24 23


3428 24 22 23
24 22
24 23


3429 24 22 23
24 22
24 23


3430 24 22 23
24 22
24 23


3431 24 22 23
24 22
24 23


3432 24 22 23
24 22
24 23


3433 24 22 23
24 22
24 23


3434 24 22 23
24 22
24 23


3435 24 22 23
24 22
24 23


3436 24 22 23
24 22
24 23


3437 24 22 23
24 22
24 23


3438 24 22 23
24 22
24 23


3439 24 22 23
24 22
24 23


3440 24 22 23
24 22
24 23


3441 24 22 23
24 22
24 23


3442 24 22 23
24 22
24 23


3443 24 22 23
24 22
24 23


3444 24 22 23
24 22
24 23


3445 24 22 23
24 22
24 23


3446 24 22 23
24 22
24 23


3447 24 22 23
24 22
24 23


3448 24 22 23
24 22
24 23


3449 24 22 23
24 22
24 23


3450 24 22 23
24 22
24 23


3451 24 22 23
24 22
24 23


3452 24 22 23
24 22
24 23


3453 24 22 23
24 22
24 23


3454 24 22 23
24 22
24 23


3455 24 22 23
24 22
24 23


3456 24 22 23
24 22
24 23


3457 24 22 23
24 22
24 23


3458 24 22 23
24 22
24 23


3459 24 22 23
24 22
24 23


3460 24 22 23
24 22
24 23


3461 24 22 23
24 22
24 23


3462 24 22 23
24 22
24 23


3463 24 22 23
24 22
24 23


3464 24 22 23
24 22
24 23


3465 24 22 23
24 22
24 23


3466 24 22 23
24 22
24 23


3467 24 22 23
24 22
24 23


3468 24 22 23
24 22
24 23


3469 24 22 23
24 22
24 23


3470 24 22 23
24 22
24 23


3471 24 22 23
24 22
24 23


3472 24 22 23
24 22
24 23


3473 24 22 23
24 22
24 23


3474 24 22 23
24 22
24 23


3475 24 22 23
24 22
24 23


3476 24 22 23
24 22
24 23


3477 24 22 23
24 22
24 23


3478 24 22 23
24 22
24 23


3479 24 22 23
24 22
24 23


3480 24 22 23
24 22
24 23


3481 24 22 23
24 22
24 23


3482 24 22 23
24 22
24 23


3483 24 22 23
24 22
24 23


3484 24 22 23
24 22
24 23


3485 24 22 23
24 22
24 23


3486 24 22 23
24 22
24 23


3487 24 22 23
24 22
24 23


3488 24 22 23
24 22
24 23


3489 24 22 23
24 22
24 23


3490 24 22 23
24 22
24 23


3491 24 22 23
24 22
24 23


3492 24 22 23
24 22
24 23


3493 24 22 23
24 22
24 23


3494 24 22 23
24 22
24 23


3495 24 22 23
24 22
24 23


3496 24 22 23
24 22
24 23


3497 24 22 23
24 22
24 23


3498 24 22 23
24 22
24 23


3499 24 22 23
24 22
24 23


3500 24 22 23
24 22
24 23


3501 24 22 23
24 22
24 23


3502 24 22 23
24 22
24 23


3503 24 22 23
24 22
24 23


3504 24 22 23
24 22
24 23


3505 24 22 23
24 22
24 23


3506 24 22 23
24 22
24 23


3507 24 22 23
24 22
24 23


3508 24 22 23
24 22
24 23


3509 24 22 23
24 22
24 23


3510 24 22 23
24 22
24 23


3511 24 22 23
24 22
24 23


3512 24 22 23
24 22
24 23


3513 24 22 23
24 22
24 23


3514 24 22 23
24 22
24 23


3515 24 22 23
24 22
24 23


3516 24 22 23
24 22
24 23


3517 24 22 23
24 22
24 23


3518 24 22 23
24 22
24 23


3519 24 22 23
24 22
24 23


3520 24 22 23
24 22
24 23


3521 24 22 23
24 22
24 23


3522 24 22 23
24 22
24 23


3523 24 22 23
24 22
24 23


3524 24 22 23
24 22
24 23


3525 24 22 23
24 22
24 23


3526 24 22 23
24 22
24 23


3527 24 22 23
24 22
24 23


3528 24 22 23
24 22
24 23


