0 4 1 9
4 1
4 9


1 4 1 9
4 1
4 9


2 4 1 9
4 1
4 9


3 4 1 9
4 1
4 9


4 4 1 9
4 1
4 9


5 4 1 9
4 1
4 9


6 4 1 9
4 1
4 9


7 4 1 9
4 1
4 9


8 4 1 9
4 1
4 9


9 4 1 9
4 1
4 9


10 4 1 9
4 1
4 9


11 4 1 9
4 1
4 9


12 4 1 9
4 1
4 9


13 4 1 9
4 1
4 9


14 4 1 9
4 1
4 9


15 4 1 9
4 1
4 9


81 0 46 54
0 46
0 54


82 0 46 54
0 46
0 54


83 0 46 54
0 46
0 54


84 0 46 54
0 46
0 54


85 0 46 54
0 46
0 54


86 0 46 54
0 46
0 54


87 0 46 54
0 46
0 54


88 0 46 54
0 46
0 54


89 0 46 54
0 46
0 54


90 0 46 54
0 46
0 54


91 0 46 54
0 46
0 54


92 0 46 54
0 46
0 54


93 0 46 54
0 46
0 54


94 0 46 54
0 46
0 54


95 0 46 54
0 46
0 54


96 0 46 54
0 46
0 54


162 47 11 10
47 11
47 10


163 47 11 10
47 11
47 10


164 47 11 10
47 11
47 10


165 47 11 10
47 11
47 10


166 47 11 10
47 11
47 10


167 47 11 10
47 11
47 10


168 47 11 10
47 11
47 10


169 47 11 10
47 11
47 10


170 47 11 10
47 11
47 10


171 47 11 10
47 11
47 10


172 47 11 10
47 11
47 10


173 47 11 10
47 11
47 10


174 47 11 10
47 11
47 10


175 47 11 10
47 11
47 10


176 47 11 10
47 11
47 10


177 47 11 10
47 11
47 10


243 19 23 30
19 23
19 30


244 19 23 30
19 23
19 30


245 19 23 30
19 23
19 30


246 19 23 30
19 23
19 30


247 19 23 30
19 23
19 30


248 19 23 30
19 23
19 30


249 19 23 30
19 23
19 30


250 19 23 30
19 23
19 30


251 19 23 30
19 23
19 30


252 19 23 30
19 23
19 30


253 19 23 30
19 23
19 30


254 19 23 30
19 23
19 30


255 19 23 30
19 23
19 30


256 19 23 30
19 23
19 30


257 19 23 30
19 23
19 30


258 19 23 30
19 23
19 30


324 29 21 20
29 21
29 20


325 29 21 20
29 21
29 20


326 29 21 20
29 21
29 20


327 29 21 20
29 21
29 20


328 29 21 20
29 21
29 20


329 29 21 20
29 21
29 20


330 29 21 20
29 21
29 20


331 29 21 20
29 21
29 20


332 29 21 20
29 21
29 20


333 29 21 20
29 21
29 20


334 29 21 20
29 21
29 20


335 29 21 20
29 21
29 20


336 29 21 20
29 21
29 20


337 29 21 20
29 21
29 20


338 29 21 20
29 21
29 20


339 29 21 20
29 21
29 20


340 29 21 20
29 21
29 20


341 29 21 20
29 21
29 20


342 29 21 20
29 21
29 20


343 29 21 20
29 21
29 20


344 29 21 20
29 21
29 20


345 29 21 20
29 21
29 20


346 29 21 20
29 21
29 20


347 29 21 20
29 21
29 20


348 29 21 20
29 21
29 20


349 29 21 20
29 21
29 20


350 29 21 20
29 21
29 20


351 29 21 20
29 21
29 20


352 29 21 20
29 21
29 20


353 29 21 20
29 21
29 20


354 29 21 20
29 21
29 20


355 29 21 20
29 21
29 20


356 29 21 20
29 21
29 20


357 29 21 20
29 21
29 20


358 29 21 20
29 21
29 20


359 29 21 20
29 21
29 20


360 29 21 20
29 21
29 20


361 29 21 20
29 21
29 20


362 29 21 20
29 21
29 20


363 29 21 20
29 21
29 20


364 29 21 20
29 21
29 20


365 29 21 20
29 21
29 20


366 29 21 20
29 21
29 20


367 29 21 20
29 21
29 20


368 29 21 20
29 21
29 20


369 29 21 20
29 21
29 20


370 29 21 20
29 21
29 20


371 29 21 20
29 21
29 20


372 29 21 20
29 21
29 20


373 29 21 20
29 21
29 20


374 29 21 20
29 21
29 20


375 29 21 20
29 21
29 20


376 29 21 20
29 21
29 20


377 29 21 20
29 21
29 20


378 29 21 20
29 21
29 20


379 29 21 20
29 21
29 20


380 29 21 20
29 21
29 20


381 29 21 20
29 21
29 20


382 29 21 20
29 21
29 20


383 29 21 20
29 21
29 20


384 29 21 20
29 21
29 20


385 29 21 20
29 21
29 20


386 29 21 20
29 21
29 20


387 29 21 20
29 21
29 20


645 28 36 44
28 36
28 44


646 28 36 44
28 36
28 44


647 28 36 44
28 36
28 44


648 28 36 44
28 36
28 44


649 28 36 44
28 36
28 44


650 28 36 44
28 36
28 44


651 28 36 44
28 36
28 44


652 28 36 44
28 36
28 44


653 28 36 44
28 36
28 44


654 28 36 44
28 36
28 44


655 28 36 44
28 36
28 44


656 28 36 44
28 36
28 44


657 28 36 44
28 36
28 44


658 28 36 44
28 36
28 44


659 28 36 44
28 36
28 44


660 28 36 44
28 36
28 44


661 28 36 44
28 36
28 44


662 28 36 44
28 36
28 44


663 28 36 44
28 36
28 44


664 28 36 44
28 36
28 44


665 28 36 44
28 36
28 44


666 28 36 44
28 36
28 44


667 28 36 44
28 36
28 44


668 28 36 44
28 36
28 44


669 28 36 44
28 36
28 44


670 28 36 44
28 36
28 44


671 28 36 44
28 36
28 44


672 28 36 44
28 36
28 44


673 28 36 44
28 36
28 44


674 28 36 44
28 36
28 44


675 28 36 44
28 36
28 44


676 28 36 44
28 36
28 44


677 28 36 44
28 36
28 44


678 28 36 44
28 36
28 44


679 28 36 44
28 36
28 44


680 28 36 44
28 36
28 44


681 28 36 44
28 36
28 44


682 28 36 44
28 36
28 44


683 28 36 44
28 36
28 44


684 28 36 44
28 36
28 44


685 28 36 44
28 36
28 44


686 28 36 44
28 36
28 44


687 28 36 44
28 36
28 44


688 28 36 44
28 36
28 44


689 28 36 44
28 36
28 44


690 28 36 44
28 36
28 44


691 28 36 44
28 36
28 44


692 28 36 44
28 36
28 44


693 28 36 44
28 36
28 44


694 28 36 44
28 36
28 44


695 28 36 44
28 36
28 44


696 28 36 44
28 36
28 44


697 28 36 44
28 36
28 44


698 28 36 44
28 36
28 44


699 28 36 44
28 36
28 44


700 28 36 44
28 36
28 44


701 28 36 44
28 36
28 44


702 28 36 44
28 36
28 44


703 28 36 44
28 36
28 44


704 28 36 44
28 36
28 44


705 28 36 44
28 36
28 44


706 28 36 44
28 36
28 44


707 28 36 44
28 36
28 44


708 28 36 44
28 36
28 44


709 28 36 44
28 36
28 44


710 28 36 44
28 36
28 44


711 28 36 44
28 36
28 44


712 28 36 44
28 36
28 44


713 28 36 44
28 36
28 44


714 28 36 44
28 36
28 44


715 28 36 44
28 36
28 44


716 28 36 44
28 36
28 44


717 28 36 44
28 36
28 44


718 28 36 44
28 36
28 44


719 28 36 44
28 36
28 44


720 28 36 44
28 36
28 44


721 28 36 44
28 36
28 44


722 28 36 44
28 36
28 44


723 28 36 44
28 36
28 44


724 28 36 44
28 36
28 44


725 28 36 44
28 36
28 44


726 28 36 44
28 36
28 44


727 28 36 44
28 36
28 44


728 28 36 44
28 36
28 44


729 28 36 44
28 36
28 44


730 28 36 44
28 36
28 44


731 28 36 44
28 36
28 44


732 28 36 44
28 36
28 44


733 28 36 44
28 36
28 44


734 28 36 44
28 36
28 44


735 28 36 44
28 36
28 44


736 28 36 44
28 36
28 44


737 28 36 44
28 36
28 44


738 28 36 44
28 36
28 44


739 28 36 44
28 36
28 44


740 28 36 44
28 36
28 44


741 28 36 44
28 36
28 44


742 28 36 44
28 36
28 44


743 28 36 44
28 36
28 44


744 28 36 44
28 36
28 44


745 28 36 44
28 36
28 44


746 28 36 44
28 36
28 44


747 28 36 44
28 36
28 44


748 28 36 44
28 36
28 44


749 28 36 44
28 36
28 44


750 28 36 44
28 36
28 44


751 28 36 44
28 36
28 44


752 28 36 44
28 36
28 44


753 28 36 44
28 36
28 44


754 28 36 44
28 36
28 44


755 28 36 44
28 36
28 44


756 28 36 44
28 36
28 44


757 28 36 44
28 36
28 44


758 28 36 44
28 36
28 44


759 28 36 44
28 36
28 44


760 28 36 44
28 36
28 44


761 28 36 44
28 36
28 44


762 28 36 44
28 36
28 44


763 28 36 44
28 36
28 44


764 28 36 44
28 36
28 44


765 28 36 44
28 36
28 44


766 28 36 44
28 36
28 44


767 28 36 44
28 36
28 44


768 28 36 44
28 36
28 44


769 28 36 44
28 36
28 44


770 28 36 44
28 36
28 44


771 28 36 44
28 36
28 44


772 28 36 44
28 36
28 44


1034 45 37 38
45 37
45 38


1035 45 37 38
45 37
45 38


1036 45 37 38
45 37
45 38


1037 45 37 38
45 37
45 38


1038 45 37 38
45 37
45 38


1039 45 37 38
45 37
45 38


1040 45 37 38
45 37
45 38


1041 45 37 38
45 37
45 38


1042 45 37 38
45 37
45 38


1043 45 37 38
45 37
45 38


1044 45 37 38
45 37
45 38


1045 45 37 38
45 37
45 38


1046 45 37 38
45 37
45 38


1047 45 37 38
45 37
45 38


1048 45 37 38
45 37
45 38


1049 45 37 38
45 37
45 38


1115 47 46 54
47 46
47 54


1116 47 46 54
47 46
47 54


1117 47 46 54
47 46
47 54


1118 47 46 54
47 46
47 54


1119 47 46 54
47 46
47 54


1120 47 46 54
47 46
47 54


1121 47 46 54
47 46
47 54


1122 47 46 54
47 46
47 54


1123 47 46 54
47 46
47 54


1124 47 46 54
47 46
47 54


1125 47 46 54
47 46
47 54


1126 47 46 54
47 46
47 54


1127 47 46 54
47 46
47 54


1128 47 46 54
47 46
47 54


1129 47 46 54
47 46
47 54


1130 47 46 54
47 46
47 54


1973 17 27 19
17 27
17 19


1974 17 27 19
17 27
17 19


1975 17 27 19
17 27
17 19


1976 17 27 19
17 27
17 19


1977 17 27 19
17 27
17 19


1978 17 27 19
17 27
17 19


1979 17 27 19
17 27
17 19


1980 17 27 19
17 27
17 19


1981 17 27 19
17 27
17 19


1982 17 27 19
17 27
17 19


1983 17 27 19
17 27
17 19


1984 17 27 19
17 27
17 19


1985 17 27 19
17 27
17 19


1986 17 27 19
17 27
17 19


1987 17 27 19
17 27
17 19


1988 17 27 19
17 27
17 19


1989 17 27 19
17 27
17 19


1990 17 27 19
17 27
17 19


1991 17 27 19
17 27
17 19


1992 17 27 19
17 27
17 19


1993 17 27 19
17 27
17 19


1994 17 27 19
17 27
17 19


1995 17 27 19
17 27
17 19


1996 17 27 19
17 27
17 19


1997 17 27 19
17 27
17 19


1998 17 27 19
17 27
17 19


1999 17 27 19
17 27
17 19


2000 17 27 19
17 27
17 19


2001 17 27 19
17 27
17 19


2002 17 27 19
17 27
17 19


2003 17 27 19
17 27
17 19


2004 17 27 19
17 27
17 19


2005 17 27 19
17 27
17 19


2006 17 27 19
17 27
17 19


2007 17 27 19
17 27
17 19


2008 17 27 19
17 27
17 19


2009 17 27 19
17 27
17 19


2010 17 27 19
17 27
17 19


2011 17 27 19
17 27
17 19


2012 17 27 19
17 27
17 19


2013 17 27 19
17 27
17 19


2014 17 27 19
17 27
17 19


2015 17 27 19
17 27
17 19


2016 17 27 19
17 27
17 19


2017 17 27 19
17 27
17 19


2018 17 27 19
17 27
17 19


2019 17 27 19
17 27
17 19


2020 17 27 19
17 27
17 19


2021 17 27 19
17 27
17 19


2022 17 27 19
17 27
17 19


2023 17 27 19
17 27
17 19


2024 17 27 19
17 27
17 19


2025 17 27 19
17 27
17 19


2026 17 27 19
17 27
17 19


2027 17 27 19
17 27
17 19


2028 17 27 19
17 27
17 19


2029 17 27 19
17 27
17 19


2030 17 27 19
17 27
17 19


2031 17 27 19
17 27
17 19


2032 17 27 19
17 27
17 19


2033 17 27 19
17 27
17 19


2034 17 27 19
17 27
17 19


2035 17 27 19
17 27
17 19


2036 17 27 19
17 27
17 19


2037 17 27 19
17 27
17 19


2038 17 27 19
17 27
17 19


2039 17 27 19
17 27
17 19


2040 17 27 19
17 27
17 19


2041 17 27 19
17 27
17 19


2042 17 27 19
17 27
17 19


2043 17 27 19
17 27
17 19


2044 17 27 19
17 27
17 19


2045 17 27 19
17 27
17 19


2046 17 27 19
17 27
17 19


2047 17 27 19
17 27
17 19


2048 17 27 19
17 27
17 19


2049 17 27 19
17 27
17 19


2050 17 27 19
17 27
17 19


2051 17 27 19
17 27
17 19


2052 17 27 19
17 27
17 19


2053 17 27 19
17 27
17 19


2054 17 27 19
17 27
17 19


2055 17 27 19
17 27
17 19


2056 17 27 19
17 27
17 19


2057 17 27 19
17 27
17 19


2058 17 27 19
17 27
17 19


2059 17 27 19
17 27
17 19


2060 17 27 19
17 27
17 19


2061 17 27 19
17 27
17 19


2062 17 27 19
17 27
17 19


2063 17 27 19
17 27
17 19


2064 17 27 19
17 27
17 19


2065 17 27 19
17 27
17 19


2066 17 27 19
17 27
17 19


2067 17 27 19
17 27
17 19


2068 17 27 19
17 27
17 19


2069 17 27 19
17 27
17 19


2070 17 27 19
17 27
17 19


2071 17 27 19
17 27
17 19


2072 17 27 19
17 27
17 19


2073 17 27 19
17 27
17 19


2074 17 27 19
17 27
17 19


2075 17 27 19
17 27
17 19


2076 17 27 19
17 27
17 19


2077 17 27 19
17 27
17 19


2078 17 27 19
17 27
17 19


2079 17 27 19
17 27
17 19


2080 17 27 19
17 27
17 19


2081 17 27 19
17 27
17 19


2082 17 27 19
17 27
17 19


2083 17 27 19
17 27
17 19


2084 17 27 19
17 27
17 19


2085 17 27 19
17 27
17 19


2086 17 27 19
17 27
17 19


2087 17 27 19
17 27
17 19


2088 17 27 19
17 27
17 19


2089 17 27 19
17 27
17 19


2090 17 27 19
17 27
17 19


2091 17 27 19
17 27
17 19


2092 17 27 19
17 27
17 19


2093 17 27 19
17 27
17 19


2094 17 27 19
17 27
17 19


2095 17 27 19
17 27
17 19


2096 17 27 19
17 27
17 19


2097 17 27 19
17 27
17 19


2098 17 27 19
17 27
17 19


2099 17 27 19
17 27
17 19


2100 17 27 19
17 27
17 19


3401 20 28 36
20 28
20 36


3402 20 28 36
20 28
20 36


3403 20 28 36
20 28
20 36


3404 20 28 36
20 28
20 36


3405 20 28 36
20 28
20 36


3406 20 28 36
20 28
20 36


3407 20 28 36
20 28
20 36


3408 20 28 36
20 28
20 36


3409 20 28 36
20 28
20 36


3410 20 28 36
20 28
20 36


3411 20 28 36
20 28
20 36


3412 20 28 36
20 28
20 36


3413 20 28 36
20 28
20 36


3414 20 28 36
20 28
20 36


3415 20 28 36
20 28
20 36


3416 20 28 36
20 28
20 36


3417 20 28 36
20 28
20 36


3418 20 28 36
20 28
20 36


3419 20 28 36
20 28
20 36


3420 20 28 36
20 28
20 36


3421 20 28 36
20 28
20 36


3422 20 28 36
20 28
20 36


3423 20 28 36
20 28
20 36


3424 20 28 36
20 28
20 36


3425 20 28 36
20 28
20 36


3426 20 28 36
20 28
20 36


3427 20 28 36
20 28
20 36


3428 20 28 36
20 28
20 36


3429 20 28 36
20 28
20 36


3430 20 28 36
20 28
20 36


3431 20 28 36
20 28
20 36


3432 20 28 36
20 28
20 36


3433 20 28 36
20 28
20 36


3434 20 28 36
20 28
20 36


3435 20 28 36
20 28
20 36


3436 20 28 36
20 28
20 36


3437 20 28 36
20 28
20 36


3438 20 28 36
20 28
20 36


3439 20 28 36
20 28
20 36


3440 20 28 36
20 28
20 36


3441 20 28 36
20 28
20 36


3442 20 28 36
20 28
20 36


3443 20 28 36
20 28
20 36


3444 20 28 36
20 28
20 36


3445 20 28 36
20 28
20 36


3446 20 28 36
20 28
20 36


3447 20 28 36
20 28
20 36


3448 20 28 36
20 28
20 36


3449 20 28 36
20 28
20 36


3450 20 28 36
20 28
20 36


3451 20 28 36
20 28
20 36


3452 20 28 36
20 28
20 36


3453 20 28 36
20 28
20 36


3454 20 28 36
20 28
20 36


3455 20 28 36
20 28
20 36


3456 20 28 36
20 28
20 36


3457 20 28 36
20 28
20 36


3458 20 28 36
20 28
20 36


3459 20 28 36
20 28
20 36


3460 20 28 36
20 28
20 36


3461 20 28 36
20 28
20 36


3462 20 28 36
20 28
20 36


3463 20 28 36
20 28
20 36


3464 20 28 36
20 28
20 36


3465 20 28 36
20 28
20 36


3466 20 28 36
20 28
20 36


3467 20 28 36
20 28
20 36


3468 20 28 36
20 28
20 36


3469 20 28 36
20 28
20 36


3470 20 28 36
20 28
20 36


3471 20 28 36
20 28
20 36


3472 20 28 36
20 28
20 36


3473 20 28 36
20 28
20 36


3474 20 28 36
20 28
20 36


3475 20 28 36
20 28
20 36


3476 20 28 36
20 28
20 36


3477 20 28 36
20 28
20 36


3478 20 28 36
20 28
20 36


3479 20 28 36
20 28
20 36


3480 20 28 36
20 28
20 36


3481 20 28 36
20 28
20 36


3482 20 28 36
20 28
20 36


3483 20 28 36
20 28
20 36


3484 20 28 36
20 28
20 36


3485 20 28 36
20 28
20 36


3486 20 28 36
20 28
20 36


3487 20 28 36
20 28
20 36


3488 20 28 36
20 28
20 36


3489 20 28 36
20 28
20 36


3490 20 28 36
20 28
20 36


3491 20 28 36
20 28
20 36


3492 20 28 36
20 28
20 36


3493 20 28 36
20 28
20 36


3494 20 28 36
20 28
20 36


3495 20 28 36
20 28
20 36


3496 20 28 36
20 28
20 36


3497 20 28 36
20 28
20 36


3498 20 28 36
20 28
20 36


3499 20 28 36
20 28
20 36


3500 20 28 36
20 28
20 36


3501 20 28 36
20 28
20 36


3502 20 28 36
20 28
20 36


3503 20 28 36
20 28
20 36


3504 20 28 36
20 28
20 36


3505 20 28 36
20 28
20 36


3506 20 28 36
20 28
20 36


3507 20 28 36
20 28
20 36


3508 20 28 36
20 28
20 36


3509 20 28 36
20 28
20 36


3510 20 28 36
20 28
20 36


3511 20 28 36
20 28
20 36


3512 20 28 36
20 28
20 36


3513 20 28 36
20 28
20 36


3514 20 28 36
20 28
20 36


3515 20 28 36
20 28
20 36


3516 20 28 36
20 28
20 36


3517 20 28 36
20 28
20 36


3518 20 28 36
20 28
20 36


3519 20 28 36
20 28
20 36


3520 20 28 36
20 28
20 36


3521 20 28 36
20 28
20 36


3522 20 28 36
20 28
20 36


3523 20 28 36
20 28
20 36


3524 20 28 36
20 28
20 36


3525 20 28 36
20 28
20 36


3526 20 28 36
20 28
20 36


3527 20 28 36
20 28
20 36


3528 20 28 36
20 28
20 36


4829 34 41 33
34 41
34 33


4830 34 41 33
34 41
34 33


4831 34 41 33
34 41
34 33


4832 34 41 33
34 41
34 33


4833 34 41 33
34 41
34 33


4834 34 41 33
34 41
34 33


4835 34 41 33
34 41
34 33


4836 34 41 33
34 41
34 33


4837 34 41 33
34 41
34 33


4838 34 41 33
34 41
34 33


4839 34 41 33
34 41
34 33


4840 34 41 33
34 41
34 33


4841 34 41 33
34 41
34 33


4842 34 41 33
34 41
34 33


4843 34 41 33
34 41
34 33


4844 34 41 33
34 41
34 33


4845 34 41 33
34 41
34 33


4846 34 41 33
34 41
34 33


4847 34 41 33
34 41
34 33


4848 34 41 33
34 41
34 33


4849 34 41 33
34 41
34 33


4850 34 41 33
34 41
34 33


4851 34 41 33
34 41
34 33


4852 34 41 33
34 41
34 33


4853 34 41 33
34 41
34 33


4854 34 41 33
34 41
34 33


4855 34 41 33
34 41
34 33


4856 34 41 33
34 41
34 33


4857 34 41 33
34 41
34 33


4858 34 41 33
34 41
34 33


4859 34 41 33
34 41
34 33


4860 34 41 33
34 41
34 33


4861 34 41 33
34 41
34 33


4862 34 41 33
34 41
34 33


4863 34 41 33
34 41
34 33


4864 34 41 33
34 41
34 33


4865 34 41 33
34 41
34 33


4866 34 41 33
34 41
34 33


4867 34 41 33
34 41
34 33


4868 34 41 33
34 41
34 33


4869 34 41 33
34 41
34 33


4870 34 41 33
34 41
34 33


4871 34 41 33
34 41
34 33


4872 34 41 33
34 41
34 33


4873 34 41 33
34 41
34 33


4874 34 41 33
34 41
34 33


4875 34 41 33
34 41
34 33


4876 34 41 33
34 41
34 33


4877 34 41 33
34 41
34 33


4878 34 41 33
34 41
34 33


4879 34 41 33
34 41
34 33


4880 34 41 33
34 41
34 33


4881 34 41 33
34 41
34 33


4882 34 41 33
34 41
34 33


4883 34 41 33
34 41
34 33


4884 34 41 33
34 41
34 33


4885 34 41 33
34 41
34 33


4886 34 41 33
34 41
34 33


4887 34 41 33
34 41
34 33


4888 34 41 33
34 41
34 33


4889 34 41 33
34 41
34 33


4890 34 41 33
34 41
34 33


4891 34 41 33
34 41
34 33


4892 34 41 33
34 41
34 33


4893 34 41 33
34 41
34 33


4894 34 41 33
34 41
34 33


4895 34 41 33
34 41
34 33


4896 34 41 33
34 41
34 33


4897 34 41 33
34 41
34 33


4898 34 41 33
34 41
34 33


4899 34 41 33
34 41
34 33


4900 34 41 33
34 41
34 33


4901 34 41 33
34 41
34 33


4902 34 41 33
34 41
34 33


4903 34 41 33
34 41
34 33


4904 34 41 33
34 41
34 33


4905 34 41 33
34 41
34 33


4906 34 41 33
34 41
34 33


4907 34 41 33
34 41
34 33


4908 34 41 33
34 41
34 33


4909 34 41 33
34 41
34 33


4910 34 41 33
34 41
34 33


4911 34 41 33
34 41
34 33


4912 34 41 33
34 41
34 33


4913 34 41 33
34 41
34 33


4914 34 41 33
34 41
34 33


4915 34 41 33
34 41
34 33


4916 34 41 33
34 41
34 33


4917 34 41 33
34 41
34 33


4918 34 41 33
34 41
34 33


4919 34 41 33
34 41
34 33


4920 34 41 33
34 41
34 33


4921 34 41 33
34 41
34 33


4922 34 41 33
34 41
34 33


4923 34 41 33
34 41
34 33


4924 34 41 33
34 41
34 33


4925 34 41 33
34 41
34 33


4926 34 41 33
34 41
34 33


4927 34 41 33
34 41
34 33


4928 34 41 33
34 41
34 33


4929 34 41 33
34 41
34 33


4930 34 41 33
34 41
34 33


4931 34 41 33
34 41
34 33


4932 34 41 33
34 41
34 33


4933 34 41 33
34 41
34 33


4934 34 41 33
34 41
34 33


4935 34 41 33
34 41
34 33


4936 34 41 33
34 41
34 33


4937 34 41 33
34 41
34 33


4938 34 41 33
34 41
34 33


4939 34 41 33
34 41
34 33


4940 34 41 33
34 41
34 33


4941 34 41 33
34 41
34 33


4942 34 41 33
34 41
34 33


4943 34 41 33
34 41
34 33


4944 34 41 33
34 41
34 33


4945 34 41 33
34 41
34 33


4946 34 41 33
34 41
34 33


4947 34 41 33
34 41
34 33


4948 34 41 33
34 41
34 33


4949 34 41 33
34 41
34 33


4950 34 41 33
34 41
34 33


4951 34 41 33
34 41
34 33


4952 34 41 33
34 41
34 33


4953 34 41 33
34 41
34 33


4954 34 41 33
34 41
34 33


4955 34 41 33
34 41
34 33


4956 34 41 33
34 41
34 33


6257 18 12 13
18 12
18 13


6258 18 12 13
18 12
18 13


6259 18 12 13
18 12
18 13


6260 18 12 13
18 12
18 13


6261 18 12 13
18 12
18 13


6262 18 12 13
18 12
18 13


6263 18 12 13
18 12
18 13


6264 18 12 13
18 12
18 13


6265 18 12 13
18 12
18 13


6266 18 12 13
18 12
18 13


6267 18 12 13
18 12
18 13


6268 18 12 13
18 12
18 13


6269 18 12 13
18 12
18 13


6270 18 12 13
18 12
18 13


6271 18 12 13
18 12
18 13


6272 18 12 13
18 12
18 13


6273 18 12 13
18 12
18 13


6274 18 12 13
18 12
18 13


6275 18 12 13
18 12
18 13


6276 18 12 13
18 12
18 13


6277 18 12 13
18 12
18 13


6278 18 12 13
18 12
18 13


6279 18 12 13
18 12
18 13


6280 18 12 13
18 12
18 13


6281 18 12 13
18 12
18 13


6282 18 12 13
18 12
18 13


6283 18 12 13
18 12
18 13


6284 18 12 13
18 12
18 13


6285 18 12 13
18 12
18 13


6286 18 12 13
18 12
18 13


6287 18 12 13
18 12
18 13


6288 18 12 13
18 12
18 13


6289 18 12 13
18 12
18 13


6290 18 12 13
18 12
18 13


6291 18 12 13
18 12
18 13


6292 18 12 13
18 12
18 13


6293 18 12 13
18 12
18 13


6294 18 12 13
18 12
18 13


6295 18 12 13
18 12
18 13


6296 18 12 13
18 12
18 13


6297 18 12 13
18 12
18 13


6298 18 12 13
18 12
18 13


6299 18 12 13
18 12
18 13


6300 18 12 13
18 12
18 13


6301 18 12 13
18 12
18 13


6302 18 12 13
18 12
18 13


6303 18 12 13
18 12
18 13


6304 18 12 13
18 12
18 13


6305 18 12 13
18 12
18 13


6306 18 12 13
18 12
18 13


6307 18 12 13
18 12
18 13


6308 18 12 13
18 12
18 13


6309 18 12 13
18 12
18 13


6310 18 12 13
18 12
18 13


6311 18 12 13
18 12
18 13


6312 18 12 13
18 12
18 13


6313 18 12 13
18 12
18 13


6314 18 12 13
18 12
18 13


6315 18 12 13
18 12
18 13


6316 18 12 13
18 12
18 13


6317 18 12 13
18 12
18 13


6318 18 12 13
18 12
18 13


6319 18 12 13
18 12
18 13


6320 18 12 13
18 12
18 13


6321 18 12 13
18 12
18 13


6322 18 12 13
18 12
18 13


6323 18 12 13
18 12
18 13


6324 18 12 13
18 12
18 13


6325 18 12 13
18 12
18 13


6326 18 12 13
18 12
18 13


6327 18 12 13
18 12
18 13


6328 18 12 13
18 12
18 13


6329 18 12 13
18 12
18 13


6330 18 12 13
18 12
18 13


6331 18 12 13
18 12
18 13


6332 18 12 13
18 12
18 13


6333 18 12 13
18 12
18 13


6334 18 12 13
18 12
18 13


6335 18 12 13
18 12
18 13


6336 18 12 13
18 12
18 13


6337 18 12 13
18 12
18 13


6338 18 12 13
18 12
18 13


6339 18 12 13
18 12
18 13


6340 18 12 13
18 12
18 13


6341 18 12 13
18 12
18 13


6342 18 12 13
18 12
18 13


6343 18 12 13
18 12
18 13


6344 18 12 13
18 12
18 13


6345 18 12 13
18 12
18 13


6346 18 12 13
18 12
18 13


6347 18 12 13
18 12
18 13


6348 18 12 13
18 12
18 13


6349 18 12 13
18 12
18 13


6350 18 12 13
18 12
18 13


6351 18 12 13
18 12
18 13


6352 18 12 13
18 12
18 13


6353 18 12 13
18 12
18 13


6354 18 12 13
18 12
18 13


6355 18 12 13
18 12
18 13


6356 18 12 13
18 12
18 13


6357 18 12 13
18 12
18 13


6358 18 12 13
18 12
18 13


6359 18 12 13
18 12
18 13


6360 18 12 13
18 12
18 13


6361 18 12 13
18 12
18 13


6362 18 12 13
18 12
18 13


6363 18 12 13
18 12
18 13


6364 18 12 13
18 12
18 13


6365 18 12 13
18 12
18 13


6366 18 12 13
18 12
18 13


6367 18 12 13
18 12
18 13


6368 18 12 13
18 12
18 13


6369 18 12 13
18 12
18 13


6370 18 12 13
18 12
18 13


6371 18 12 13
18 12
18 13


6372 18 12 13
18 12
18 13


6373 18 12 13
18 12
18 13


6374 18 12 13
18 12
18 13


6375 18 12 13
18 12
18 13


6376 18 12 13
18 12
18 13


6377 18 12 13
18 12
18 13


6378 18 12 13
18 12
18 13


6379 18 12 13
18 12
18 13


6380 18 12 13
18 12
18 13


6381 18 12 13
18 12
18 13


6382 18 12 13
18 12
18 13


6383 18 12 13
18 12
18 13


6384 18 12 13
18 12
18 13


