111 8 0 3 5
8 0
8 3
8 5


112 8 0 3 5
8 0
8 3
8 5


113 8 0 3 5
8 0
8 3
8 5


114 8 0 3 5
8 0
8 3
8 5


115 8 0 3 5
8 0
8 3
8 5


116 8 0 3 5
8 0
8 3
8 5


117 8 0 3 5
8 0
8 3
8 5


118 8 0 3 5
8 0
8 3
8 5


119 8 0 3 5
8 0
8 3
8 5


120 8 0 3 5
8 0
8 3
8 5


121 8 0 3 5
8 0
8 3
8 5


122 8 0 3 5
8 0
8 3
8 5


123 8 0 3 5
8 0
8 3
8 5


124 8 0 3 5
8 0
8 3
8 5


125 8 0 3 5
8 0
8 3
8 5


126 8 0 3 5
8 0
8 3
8 5


127 8 0 3 5
8 0
8 3
8 5


128 8 0 3 5
8 0
8 3
8 5


129 8 0 3 5
8 0
8 3
8 5


130 8 0 3 5
8 0
8 3
8 5


131 8 0 3 5
8 0
8 3
8 5


132 8 0 3 5
8 0
8 3
8 5


133 8 0 3 5
8 0
8 3
8 5


134 8 0 3 5
8 0
8 3
8 5


135 8 0 3 5
8 0
8 3
8 5


136 8 0 3 5
8 0
8 3
8 5


137 8 0 3 5
8 0
8 3
8 5


138 8 0 3 5
8 0
8 3
8 5


139 8 0 3 5
8 0
8 3
8 5


140 8 0 3 5
8 0
8 3
8 5


141 8 0 3 5
8 0
8 3
8 5


142 8 0 3 5
8 0
8 3
8 5


143 8 0 3 5
8 0
8 3
8 5


144 8 0 3 5
8 0
8 3
8 5


145 8 0 3 5
8 0
8 3
8 5


146 8 0 3 5
8 0
8 3
8 5


147 8 0 3 5
8 0
8 3
8 5


148 8 0 3 5
8 0
8 3
8 5


149 8 0 3 5
8 0
8 3
8 5


150 8 0 3 5
8 0
8 3
8 5


151 8 0 3 5
8 0
8 3
8 5


152 8 0 3 5
8 0
8 3
8 5


153 8 0 3 5
8 0
8 3
8 5


154 8 0 3 5
8 0
8 3
8 5


155 8 0 3 5
8 0
8 3
8 5


156 8 0 3 5
8 0
8 3
8 5


157 8 0 3 5
8 0
8 3
8 5


158 8 0 3 5
8 0
8 3
8 5


159 8 0 3 5
8 0
8 3
8 5


160 8 0 3 5
8 0
8 3
8 5


161 8 0 3 5
8 0
8 3
8 5


162 8 0 3 5
8 0
8 3
8 5


163 8 0 3 5
8 0
8 3
8 5


164 8 0 3 5
8 0
8 3
8 5


165 8 0 3 5
8 0
8 3
8 5


166 8 0 3 5
8 0
8 3
8 5


167 8 0 3 5
8 0
8 3
8 5


168 8 0 3 5
8 0
8 3
8 5


169 8 0 3 5
8 0
8 3
8 5


170 8 0 3 5
8 0
8 3
8 5


171 8 0 3 5
8 0
8 3
8 5


172 8 0 3 5
8 0
8 3
8 5


173 8 0 3 5
8 0
8 3
8 5


174 8 0 3 5
8 0
8 3
8 5


175 8 0 3 5
8 0
8 3
8 5


176 8 0 3 5
8 0
8 3
8 5


177 8 0 3 5
8 0
8 3
8 5


178 8 0 3 5
8 0
8 3
8 5


179 8 0 3 5
8 0
8 3
8 5


180 8 0 3 5
8 0
8 3
8 5


181 8 0 3 5
8 0
8 3
8 5


182 8 0 3 5
8 0
8 3
8 5


183 8 0 3 5
8 0
8 3
8 5


184 8 0 3 5
8 0
8 3
8 5


