0 3 1 6
3 1
3 6


1 3 1 6
3 1
3 6


2 3 1 6
3 1
3 6


3 3 1 6
3 1
3 6


4 3 1 6
3 1
3 6


5 3 1 6
3 1
3 6


6 3 1 6
3 1
3 6


7 3 1 6
3 1
3 6


8 3 1 6
3 1
3 6


9 3 1 6
3 1
3 6


10 3 1 6
3 1
3 6


11 3 1 6
3 1
3 6


12 3 1 6
3 1
3 6


13 3 1 6
3 1
3 6


14 3 1 6
3 1
3 6


15 3 1 6
3 1
3 6


243 0 8 7
0 8
0 7


244 0 8 7
0 8
0 7


245 0 8 7
0 8
0 7


246 0 8 7
0 8
0 7


247 0 8 7
0 8
0 7


248 0 8 7
0 8
0 7


249 0 8 7
0 8
0 7


250 0 8 7
0 8
0 7


251 0 8 7
0 8
0 7


252 0 8 7
0 8
0 7


253 0 8 7
0 8
0 7


254 0 8 7
0 8
0 7


255 0 8 7
0 8
0 7


256 0 8 7
0 8
0 7


257 0 8 7
0 8
0 7


258 0 8 7
0 8
0 7


324 4 24 21
4 24
4 21


325 4 24 21
4 24
4 21


326 4 24 21
4 24
4 21


327 4 24 21
4 24
4 21


328 4 24 21
4 24
4 21


329 4 24 21
4 24
4 21


330 4 24 21
4 24
4 21


331 4 24 21
4 24
4 21


332 4 24 21
4 24
4 21


333 4 24 21
4 24
4 21


334 4 24 21
4 24
4 21


335 4 24 21
4 24
4 21


336 4 24 21
4 24
4 21


337 4 24 21
4 24
4 21


338 4 24 21
4 24
4 21


339 4 24 21
4 24
4 21


340 4 24 21
4 24
4 21


341 4 24 21
4 24
4 21


342 4 24 21
4 24
4 21


343 4 24 21
4 24
4 21


344 4 24 21
4 24
4 21


345 4 24 21
4 24
4 21


346 4 24 21
4 24
4 21


347 4 24 21
4 24
4 21


348 4 24 21
4 24
4 21


349 4 24 21
4 24
4 21


350 4 24 21
4 24
4 21


351 4 24 21
4 24
4 21


352 4 24 21
4 24
4 21


353 4 24 21
4 24
4 21


354 4 24 21
4 24
4 21


355 4 24 21
4 24
4 21


356 4 24 21
4 24
4 21


357 4 24 21
4 24
4 21


358 4 24 21
4 24
4 21


359 4 24 21
4 24
4 21


360 4 24 21
4 24
4 21


361 4 24 21
4 24
4 21


362 4 24 21
4 24
4 21


363 4 24 21
4 24
4 21


364 4 24 21
4 24
4 21


365 4 24 21
4 24
4 21


366 4 24 21
4 24
4 21


367 4 24 21
4 24
4 21


368 4 24 21
4 24
4 21


369 4 24 21
4 24
4 21


370 4 24 21
4 24
4 21


371 4 24 21
4 24
4 21


372 4 24 21
4 24
4 21


373 4 24 21
4 24
4 21


374 4 24 21
4 24
4 21


375 4 24 21
4 24
4 21


376 4 24 21
4 24
4 21


377 4 24 21
4 24
4 21


378 4 24 21
4 24
4 21


379 4 24 21
4 24
4 21


380 4 24 21
4 24
4 21


381 4 24 21
4 24
4 21


382 4 24 21
4 24
4 21


383 4 24 21
4 24
4 21


384 4 24 21
4 24
4 21


385 4 24 21
4 24
4 21


386 4 24 21
4 24
4 21


387 4 24 21
4 24
4 21


645 9 20 0
9 20
9 0


646 9 20 0
9 20
9 0


647 9 20 0
9 20
9 0


648 9 20 0
9 20
9 0


649 9 20 0
9 20
9 0


650 9 20 0
9 20
9 0


651 9 20 0
9 20
9 0


652 9 20 0
9 20
9 0


653 9 20 0
9 20
9 0


654 9 20 0
9 20
9 0


655 9 20 0
9 20
9 0


656 9 20 0
9 20
9 0


657 9 20 0
9 20
9 0


658 9 20 0
9 20
9 0


659 9 20 0
9 20
9 0


660 9 20 0
9 20
9 0


661 9 20 0
9 20
9 0


662 9 20 0
9 20
9 0


663 9 20 0
9 20
9 0


664 9 20 0
9 20
9 0


665 9 20 0
9 20
9 0


666 9 20 0
9 20
9 0


667 9 20 0
9 20
9 0


668 9 20 0
9 20
9 0


669 9 20 0
9 20
9 0


670 9 20 0
9 20
9 0


671 9 20 0
9 20
9 0


672 9 20 0
9 20
9 0


673 9 20 0
9 20
9 0


674 9 20 0
9 20
9 0


675 9 20 0
9 20
9 0


676 9 20 0
9 20
9 0


677 9 20 0
9 20
9 0


678 9 20 0
9 20
9 0


679 9 20 0
9 20
9 0


680 9 20 0
9 20
9 0


681 9 20 0
9 20
9 0


682 9 20 0
9 20
9 0


683 9 20 0
9 20
9 0


684 9 20 0
9 20
9 0


685 9 20 0
9 20
9 0


686 9 20 0
9 20
9 0


687 9 20 0
9 20
9 0


688 9 20 0
9 20
9 0


689 9 20 0
9 20
9 0


690 9 20 0
9 20
9 0


691 9 20 0
9 20
9 0


692 9 20 0
9 20
9 0


693 9 20 0
9 20
9 0


694 9 20 0
9 20
9 0


695 9 20 0
9 20
9 0


696 9 20 0
9 20
9 0


697 9 20 0
9 20
9 0


698 9 20 0
9 20
9 0


699 9 20 0
9 20
9 0


700 9 20 0
9 20
9 0


701 9 20 0
9 20
9 0


702 9 20 0
9 20
9 0


703 9 20 0
9 20
9 0


704 9 20 0
9 20
9 0


705 9 20 0
9 20
9 0


706 9 20 0
9 20
9 0


707 9 20 0
9 20
9 0


708 9 20 0
9 20
9 0


709 9 20 0
9 20
9 0


710 9 20 0
9 20
9 0


711 9 20 0
9 20
9 0


712 9 20 0
9 20
9 0


713 9 20 0
9 20
9 0


714 9 20 0
9 20
9 0


715 9 20 0
9 20
9 0


716 9 20 0
9 20
9 0


717 9 20 0
9 20
9 0


718 9 20 0
9 20
9 0


719 9 20 0
9 20
9 0


720 9 20 0
9 20
9 0


721 9 20 0
9 20
9 0


722 9 20 0
9 20
9 0


723 9 20 0
9 20
9 0


724 9 20 0
9 20
9 0


725 9 20 0
9 20
9 0


726 9 20 0
9 20
9 0


727 9 20 0
9 20
9 0


728 9 20 0
9 20
9 0


729 9 20 0
9 20
9 0


730 9 20 0
9 20
9 0


731 9 20 0
9 20
9 0


732 9 20 0
9 20
9 0


733 9 20 0
9 20
9 0


734 9 20 0
9 20
9 0


735 9 20 0
9 20
9 0


736 9 20 0
9 20
9 0


737 9 20 0
9 20
9 0


738 9 20 0
9 20
9 0


739 9 20 0
9 20
9 0


740 9 20 0
9 20
9 0


741 9 20 0
9 20
9 0


742 9 20 0
9 20
9 0


743 9 20 0
9 20
9 0


744 9 20 0
9 20
9 0


745 9 20 0
9 20
9 0


746 9 20 0
9 20
9 0


747 9 20 0
9 20
9 0


748 9 20 0
9 20
9 0


749 9 20 0
9 20
9 0


750 9 20 0
9 20
9 0


751 9 20 0
9 20
9 0


752 9 20 0
9 20
9 0


753 9 20 0
9 20
9 0


754 9 20 0
9 20
9 0


755 9 20 0
9 20
9 0


756 9 20 0
9 20
9 0


757 9 20 0
9 20
9 0


758 9 20 0
9 20
9 0


759 9 20 0
9 20
9 0


760 9 20 0
9 20
9 0


761 9 20 0
9 20
9 0


762 9 20 0
9 20
9 0


763 9 20 0
9 20
9 0


764 9 20 0
9 20
9 0


765 9 20 0
9 20
9 0


766 9 20 0
9 20
9 0


767 9 20 0
9 20
9 0


768 9 20 0
9 20
9 0


769 9 20 0
9 20
9 0


770 9 20 0
9 20
9 0


771 9 20 0
9 20
9 0


772 9 20 0
9 20
9 0


1034 1 6 5
1 6
1 5


1035 1 6 5
1 6
1 5


1036 1 6 5
1 6
1 5


1037 1 6 5
1 6
1 5


1038 1 6 5
1 6
1 5


1039 1 6 5
1 6
1 5


1040 1 6 5
1 6
1 5


1041 1 6 5
1 6
1 5


1042 1 6 5
1 6
1 5


1043 1 6 5
1 6
1 5


1044 1 6 5
1 6
1 5


1045 1 6 5
1 6
1 5


1046 1 6 5
1 6
1 5


1047 1 6 5
1 6
1 5


1048 1 6 5
1 6
1 5


1049 1 6 5
1 6
1 5


1115 16 11 12
16 11
16 12


1116 16 11 12
16 11
16 12


1117 16 11 12
16 11
16 12


1118 16 11 12
16 11
16 12


1119 16 11 12
16 11
16 12


1120 16 11 12
16 11
16 12


1121 16 11 12
16 11
16 12


1122 16 11 12
16 11
16 12


1123 16 11 12
16 11
16 12


1124 16 11 12
16 11
16 12


1125 16 11 12
16 11
16 12


1126 16 11 12
16 11
16 12


1127 16 11 12
16 11
16 12


1128 16 11 12
16 11
16 12


1129 16 11 12
16 11
16 12


1130 16 11 12
16 11
16 12


1973 12 8 7
12 8
12 7


1974 12 8 7
12 8
12 7


1975 12 8 7
12 8
12 7


1976 12 8 7
12 8
12 7


1977 12 8 7
12 8
12 7


1978 12 8 7
12 8
12 7


1979 12 8 7
12 8
12 7


1980 12 8 7
12 8
12 7


1981 12 8 7
12 8
12 7


1982 12 8 7
12 8
12 7


1983 12 8 7
12 8
12 7


1984 12 8 7
12 8
12 7


1985 12 8 7
12 8
12 7


1986 12 8 7
12 8
12 7


1987 12 8 7
12 8
12 7


1988 12 8 7
12 8
12 7


1989 12 8 7
12 8
12 7


1990 12 8 7
12 8
12 7


1991 12 8 7
12 8
12 7


1992 12 8 7
12 8
12 7


1993 12 8 7
12 8
12 7


1994 12 8 7
12 8
12 7


1995 12 8 7
12 8
12 7


1996 12 8 7
12 8
12 7


1997 12 8 7
12 8
12 7


1998 12 8 7
12 8
12 7


1999 12 8 7
12 8
12 7


2000 12 8 7
12 8
12 7


2001 12 8 7
12 8
12 7


2002 12 8 7
12 8
12 7


2003 12 8 7
12 8
12 7


2004 12 8 7
12 8
12 7


2005 12 8 7
12 8
12 7


2006 12 8 7
12 8
12 7


2007 12 8 7
12 8
12 7


2008 12 8 7
12 8
12 7


2009 12 8 7
12 8
12 7


2010 12 8 7
12 8
12 7


2011 12 8 7
12 8
12 7


2012 12 8 7
12 8
12 7


2013 12 8 7
12 8
12 7


2014 12 8 7
12 8
12 7


2015 12 8 7
12 8
12 7


2016 12 8 7
12 8
12 7


2017 12 8 7
12 8
12 7


2018 12 8 7
12 8
12 7


2019 12 8 7
12 8
12 7


2020 12 8 7
12 8
12 7


2021 12 8 7
12 8
12 7


2022 12 8 7
12 8
12 7


2023 12 8 7
12 8
12 7


2024 12 8 7
12 8
12 7


2025 12 8 7
12 8
12 7


2026 12 8 7
12 8
12 7


2027 12 8 7
12 8
12 7


2028 12 8 7
12 8
12 7


2029 12 8 7
12 8
12 7


2030 12 8 7
12 8
12 7


2031 12 8 7
12 8
12 7


2032 12 8 7
12 8
12 7


2033 12 8 7
12 8
12 7


2034 12 8 7
12 8
12 7


2035 12 8 7
12 8
12 7


2036 12 8 7
12 8
12 7


2037 12 8 7
12 8
12 7


2038 12 8 7
12 8
12 7


2039 12 8 7
12 8
12 7


2040 12 8 7
12 8
12 7


2041 12 8 7
12 8
12 7


2042 12 8 7
12 8
12 7


2043 12 8 7
12 8
12 7


2044 12 8 7
12 8
12 7


2045 12 8 7
12 8
12 7


2046 12 8 7
12 8
12 7


2047 12 8 7
12 8
12 7


2048 12 8 7
12 8
12 7


2049 12 8 7
12 8
12 7


2050 12 8 7
12 8
12 7


2051 12 8 7
12 8
12 7


2052 12 8 7
12 8
12 7


2053 12 8 7
12 8
12 7


2054 12 8 7
12 8
12 7


2055 12 8 7
12 8
12 7


2056 12 8 7
12 8
12 7


2057 12 8 7
12 8
12 7


2058 12 8 7
12 8
12 7


2059 12 8 7
12 8
12 7


2060 12 8 7
12 8
12 7


2061 12 8 7
12 8
12 7


2062 12 8 7
12 8
12 7


2063 12 8 7
12 8
12 7


2064 12 8 7
12 8
12 7


2065 12 8 7
12 8
12 7


2066 12 8 7
12 8
12 7


2067 12 8 7
12 8
12 7


2068 12 8 7
12 8
12 7


2069 12 8 7
12 8
12 7


2070 12 8 7
12 8
12 7


2071 12 8 7
12 8
12 7


2072 12 8 7
12 8
12 7


2073 12 8 7
12 8
12 7


2074 12 8 7
12 8
12 7


2075 12 8 7
12 8
12 7


2076 12 8 7
12 8
12 7


2077 12 8 7
12 8
12 7


2078 12 8 7
12 8
12 7


2079 12 8 7
12 8
12 7


2080 12 8 7
12 8
12 7


2081 12 8 7
12 8
12 7


2082 12 8 7
12 8
12 7


2083 12 8 7
12 8
12 7


2084 12 8 7
12 8
12 7


2085 12 8 7
12 8
12 7


2086 12 8 7
12 8
12 7


2087 12 8 7
12 8
12 7


2088 12 8 7
12 8
12 7


2089 12 8 7
12 8
12 7


2090 12 8 7
12 8
12 7


2091 12 8 7
12 8
12 7


2092 12 8 7
12 8
12 7


2093 12 8 7
12 8
12 7


2094 12 8 7
12 8
12 7


2095 12 8 7
12 8
12 7


2096 12 8 7
12 8
12 7


2097 12 8 7
12 8
12 7


2098 12 8 7
12 8
12 7


2099 12 8 7
12 8
12 7


2100 12 8 7
12 8
12 7


3401 13 7 4
13 7
13 4


3402 13 7 4
13 7
13 4


3403 13 7 4
13 7
13 4


3404 13 7 4
13 7
13 4


3405 13 7 4
13 7
13 4


3406 13 7 4
13 7
13 4


3407 13 7 4
13 7
13 4


3408 13 7 4
13 7
13 4


3409 13 7 4
13 7
13 4


3410 13 7 4
13 7
13 4


3411 13 7 4
13 7
13 4


3412 13 7 4
13 7
13 4


3413 13 7 4
13 7
13 4


3414 13 7 4
13 7
13 4


3415 13 7 4
13 7
13 4


3416 13 7 4
13 7
13 4


3417 13 7 4
13 7
13 4


3418 13 7 4
13 7
13 4


3419 13 7 4
13 7
13 4


3420 13 7 4
13 7
13 4


3421 13 7 4
13 7
13 4


3422 13 7 4
13 7
13 4


3423 13 7 4
13 7
13 4


3424 13 7 4
13 7
13 4


3425 13 7 4
13 7
13 4


3426 13 7 4
13 7
13 4


3427 13 7 4
13 7
13 4


3428 13 7 4
13 7
13 4


3429 13 7 4
13 7
13 4


3430 13 7 4
13 7
13 4


3431 13 7 4
13 7
13 4


3432 13 7 4
13 7
13 4


3433 13 7 4
13 7
13 4


3434 13 7 4
13 7
13 4


3435 13 7 4
13 7
13 4


3436 13 7 4
13 7
13 4


3437 13 7 4
13 7
13 4


3438 13 7 4
13 7
13 4


3439 13 7 4
13 7
13 4


3440 13 7 4
13 7
13 4


3441 13 7 4
13 7
13 4


3442 13 7 4
13 7
13 4


3443 13 7 4
13 7
13 4


3444 13 7 4
13 7
13 4


3445 13 7 4
13 7
13 4


3446 13 7 4
13 7
13 4


3447 13 7 4
13 7
13 4


3448 13 7 4
13 7
13 4


3449 13 7 4
13 7
13 4


3450 13 7 4
13 7
13 4


3451 13 7 4
13 7
13 4


3452 13 7 4
13 7
13 4


3453 13 7 4
13 7
13 4


3454 13 7 4
13 7
13 4


3455 13 7 4
13 7
13 4


3456 13 7 4
13 7
13 4


3457 13 7 4
13 7
13 4


3458 13 7 4
13 7
13 4


3459 13 7 4
13 7
13 4


3460 13 7 4
13 7
13 4


3461 13 7 4
13 7
13 4


3462 13 7 4
13 7
13 4


3463 13 7 4
13 7
13 4


3464 13 7 4
13 7
13 4


3465 13 7 4
13 7
13 4


3466 13 7 4
13 7
13 4


3467 13 7 4
13 7
13 4


3468 13 7 4
13 7
13 4


3469 13 7 4
13 7
13 4


3470 13 7 4
13 7
13 4


3471 13 7 4
13 7
13 4


3472 13 7 4
13 7
13 4


3473 13 7 4
13 7
13 4


3474 13 7 4
13 7
13 4


3475 13 7 4
13 7
13 4


3476 13 7 4
13 7
13 4


3477 13 7 4
13 7
13 4


3478 13 7 4
13 7
13 4


3479 13 7 4
13 7
13 4


3480 13 7 4
13 7
13 4


3481 13 7 4
13 7
13 4


3482 13 7 4
13 7
13 4


3483 13 7 4
13 7
13 4


3484 13 7 4
13 7
13 4


3485 13 7 4
13 7
13 4


3486 13 7 4
13 7
13 4


3487 13 7 4
13 7
13 4


3488 13 7 4
13 7
13 4


3489 13 7 4
13 7
13 4


3490 13 7 4
13 7
13 4


3491 13 7 4
13 7
13 4


3492 13 7 4
13 7
13 4


3493 13 7 4
13 7
13 4


3494 13 7 4
13 7
13 4


3495 13 7 4
13 7
13 4


3496 13 7 4
13 7
13 4


3497 13 7 4
13 7
13 4


3498 13 7 4
13 7
13 4


3499 13 7 4
13 7
13 4


3500 13 7 4
13 7
13 4


3501 13 7 4
13 7
13 4


3502 13 7 4
13 7
13 4


3503 13 7 4
13 7
13 4


3504 13 7 4
13 7
13 4


3505 13 7 4
13 7
13 4


3506 13 7 4
13 7
13 4


3507 13 7 4
13 7
13 4


3508 13 7 4
13 7
13 4


3509 13 7 4
13 7
13 4


3510 13 7 4
13 7
13 4


3511 13 7 4
13 7
13 4


3512 13 7 4
13 7
13 4


3513 13 7 4
13 7
13 4


3514 13 7 4
13 7
13 4


3515 13 7 4
13 7
13 4


3516 13 7 4
13 7
13 4


3517 13 7 4
13 7
13 4


3518 13 7 4
13 7
13 4


3519 13 7 4
13 7
13 4


3520 13 7 4
13 7
13 4


3521 13 7 4
13 7
13 4


3522 13 7 4
13 7
13 4


3523 13 7 4
13 7
13 4


3524 13 7 4
13 7
13 4


3525 13 7 4
13 7
13 4


3526 13 7 4
13 7
13 4


3527 13 7 4
13 7
13 4


3528 13 7 4
13 7
13 4


4829 9 21 20
9 21
9 20


4830 9 21 20
9 21
9 20


4831 9 21 20
9 21
9 20


4832 9 21 20
9 21
9 20


4833 9 21 20
9 21
9 20


4834 9 21 20
9 21
9 20


4835 9 21 20
9 21
9 20


4836 9 21 20
9 21
9 20


4837 9 21 20
9 21
9 20


4838 9 21 20
9 21
9 20


4839 9 21 20
9 21
9 20


4840 9 21 20
9 21
9 20


4841 9 21 20
9 21
9 20


4842 9 21 20
9 21
9 20


4843 9 21 20
9 21
9 20


4844 9 21 20
9 21
9 20


4845 9 21 20
9 21
9 20


4846 9 21 20
9 21
9 20


4847 9 21 20
9 21
9 20


4848 9 21 20
9 21
9 20


4849 9 21 20
9 21
9 20


4850 9 21 20
9 21
9 20


4851 9 21 20
9 21
9 20


4852 9 21 20
9 21
9 20


4853 9 21 20
9 21
9 20


4854 9 21 20
9 21
9 20


4855 9 21 20
9 21
9 20


4856 9 21 20
9 21
9 20


4857 9 21 20
9 21
9 20


4858 9 21 20
9 21
9 20


4859 9 21 20
9 21
9 20


4860 9 21 20
9 21
9 20


4861 9 21 20
9 21
9 20


4862 9 21 20
9 21
9 20


4863 9 21 20
9 21
9 20


4864 9 21 20
9 21
9 20


4865 9 21 20
9 21
9 20


4866 9 21 20
9 21
9 20


4867 9 21 20
9 21
9 20


4868 9 21 20
9 21
9 20


4869 9 21 20
9 21
9 20


4870 9 21 20
9 21
9 20


4871 9 21 20
9 21
9 20


4872 9 21 20
9 21
9 20


4873 9 21 20
9 21
9 20


4874 9 21 20
9 21
9 20


4875 9 21 20
9 21
9 20


4876 9 21 20
9 21
9 20


4877 9 21 20
9 21
9 20


4878 9 21 20
9 21
9 20


4879 9 21 20
9 21
9 20


4880 9 21 20
9 21
9 20


4881 9 21 20
9 21
9 20


4882 9 21 20
9 21
9 20


4883 9 21 20
9 21
9 20


4884 9 21 20
9 21
9 20


4885 9 21 20
9 21
9 20


4886 9 21 20
9 21
9 20


4887 9 21 20
9 21
9 20


4888 9 21 20
9 21
9 20


4889 9 21 20
9 21
9 20


4890 9 21 20
9 21
9 20


4891 9 21 20
9 21
9 20


4892 9 21 20
9 21
9 20


4893 9 21 20
9 21
9 20


4894 9 21 20
9 21
9 20


4895 9 21 20
9 21
9 20


4896 9 21 20
9 21
9 20


4897 9 21 20
9 21
9 20


4898 9 21 20
9 21
9 20


4899 9 21 20
9 21
9 20


4900 9 21 20
9 21
9 20


4901 9 21 20
9 21
9 20


4902 9 21 20
9 21
9 20


4903 9 21 20
9 21
9 20


4904 9 21 20
9 21
9 20


4905 9 21 20
9 21
9 20


4906 9 21 20
9 21
9 20


4907 9 21 20
9 21
9 20


4908 9 21 20
9 21
9 20


4909 9 21 20
9 21
9 20


4910 9 21 20
9 21
9 20


4911 9 21 20
9 21
9 20


4912 9 21 20
9 21
9 20


4913 9 21 20
9 21
9 20


4914 9 21 20
9 21
9 20


4915 9 21 20
9 21
9 20


4916 9 21 20
9 21
9 20


4917 9 21 20
9 21
9 20


4918 9 21 20
9 21
9 20


4919 9 21 20
9 21
9 20


4920 9 21 20
9 21
9 20


4921 9 21 20
9 21
9 20


4922 9 21 20
9 21
9 20


4923 9 21 20
9 21
9 20


4924 9 21 20
9 21
9 20


4925 9 21 20
9 21
9 20


4926 9 21 20
9 21
9 20


4927 9 21 20
9 21
9 20


4928 9 21 20
9 21
9 20


4929 9 21 20
9 21
9 20


4930 9 21 20
9 21
9 20


4931 9 21 20
9 21
9 20


4932 9 21 20
9 21
9 20


4933 9 21 20
9 21
9 20


4934 9 21 20
9 21
9 20


4935 9 21 20
9 21
9 20


4936 9 21 20
9 21
9 20


4937 9 21 20
9 21
9 20


4938 9 21 20
9 21
9 20


4939 9 21 20
9 21
9 20


4940 9 21 20
9 21
9 20


4941 9 21 20
9 21
9 20


4942 9 21 20
9 21
9 20


4943 9 21 20
9 21
9 20


4944 9 21 20
9 21
9 20


4945 9 21 20
9 21
9 20


4946 9 21 20
9 21
9 20


4947 9 21 20
9 21
9 20


4948 9 21 20
9 21
9 20


4949 9 21 20
9 21
9 20


4950 9 21 20
9 21
9 20


4951 9 21 20
9 21
9 20


4952 9 21 20
9 21
9 20


4953 9 21 20
9 21
9 20


4954 9 21 20
9 21
9 20


4955 9 21 20
9 21
9 20


4956 9 21 20
9 21
9 20


6257 24 1 6
24 1
24 6


6258 24 1 6
24 1
24 6


6259 24 1 6
24 1
24 6


6260 24 1 6
24 1
24 6


6261 24 1 6
24 1
24 6


6262 24 1 6
24 1
24 6


6263 24 1 6
24 1
24 6


6264 24 1 6
24 1
24 6


6265 24 1 6
24 1
24 6


6266 24 1 6
24 1
24 6


6267 24 1 6
24 1
24 6


6268 24 1 6
24 1
24 6


6269 24 1 6
24 1
24 6


6270 24 1 6
24 1
24 6


6271 24 1 6
24 1
24 6


6272 24 1 6
24 1
24 6


6273 24 1 6
24 1
24 6


6274 24 1 6
24 1
24 6


6275 24 1 6
24 1
24 6


6276 24 1 6
24 1
24 6


6277 24 1 6
24 1
24 6


6278 24 1 6
24 1
24 6


6279 24 1 6
24 1
24 6


6280 24 1 6
24 1
24 6


6281 24 1 6
24 1
24 6


6282 24 1 6
24 1
24 6


6283 24 1 6
24 1
24 6


6284 24 1 6
24 1
24 6


6285 24 1 6
24 1
24 6


6286 24 1 6
24 1
24 6


6287 24 1 6
24 1
24 6


6288 24 1 6
24 1
24 6


6289 24 1 6
24 1
24 6


6290 24 1 6
24 1
24 6


6291 24 1 6
24 1
24 6


6292 24 1 6
24 1
24 6


6293 24 1 6
24 1
24 6


6294 24 1 6
24 1
24 6


6295 24 1 6
24 1
24 6


6296 24 1 6
24 1
24 6


6297 24 1 6
24 1
24 6


6298 24 1 6
24 1
24 6


6299 24 1 6
24 1
24 6


6300 24 1 6
24 1
24 6


6301 24 1 6
24 1
24 6


6302 24 1 6
24 1
24 6


6303 24 1 6
24 1
24 6


6304 24 1 6
24 1
24 6


6305 24 1 6
24 1
24 6


6306 24 1 6
24 1
24 6


6307 24 1 6
24 1
24 6


6308 24 1 6
24 1
24 6


6309 24 1 6
24 1
24 6


6310 24 1 6
24 1
24 6


6311 24 1 6
24 1
24 6


6312 24 1 6
24 1
24 6


6313 24 1 6
24 1
24 6


6314 24 1 6
24 1
24 6


6315 24 1 6
24 1
24 6


6316 24 1 6
24 1
24 6


6317 24 1 6
24 1
24 6


6318 24 1 6
24 1
24 6


6319 24 1 6
24 1
24 6


6320 24 1 6
24 1
24 6


6321 24 1 6
24 1
24 6


6322 24 1 6
24 1
24 6


6323 24 1 6
24 1
24 6


6324 24 1 6
24 1
24 6


6325 24 1 6
24 1
24 6


6326 24 1 6
24 1
24 6


6327 24 1 6
24 1
24 6


6328 24 1 6
24 1
24 6


6329 24 1 6
24 1
24 6


6330 24 1 6
24 1
24 6


6331 24 1 6
24 1
24 6


6332 24 1 6
24 1
24 6


6333 24 1 6
24 1
24 6


6334 24 1 6
24 1
24 6


6335 24 1 6
24 1
24 6


6336 24 1 6
24 1
24 6


6337 24 1 6
24 1
24 6


6338 24 1 6
24 1
24 6


6339 24 1 6
24 1
24 6


6340 24 1 6
24 1
24 6


6341 24 1 6
24 1
24 6


6342 24 1 6
24 1
24 6


6343 24 1 6
24 1
24 6


6344 24 1 6
24 1
24 6


6345 24 1 6
24 1
24 6


6346 24 1 6
24 1
24 6


6347 24 1 6
24 1
24 6


6348 24 1 6
24 1
24 6


6349 24 1 6
24 1
24 6


6350 24 1 6
24 1
24 6


6351 24 1 6
24 1
24 6


6352 24 1 6
24 1
24 6


6353 24 1 6
24 1
24 6


6354 24 1 6
24 1
24 6


6355 24 1 6
24 1
24 6


6356 24 1 6
24 1
24 6


6357 24 1 6
24 1
24 6


6358 24 1 6
24 1
24 6


6359 24 1 6
24 1
24 6


6360 24 1 6
24 1
24 6


6361 24 1 6
24 1
24 6


6362 24 1 6
24 1
24 6


6363 24 1 6
24 1
24 6


6364 24 1 6
24 1
24 6


6365 24 1 6
24 1
24 6


6366 24 1 6
24 1
24 6


6367 24 1 6
24 1
24 6


6368 24 1 6
24 1
24 6


6369 24 1 6
24 1
24 6


6370 24 1 6
24 1
24 6


6371 24 1 6
24 1
24 6


6372 24 1 6
24 1
24 6


6373 24 1 6
24 1
24 6


6374 24 1 6
24 1
24 6


6375 24 1 6
24 1
24 6


6376 24 1 6
24 1
24 6


6377 24 1 6
24 1
24 6


6378 24 1 6
24 1
24 6


6379 24 1 6
24 1
24 6


6380 24 1 6
24 1
24 6


6381 24 1 6
24 1
24 6


6382 24 1 6
24 1
24 6


6383 24 1 6
24 1
24 6


6384 24 1 6
24 1
24 6


