0 4 1 8
4 1
4 8


1 4 1 8
4 1
4 8


2 4 1 8
4 1
4 8


3 4 1 8
4 1
4 8


4 4 1 8
4 1
4 8


5 4 1 8
4 1
4 8


6 4 1 8
4 1
4 8


7 4 1 8
4 1
4 8


8 4 1 8
4 1
4 8


9 4 1 8
4 1
4 8


10 4 1 8
4 1
4 8


11 4 1 8
4 1
4 8


12 4 1 8
4 1
4 8


13 4 1 8
4 1
4 8


14 4 1 8
4 1
4 8


15 4 1 8
4 1
4 8


81 0 30 37
0 30
0 37


82 0 30 37
0 30
0 37


83 0 30 37
0 30
0 37


84 0 30 37
0 30
0 37


85 0 30 37
0 30
0 37


86 0 30 37
0 30
0 37


87 0 30 37
0 30
0 37


88 0 30 37
0 30
0 37


89 0 30 37
0 30
0 37


90 0 30 37
0 30
0 37


91 0 30 37
0 30
0 37


92 0 30 37
0 30
0 37


93 0 30 37
0 30
0 37


94 0 30 37
0 30
0 37


95 0 30 37
0 30
0 37


96 0 30 37
0 30
0 37


162 31 40 33
31 40
31 33


163 31 40 33
31 40
31 33


164 31 40 33
31 40
31 33


165 31 40 33
31 40
31 33


166 31 40 33
31 40
31 33


167 31 40 33
31 40
31 33


168 31 40 33
31 40
31 33


169 31 40 33
31 40
31 33


170 31 40 33
31 40
31 33


171 31 40 33
31 40
31 33


172 31 40 33
31 40
31 33


173 31 40 33
31 40
31 33


174 31 40 33
31 40
31 33


175 31 40 33
31 40
31 33


176 31 40 33
31 40
31 33


177 31 40 33
31 40
31 33


243 39 35 42
39 35
39 42


244 39 35 42
39 35
39 42


245 39 35 42
39 35
39 42


246 39 35 42
39 35
39 42


247 39 35 42
39 35
39 42


248 39 35 42
39 35
39 42


249 39 35 42
39 35
39 42


250 39 35 42
39 35
39 42


251 39 35 42
39 35
39 42


252 39 35 42
39 35
39 42


253 39 35 42
39 35
39 42


254 39 35 42
39 35
39 42


255 39 35 42
39 35
39 42


256 39 35 42
39 35
39 42


257 39 35 42
39 35
39 42


258 39 35 42
39 35
39 42


324 29 0 1
29 0
29 1


325 29 0 1
29 0
29 1


326 29 0 1
29 0
29 1


327 29 0 1
29 0
29 1


328 29 0 1
29 0
29 1


329 29 0 1
29 0
29 1


330 29 0 1
29 0
29 1


331 29 0 1
29 0
29 1


332 29 0 1
29 0
29 1


333 29 0 1
29 0
29 1


334 29 0 1
29 0
29 1


335 29 0 1
29 0
29 1


336 29 0 1
29 0
29 1


337 29 0 1
29 0
29 1


338 29 0 1
29 0
29 1


339 29 0 1
29 0
29 1


340 29 0 1
29 0
29 1


341 29 0 1
29 0
29 1


342 29 0 1
29 0
29 1


343 29 0 1
29 0
29 1


344 29 0 1
29 0
29 1


345 29 0 1
29 0
29 1


346 29 0 1
29 0
29 1


347 29 0 1
29 0
29 1


348 29 0 1
29 0
29 1


349 29 0 1
29 0
29 1


350 29 0 1
29 0
29 1


351 29 0 1
29 0
29 1


352 29 0 1
29 0
29 1


353 29 0 1
29 0
29 1


354 29 0 1
29 0
29 1


355 29 0 1
29 0
29 1


356 29 0 1
29 0
29 1


357 29 0 1
29 0
29 1


358 29 0 1
29 0
29 1


359 29 0 1
29 0
29 1


360 29 0 1
29 0
29 1


361 29 0 1
29 0
29 1


362 29 0 1
29 0
29 1


363 29 0 1
29 0
29 1


364 29 0 1
29 0
29 1


365 29 0 1
29 0
29 1


366 29 0 1
29 0
29 1


367 29 0 1
29 0
29 1


368 29 0 1
29 0
29 1


369 29 0 1
29 0
29 1


370 29 0 1
29 0
29 1


371 29 0 1
29 0
29 1


372 29 0 1
29 0
29 1


373 29 0 1
29 0
29 1


374 29 0 1
29 0
29 1


375 29 0 1
29 0
29 1


376 29 0 1
29 0
29 1


377 29 0 1
29 0
29 1


378 29 0 1
29 0
29 1


379 29 0 1
29 0
29 1


380 29 0 1
29 0
29 1


381 29 0 1
29 0
29 1


382 29 0 1
29 0
29 1


383 29 0 1
29 0
29 1


384 29 0 1
29 0
29 1


385 29 0 1
29 0
29 1


386 29 0 1
29 0
29 1


387 29 0 1
29 0
29 1


645 43 7 14
43 7
43 14


646 43 7 14
43 7
43 14


647 43 7 14
43 7
43 14


648 43 7 14
43 7
43 14


649 43 7 14
43 7
43 14


650 43 7 14
43 7
43 14


651 43 7 14
43 7
43 14


652 43 7 14
43 7
43 14


653 43 7 14
43 7
43 14


654 43 7 14
43 7
43 14


655 43 7 14
43 7
43 14


656 43 7 14
43 7
43 14


657 43 7 14
43 7
43 14


658 43 7 14
43 7
43 14


659 43 7 14
43 7
43 14


660 43 7 14
43 7
43 14


661 43 7 14
43 7
43 14


662 43 7 14
43 7
43 14


663 43 7 14
43 7
43 14


664 43 7 14
43 7
43 14


665 43 7 14
43 7
43 14


666 43 7 14
43 7
43 14


667 43 7 14
43 7
43 14


668 43 7 14
43 7
43 14


669 43 7 14
43 7
43 14


670 43 7 14
43 7
43 14


671 43 7 14
43 7
43 14


672 43 7 14
43 7
43 14


673 43 7 14
43 7
43 14


674 43 7 14
43 7
43 14


675 43 7 14
43 7
43 14


676 43 7 14
43 7
43 14


677 43 7 14
43 7
43 14


678 43 7 14
43 7
43 14


679 43 7 14
43 7
43 14


680 43 7 14
43 7
43 14


681 43 7 14
43 7
43 14


682 43 7 14
43 7
43 14


683 43 7 14
43 7
43 14


684 43 7 14
43 7
43 14


685 43 7 14
43 7
43 14


686 43 7 14
43 7
43 14


687 43 7 14
43 7
43 14


688 43 7 14
43 7
43 14


689 43 7 14
43 7
43 14


690 43 7 14
43 7
43 14


691 43 7 14
43 7
43 14


692 43 7 14
43 7
43 14


693 43 7 14
43 7
43 14


694 43 7 14
43 7
43 14


695 43 7 14
43 7
43 14


696 43 7 14
43 7
43 14


697 43 7 14
43 7
43 14


698 43 7 14
43 7
43 14


699 43 7 14
43 7
43 14


700 43 7 14
43 7
43 14


701 43 7 14
43 7
43 14


702 43 7 14
43 7
43 14


703 43 7 14
43 7
43 14


704 43 7 14
43 7
43 14


705 43 7 14
43 7
43 14


706 43 7 14
43 7
43 14


707 43 7 14
43 7
43 14


708 43 7 14
43 7
43 14


709 43 7 14
43 7
43 14


710 43 7 14
43 7
43 14


711 43 7 14
43 7
43 14


712 43 7 14
43 7
43 14


713 43 7 14
43 7
43 14


714 43 7 14
43 7
43 14


715 43 7 14
43 7
43 14


716 43 7 14
43 7
43 14


717 43 7 14
43 7
43 14


718 43 7 14
43 7
43 14


719 43 7 14
43 7
43 14


720 43 7 14
43 7
43 14


721 43 7 14
43 7
43 14


722 43 7 14
43 7
43 14


723 43 7 14
43 7
43 14


724 43 7 14
43 7
43 14


725 43 7 14
43 7
43 14


726 43 7 14
43 7
43 14


727 43 7 14
43 7
43 14


728 43 7 14
43 7
43 14


729 43 7 14
43 7
43 14


730 43 7 14
43 7
43 14


731 43 7 14
43 7
43 14


732 43 7 14
43 7
43 14


733 43 7 14
43 7
43 14


734 43 7 14
43 7
43 14


735 43 7 14
43 7
43 14


736 43 7 14
43 7
43 14


737 43 7 14
43 7
43 14


738 43 7 14
43 7
43 14


739 43 7 14
43 7
43 14


740 43 7 14
43 7
43 14


741 43 7 14
43 7
43 14


742 43 7 14
43 7
43 14


743 43 7 14
43 7
43 14


744 43 7 14
43 7
43 14


745 43 7 14
43 7
43 14


746 43 7 14
43 7
43 14


747 43 7 14
43 7
43 14


748 43 7 14
43 7
43 14


749 43 7 14
43 7
43 14


750 43 7 14
43 7
43 14


751 43 7 14
43 7
43 14


752 43 7 14
43 7
43 14


753 43 7 14
43 7
43 14


754 43 7 14
43 7
43 14


755 43 7 14
43 7
43 14


756 43 7 14
43 7
43 14


757 43 7 14
43 7
43 14


758 43 7 14
43 7
43 14


759 43 7 14
43 7
43 14


760 43 7 14
43 7
43 14


761 43 7 14
43 7
43 14


762 43 7 14
43 7
43 14


763 43 7 14
43 7
43 14


764 43 7 14
43 7
43 14


765 43 7 14
43 7
43 14


766 43 7 14
43 7
43 14


767 43 7 14
43 7
43 14


768 43 7 14
43 7
43 14


769 43 7 14
43 7
43 14


770 43 7 14
43 7
43 14


771 43 7 14
43 7
43 14


772 43 7 14
43 7
43 14


1034 8 15 16
8 15
8 16


1035 8 15 16
8 15
8 16


1036 8 15 16
8 15
8 16


1037 8 15 16
8 15
8 16


1038 8 15 16
8 15
8 16


1039 8 15 16
8 15
8 16


1040 8 15 16
8 15
8 16


1041 8 15 16
8 15
8 16


1042 8 15 16
8 15
8 16


1043 8 15 16
8 15
8 16


1044 8 15 16
8 15
8 16


1045 8 15 16
8 15
8 16


1046 8 15 16
8 15
8 16


1047 8 15 16
8 15
8 16


1048 8 15 16
8 15
8 16


1049 8 15 16
8 15
8 16


1115 22 24 17
22 24
22 17


1116 22 24 17
22 24
22 17


1117 22 24 17
22 24
22 17


1118 22 24 17
22 24
22 17


1119 22 24 17
22 24
22 17


1120 22 24 17
22 24
22 17


1121 22 24 17
22 24
22 17


1122 22 24 17
22 24
22 17


1123 22 24 17
22 24
22 17


1124 22 24 17
22 24
22 17


1125 22 24 17
22 24
22 17


1126 22 24 17
22 24
22 17


1127 22 24 17
22 24
22 17


1128 22 24 17
22 24
22 17


1129 22 24 17
22 24
22 17


1130 22 24 17
22 24
22 17


1973 15 17 10
15 17
15 10


1974 15 17 10
15 17
15 10


1975 15 17 10
15 17
15 10


1976 15 17 10
15 17
15 10


1977 15 17 10
15 17
15 10


1978 15 17 10
15 17
15 10


1979 15 17 10
15 17
15 10


1980 15 17 10
15 17
15 10


1981 15 17 10
15 17
15 10


1982 15 17 10
15 17
15 10


1983 15 17 10
15 17
15 10


1984 15 17 10
15 17
15 10


1985 15 17 10
15 17
15 10


1986 15 17 10
15 17
15 10


1987 15 17 10
15 17
15 10


1988 15 17 10
15 17
15 10


1989 15 17 10
15 17
15 10


1990 15 17 10
15 17
15 10


1991 15 17 10
15 17
15 10


1992 15 17 10
15 17
15 10


1993 15 17 10
15 17
15 10


1994 15 17 10
15 17
15 10


1995 15 17 10
15 17
15 10


1996 15 17 10
15 17
15 10


1997 15 17 10
15 17
15 10


1998 15 17 10
15 17
15 10


1999 15 17 10
15 17
15 10


2000 15 17 10
15 17
15 10


2001 15 17 10
15 17
15 10


2002 15 17 10
15 17
15 10


2003 15 17 10
15 17
15 10


2004 15 17 10
15 17
15 10


2005 15 17 10
15 17
15 10


2006 15 17 10
15 17
15 10


2007 15 17 10
15 17
15 10


2008 15 17 10
15 17
15 10


2009 15 17 10
15 17
15 10


2010 15 17 10
15 17
15 10


2011 15 17 10
15 17
15 10


2012 15 17 10
15 17
15 10


2013 15 17 10
15 17
15 10


2014 15 17 10
15 17
15 10


2015 15 17 10
15 17
15 10


2016 15 17 10
15 17
15 10


2017 15 17 10
15 17
15 10


2018 15 17 10
15 17
15 10


2019 15 17 10
15 17
15 10


2020 15 17 10
15 17
15 10


2021 15 17 10
15 17
15 10


2022 15 17 10
15 17
15 10


2023 15 17 10
15 17
15 10


2024 15 17 10
15 17
15 10


2025 15 17 10
15 17
15 10


2026 15 17 10
15 17
15 10


2027 15 17 10
15 17
15 10


2028 15 17 10
15 17
15 10


2029 15 17 10
15 17
15 10


2030 15 17 10
15 17
15 10


2031 15 17 10
15 17
15 10


2032 15 17 10
15 17
15 10


2033 15 17 10
15 17
15 10


2034 15 17 10
15 17
15 10


2035 15 17 10
15 17
15 10


2036 15 17 10
15 17
15 10


2037 15 17 10
15 17
15 10


2038 15 17 10
15 17
15 10


2039 15 17 10
15 17
15 10


2040 15 17 10
15 17
15 10


2041 15 17 10
15 17
15 10


2042 15 17 10
15 17
15 10


2043 15 17 10
15 17
15 10


2044 15 17 10
15 17
15 10


2045 15 17 10
15 17
15 10


2046 15 17 10
15 17
15 10


2047 15 17 10
15 17
15 10


2048 15 17 10
15 17
15 10


2049 15 17 10
15 17
15 10


2050 15 17 10
15 17
15 10


2051 15 17 10
15 17
15 10


2052 15 17 10
15 17
15 10


2053 15 17 10
15 17
15 10


2054 15 17 10
15 17
15 10


2055 15 17 10
15 17
15 10


2056 15 17 10
15 17
15 10


2057 15 17 10
15 17
15 10


2058 15 17 10
15 17
15 10


2059 15 17 10
15 17
15 10


2060 15 17 10
15 17
15 10


2061 15 17 10
15 17
15 10


2062 15 17 10
15 17
15 10


2063 15 17 10
15 17
15 10


2064 15 17 10
15 17
15 10


2065 15 17 10
15 17
15 10


2066 15 17 10
15 17
15 10


2067 15 17 10
15 17
15 10


2068 15 17 10
15 17
15 10


2069 15 17 10
15 17
15 10


2070 15 17 10
15 17
15 10


2071 15 17 10
15 17
15 10


2072 15 17 10
15 17
15 10


2073 15 17 10
15 17
15 10


2074 15 17 10
15 17
15 10


2075 15 17 10
15 17
15 10


2076 15 17 10
15 17
15 10


2077 15 17 10
15 17
15 10


2078 15 17 10
15 17
15 10


2079 15 17 10
15 17
15 10


2080 15 17 10
15 17
15 10


2081 15 17 10
15 17
15 10


2082 15 17 10
15 17
15 10


2083 15 17 10
15 17
15 10


2084 15 17 10
15 17
15 10


2085 15 17 10
15 17
15 10


2086 15 17 10
15 17
15 10


2087 15 17 10
15 17
15 10


2088 15 17 10
15 17
15 10


2089 15 17 10
15 17
15 10


2090 15 17 10
15 17
15 10


2091 15 17 10
15 17
15 10


2092 15 17 10
15 17
15 10


2093 15 17 10
15 17
15 10


2094 15 17 10
15 17
15 10


2095 15 17 10
15 17
15 10


2096 15 17 10
15 17
15 10


2097 15 17 10
15 17
15 10


2098 15 17 10
15 17
15 10


2099 15 17 10
15 17
15 10


2100 15 17 10
15 17
15 10


3401 32 41 48
32 41
32 48


3402 32 41 48
32 41
32 48


3403 32 41 48
32 41
32 48


3404 32 41 48
32 41
32 48


3405 32 41 48
32 41
32 48


3406 32 41 48
32 41
32 48


3407 32 41 48
32 41
32 48


3408 32 41 48
32 41
32 48


3409 32 41 48
32 41
32 48


3410 32 41 48
32 41
32 48


3411 32 41 48
32 41
32 48


3412 32 41 48
32 41
32 48


3413 32 41 48
32 41
32 48


3414 32 41 48
32 41
32 48


3415 32 41 48
32 41
32 48


3416 32 41 48
32 41
32 48


3417 32 41 48
32 41
32 48


3418 32 41 48
32 41
32 48


3419 32 41 48
32 41
32 48


3420 32 41 48
32 41
32 48


3421 32 41 48
32 41
32 48


3422 32 41 48
32 41
32 48


3423 32 41 48
32 41
32 48


3424 32 41 48
32 41
32 48


3425 32 41 48
32 41
32 48


3426 32 41 48
32 41
32 48


3427 32 41 48
32 41
32 48


3428 32 41 48
32 41
32 48


3429 32 41 48
32 41
32 48


3430 32 41 48
32 41
32 48


3431 32 41 48
32 41
32 48


3432 32 41 48
32 41
32 48


3433 32 41 48
32 41
32 48


3434 32 41 48
32 41
32 48


3435 32 41 48
32 41
32 48


3436 32 41 48
32 41
32 48


3437 32 41 48
32 41
32 48


3438 32 41 48
32 41
32 48


3439 32 41 48
32 41
32 48


3440 32 41 48
32 41
32 48


3441 32 41 48
32 41
32 48


3442 32 41 48
32 41
32 48


3443 32 41 48
32 41
32 48


3444 32 41 48
32 41
32 48


3445 32 41 48
32 41
32 48


3446 32 41 48
32 41
32 48


3447 32 41 48
32 41
32 48


3448 32 41 48
32 41
32 48


3449 32 41 48
32 41
32 48


3450 32 41 48
32 41
32 48


3451 32 41 48
32 41
32 48


3452 32 41 48
32 41
32 48


3453 32 41 48
32 41
32 48


3454 32 41 48
32 41
32 48


3455 32 41 48
32 41
32 48


3456 32 41 48
32 41
32 48


3457 32 41 48
32 41
32 48


3458 32 41 48
32 41
32 48


3459 32 41 48
32 41
32 48


3460 32 41 48
32 41
32 48


3461 32 41 48
32 41
32 48


3462 32 41 48
32 41
32 48


3463 32 41 48
32 41
32 48


3464 32 41 48
32 41
32 48


3465 32 41 48
32 41
32 48


3466 32 41 48
32 41
32 48


3467 32 41 48
32 41
32 48


3468 32 41 48
32 41
32 48


3469 32 41 48
32 41
32 48


3470 32 41 48
32 41
32 48


3471 32 41 48
32 41
32 48


3472 32 41 48
32 41
32 48


3473 32 41 48
32 41
32 48


3474 32 41 48
32 41
32 48


3475 32 41 48
32 41
32 48


3476 32 41 48
32 41
32 48


3477 32 41 48
32 41
32 48


3478 32 41 48
32 41
32 48


3479 32 41 48
32 41
32 48


3480 32 41 48
32 41
32 48


3481 32 41 48
32 41
32 48


3482 32 41 48
32 41
32 48


3483 32 41 48
32 41
32 48


3484 32 41 48
32 41
32 48


3485 32 41 48
32 41
32 48


3486 32 41 48
32 41
32 48


3487 32 41 48
32 41
32 48


3488 32 41 48
32 41
32 48


3489 32 41 48
32 41
32 48


3490 32 41 48
32 41
32 48


3491 32 41 48
32 41
32 48


3492 32 41 48
32 41
32 48


3493 32 41 48
32 41
32 48


3494 32 41 48
32 41
32 48


3495 32 41 48
32 41
32 48


3496 32 41 48
32 41
32 48


3497 32 41 48
32 41
32 48


3498 32 41 48
32 41
32 48


3499 32 41 48
32 41
32 48


3500 32 41 48
32 41
32 48


3501 32 41 48
32 41
32 48


3502 32 41 48
32 41
32 48


3503 32 41 48
32 41
32 48


3504 32 41 48
32 41
32 48


3505 32 41 48
32 41
32 48


3506 32 41 48
32 41
32 48


3507 32 41 48
32 41
32 48


3508 32 41 48
32 41
32 48


3509 32 41 48
32 41
32 48


3510 32 41 48
32 41
32 48


3511 32 41 48
32 41
32 48


3512 32 41 48
32 41
32 48


3513 32 41 48
32 41
32 48


3514 32 41 48
32 41
32 48


3515 32 41 48
32 41
32 48


3516 32 41 48
32 41
32 48


3517 32 41 48
32 41
32 48


3518 32 41 48
32 41
32 48


3519 32 41 48
32 41
32 48


3520 32 41 48
32 41
32 48


3521 32 41 48
32 41
32 48


3522 32 41 48
32 41
32 48


3523 32 41 48
32 41
32 48


3524 32 41 48
32 41
32 48


3525 32 41 48
32 41
32 48


3526 32 41 48
32 41
32 48


3527 32 41 48
32 41
32 48


3528 32 41 48
32 41
32 48


4829 14 23 24
14 23
14 24


4830 14 23 24
14 23
14 24


4831 14 23 24
14 23
14 24


4832 14 23 24
14 23
14 24


4833 14 23 24
14 23
14 24


4834 14 23 24
14 23
14 24


4835 14 23 24
14 23
14 24


4836 14 23 24
14 23
14 24


4837 14 23 24
14 23
14 24


4838 14 23 24
14 23
14 24


4839 14 23 24
14 23
14 24


4840 14 23 24
14 23
14 24


4841 14 23 24
14 23
14 24


4842 14 23 24
14 23
14 24


4843 14 23 24
14 23
14 24


4844 14 23 24
14 23
14 24


4845 14 23 24
14 23
14 24


4846 14 23 24
14 23
14 24


4847 14 23 24
14 23
14 24


4848 14 23 24
14 23
14 24


4849 14 23 24
14 23
14 24


4850 14 23 24
14 23
14 24


4851 14 23 24
14 23
14 24


4852 14 23 24
14 23
14 24


4853 14 23 24
14 23
14 24


4854 14 23 24
14 23
14 24


4855 14 23 24
14 23
14 24


4856 14 23 24
14 23
14 24


4857 14 23 24
14 23
14 24


4858 14 23 24
14 23
14 24


4859 14 23 24
14 23
14 24


4860 14 23 24
14 23
14 24


4861 14 23 24
14 23
14 24


4862 14 23 24
14 23
14 24


4863 14 23 24
14 23
14 24


4864 14 23 24
14 23
14 24


4865 14 23 24
14 23
14 24


4866 14 23 24
14 23
14 24


4867 14 23 24
14 23
14 24


4868 14 23 24
14 23
14 24


4869 14 23 24
14 23
14 24


4870 14 23 24
14 23
14 24


4871 14 23 24
14 23
14 24


4872 14 23 24
14 23
14 24


4873 14 23 24
14 23
14 24


4874 14 23 24
14 23
14 24


4875 14 23 24
14 23
14 24


4876 14 23 24
14 23
14 24


4877 14 23 24
14 23
14 24


4878 14 23 24
14 23
14 24


4879 14 23 24
14 23
14 24


4880 14 23 24
14 23
14 24


4881 14 23 24
14 23
14 24


4882 14 23 24
14 23
14 24


4883 14 23 24
14 23
14 24


4884 14 23 24
14 23
14 24


4885 14 23 24
14 23
14 24


4886 14 23 24
14 23
14 24


4887 14 23 24
14 23
14 24


4888 14 23 24
14 23
14 24


4889 14 23 24
14 23
14 24


4890 14 23 24
14 23
14 24


4891 14 23 24
14 23
14 24


4892 14 23 24
14 23
14 24


4893 14 23 24
14 23
14 24


4894 14 23 24
14 23
14 24


4895 14 23 24
14 23
14 24


4896 14 23 24
14 23
14 24


4897 14 23 24
14 23
14 24


4898 14 23 24
14 23
14 24


4899 14 23 24
14 23
14 24


4900 14 23 24
14 23
14 24


4901 14 23 24
14 23
14 24


4902 14 23 24
14 23
14 24


4903 14 23 24
14 23
14 24


4904 14 23 24
14 23
14 24


4905 14 23 24
14 23
14 24


4906 14 23 24
14 23
14 24


4907 14 23 24
14 23
14 24


4908 14 23 24
14 23
14 24


4909 14 23 24
14 23
14 24


4910 14 23 24
14 23
14 24


4911 14 23 24
14 23
14 24


4912 14 23 24
14 23
14 24


4913 14 23 24
14 23
14 24


4914 14 23 24
14 23
14 24


4915 14 23 24
14 23
14 24


4916 14 23 24
14 23
14 24


4917 14 23 24
14 23
14 24


4918 14 23 24
14 23
14 24


4919 14 23 24
14 23
14 24


4920 14 23 24
14 23
14 24


4921 14 23 24
14 23
14 24


4922 14 23 24
14 23
14 24


4923 14 23 24
14 23
14 24


4924 14 23 24
14 23
14 24


4925 14 23 24
14 23
14 24


4926 14 23 24
14 23
14 24


4927 14 23 24
14 23
14 24


4928 14 23 24
14 23
14 24


4929 14 23 24
14 23
14 24


4930 14 23 24
14 23
14 24


4931 14 23 24
14 23
14 24


4932 14 23 24
14 23
14 24


4933 14 23 24
14 23
14 24


4934 14 23 24
14 23
14 24


4935 14 23 24
14 23
14 24


4936 14 23 24
14 23
14 24


4937 14 23 24
14 23
14 24


4938 14 23 24
14 23
14 24


4939 14 23 24
14 23
14 24


4940 14 23 24
14 23
14 24


4941 14 23 24
14 23
14 24


4942 14 23 24
14 23
14 24


4943 14 23 24
14 23
14 24


4944 14 23 24
14 23
14 24


4945 14 23 24
14 23
14 24


4946 14 23 24
14 23
14 24


4947 14 23 24
14 23
14 24


4948 14 23 24
14 23
14 24


4949 14 23 24
14 23
14 24


4950 14 23 24
14 23
14 24


4951 14 23 24
14 23
14 24


4952 14 23 24
14 23
14 24


4953 14 23 24
14 23
14 24


4954 14 23 24
14 23
14 24


4955 14 23 24
14 23
14 24


4956 14 23 24
14 23
14 24


6257 18 48 47
18 48
18 47


6258 18 48 47
18 48
18 47


6259 18 48 47
18 48
18 47


6260 18 48 47
18 48
18 47


6261 18 48 47
18 48
18 47


6262 18 48 47
18 48
18 47


6263 18 48 47
18 48
18 47


6264 18 48 47
18 48
18 47


6265 18 48 47
18 48
18 47


6266 18 48 47
18 48
18 47


6267 18 48 47
18 48
18 47


6268 18 48 47
18 48
18 47


6269 18 48 47
18 48
18 47


6270 18 48 47
18 48
18 47


6271 18 48 47
18 48
18 47


6272 18 48 47
18 48
18 47


6273 18 48 47
18 48
18 47


6274 18 48 47
18 48
18 47


6275 18 48 47
18 48
18 47


6276 18 48 47
18 48
18 47


6277 18 48 47
18 48
18 47


6278 18 48 47
18 48
18 47


6279 18 48 47
18 48
18 47


6280 18 48 47
18 48
18 47


6281 18 48 47
18 48
18 47


6282 18 48 47
18 48
18 47


6283 18 48 47
18 48
18 47


6284 18 48 47
18 48
18 47


6285 18 48 47
18 48
18 47


6286 18 48 47
18 48
18 47


6287 18 48 47
18 48
18 47


6288 18 48 47
18 48
18 47


6289 18 48 47
18 48
18 47


6290 18 48 47
18 48
18 47


6291 18 48 47
18 48
18 47


6292 18 48 47
18 48
18 47


6293 18 48 47
18 48
18 47


6294 18 48 47
18 48
18 47


6295 18 48 47
18 48
18 47


6296 18 48 47
18 48
18 47


6297 18 48 47
18 48
18 47


6298 18 48 47
18 48
18 47


6299 18 48 47
18 48
18 47


6300 18 48 47
18 48
18 47


6301 18 48 47
18 48
18 47


6302 18 48 47
18 48
18 47


6303 18 48 47
18 48
18 47


6304 18 48 47
18 48
18 47


6305 18 48 47
18 48
18 47


6306 18 48 47
18 48
18 47


6307 18 48 47
18 48
18 47


6308 18 48 47
18 48
18 47


6309 18 48 47
18 48
18 47


6310 18 48 47
18 48
18 47


6311 18 48 47
18 48
18 47


6312 18 48 47
18 48
18 47


6313 18 48 47
18 48
18 47


6314 18 48 47
18 48
18 47


6315 18 48 47
18 48
18 47


6316 18 48 47
18 48
18 47


6317 18 48 47
18 48
18 47


6318 18 48 47
18 48
18 47


6319 18 48 47
18 48
18 47


6320 18 48 47
18 48
18 47


6321 18 48 47
18 48
18 47


6322 18 48 47
18 48
18 47


6323 18 48 47
18 48
18 47


6324 18 48 47
18 48
18 47


6325 18 48 47
18 48
18 47


6326 18 48 47
18 48
18 47


6327 18 48 47
18 48
18 47


6328 18 48 47
18 48
18 47


6329 18 48 47
18 48
18 47


6330 18 48 47
18 48
18 47


6331 18 48 47
18 48
18 47


6332 18 48 47
18 48
18 47


6333 18 48 47
18 48
18 47


6334 18 48 47
18 48
18 47


6335 18 48 47
18 48
18 47


6336 18 48 47
18 48
18 47


6337 18 48 47
18 48
18 47


6338 18 48 47
18 48
18 47


6339 18 48 47
18 48
18 47


6340 18 48 47
18 48
18 47


6341 18 48 47
18 48
18 47


6342 18 48 47
18 48
18 47


6343 18 48 47
18 48
18 47


6344 18 48 47
18 48
18 47


6345 18 48 47
18 48
18 47


6346 18 48 47
18 48
18 47


6347 18 48 47
18 48
18 47


6348 18 48 47
18 48
18 47


6349 18 48 47
18 48
18 47


6350 18 48 47
18 48
18 47


6351 18 48 47
18 48
18 47


6352 18 48 47
18 48
18 47


6353 18 48 47
18 48
18 47


6354 18 48 47
18 48
18 47


6355 18 48 47
18 48
18 47


6356 18 48 47
18 48
18 47


6357 18 48 47
18 48
18 47


6358 18 48 47
18 48
18 47


6359 18 48 47
18 48
18 47


6360 18 48 47
18 48
18 47


6361 18 48 47
18 48
18 47


6362 18 48 47
18 48
18 47


6363 18 48 47
18 48
18 47


6364 18 48 47
18 48
18 47


6365 18 48 47
18 48
18 47


6366 18 48 47
18 48
18 47


6367 18 48 47
18 48
18 47


6368 18 48 47
18 48
18 47


6369 18 48 47
18 48
18 47


6370 18 48 47
18 48
18 47


6371 18 48 47
18 48
18 47


6372 18 48 47
18 48
18 47


6373 18 48 47
18 48
18 47


6374 18 48 47
18 48
18 47


6375 18 48 47
18 48
18 47


6376 18 48 47
18 48
18 47


6377 18 48 47
18 48
18 47


6378 18 48 47
18 48
18 47


6379 18 48 47
18 48
18 47


6380 18 48 47
18 48
18 47


6381 18 48 47
18 48
18 47


6382 18 48 47
18 48
18 47


6383 18 48 47
18 48
18 47


6384 18 48 47
18 48
18 47


