0 3 0 1
3 0
3 1


1 3 0 1
3 0
3 1


2 3 0 1
3 0
3 1


3 3 0 1
3 0
3 1


4 3 0 1
3 0
3 1


5 3 0 1
3 0
3 1


6 3 0 1
3 0
3 1


7 3 0 1
3 0
3 1


8 3 0 1
3 0
3 1


9 3 0 1
3 0
3 1


10 3 0 1
3 0
3 1


11 3 0 1
3 0
3 1


12 3 0 1
3 0
3 1


13 3 0 1
3 0
3 1


14 3 0 1
3 0
3 1


15 3 0 1
3 0
3 1


81 6 20 0
6 20
6 0


82 6 20 0
6 20
6 0


83 6 20 0
6 20
6 0


84 6 20 0
6 20
6 0


85 6 20 0
6 20
6 0


86 6 20 0
6 20
6 0


87 6 20 0
6 20
6 0


88 6 20 0
6 20
6 0


89 6 20 0
6 20
6 0


90 6 20 0
6 20
6 0


91 6 20 0
6 20
6 0


92 6 20 0
6 20
6 0


93 6 20 0
6 20
6 0


94 6 20 0
6 20
6 0


95 6 20 0
6 20
6 0


96 6 20 0
6 20
6 0


162 1 20 0
1 20
1 0


163 1 20 0
1 20
1 0


164 1 20 0
1 20
1 0


165 1 20 0
1 20
1 0


166 1 20 0
1 20
1 0


167 1 20 0
1 20
1 0


168 1 20 0
1 20
1 0


169 1 20 0
1 20
1 0


170 1 20 0
1 20
1 0


171 1 20 0
1 20
1 0


172 1 20 0
1 20
1 0


173 1 20 0
1 20
1 0


174 1 20 0
1 20
1 0


175 1 20 0
1 20
1 0


176 1 20 0
1 20
1 0


177 1 20 0
1 20
1 0


243 21 7 4
21 7
21 4


244 21 7 4
21 7
21 4


245 21 7 4
21 7
21 4


246 21 7 4
21 7
21 4


247 21 7 4
21 7
21 4


248 21 7 4
21 7
21 4


249 21 7 4
21 7
21 4


250 21 7 4
21 7
21 4


251 21 7 4
21 7
21 4


252 21 7 4
21 7
21 4


253 21 7 4
21 7
21 4


254 21 7 4
21 7
21 4


255 21 7 4
21 7
21 4


256 21 7 4
21 7
21 4


257 21 7 4
21 7
21 4


258 21 7 4
21 7
21 4


324 8 24 21
8 24
8 21


325 8 24 21
8 24
8 21


326 8 24 21
8 24
8 21


327 8 24 21
8 24
8 21


328 8 24 21
8 24
8 21


329 8 24 21
8 24
8 21


330 8 24 21
8 24
8 21


331 8 24 21
8 24
8 21


332 8 24 21
8 24
8 21


333 8 24 21
8 24
8 21


334 8 24 21
8 24
8 21


335 8 24 21
8 24
8 21


336 8 24 21
8 24
8 21


337 8 24 21
8 24
8 21


338 8 24 21
8 24
8 21


339 8 24 21
8 24
8 21


340 8 24 21
8 24
8 21


341 8 24 21
8 24
8 21


342 8 24 21
8 24
8 21


343 8 24 21
8 24
8 21


344 8 24 21
8 24
8 21


345 8 24 21
8 24
8 21


346 8 24 21
8 24
8 21


347 8 24 21
8 24
8 21


348 8 24 21
8 24
8 21


349 8 24 21
8 24
8 21


350 8 24 21
8 24
8 21


351 8 24 21
8 24
8 21


352 8 24 21
8 24
8 21


353 8 24 21
8 24
8 21


354 8 24 21
8 24
8 21


355 8 24 21
8 24
8 21


356 8 24 21
8 24
8 21


357 8 24 21
8 24
8 21


358 8 24 21
8 24
8 21


359 8 24 21
8 24
8 21


360 8 24 21
8 24
8 21


361 8 24 21
8 24
8 21


362 8 24 21
8 24
8 21


363 8 24 21
8 24
8 21


364 8 24 21
8 24
8 21


365 8 24 21
8 24
8 21


366 8 24 21
8 24
8 21


367 8 24 21
8 24
8 21


368 8 24 21
8 24
8 21


369 8 24 21
8 24
8 21


370 8 24 21
8 24
8 21


371 8 24 21
8 24
8 21


372 8 24 21
8 24
8 21


373 8 24 21
8 24
8 21


374 8 24 21
8 24
8 21


375 8 24 21
8 24
8 21


376 8 24 21
8 24
8 21


377 8 24 21
8 24
8 21


378 8 24 21
8 24
8 21


379 8 24 21
8 24
8 21


380 8 24 21
8 24
8 21


381 8 24 21
8 24
8 21


382 8 24 21
8 24
8 21


383 8 24 21
8 24
8 21


384 8 24 21
8 24
8 21


385 8 24 21
8 24
8 21


386 8 24 21
8 24
8 21


387 8 24 21
8 24
8 21


645 9 20 0
9 20
9 0


646 9 20 0
9 20
9 0


647 9 20 0
9 20
9 0


648 9 20 0
9 20
9 0


649 9 20 0
9 20
9 0


650 9 20 0
9 20
9 0


651 9 20 0
9 20
9 0


652 9 20 0
9 20
9 0


653 9 20 0
9 20
9 0


654 9 20 0
9 20
9 0


655 9 20 0
9 20
9 0


656 9 20 0
9 20
9 0


657 9 20 0
9 20
9 0


658 9 20 0
9 20
9 0


659 9 20 0
9 20
9 0


660 9 20 0
9 20
9 0


661 9 20 0
9 20
9 0


662 9 20 0
9 20
9 0


663 9 20 0
9 20
9 0


664 9 20 0
9 20
9 0


665 9 20 0
9 20
9 0


666 9 20 0
9 20
9 0


667 9 20 0
9 20
9 0


668 9 20 0
9 20
9 0


669 9 20 0
9 20
9 0


670 9 20 0
9 20
9 0


671 9 20 0
9 20
9 0


672 9 20 0
9 20
9 0


673 9 20 0
9 20
9 0


674 9 20 0
9 20
9 0


675 9 20 0
9 20
9 0


676 9 20 0
9 20
9 0


677 9 20 0
9 20
9 0


678 9 20 0
9 20
9 0


679 9 20 0
9 20
9 0


680 9 20 0
9 20
9 0


681 9 20 0
9 20
9 0


682 9 20 0
9 20
9 0


683 9 20 0
9 20
9 0


684 9 20 0
9 20
9 0


685 9 20 0
9 20
9 0


686 9 20 0
9 20
9 0


687 9 20 0
9 20
9 0


688 9 20 0
9 20
9 0


689 9 20 0
9 20
9 0


690 9 20 0
9 20
9 0


691 9 20 0
9 20
9 0


692 9 20 0
9 20
9 0


693 9 20 0
9 20
9 0


694 9 20 0
9 20
9 0


695 9 20 0
9 20
9 0


696 9 20 0
9 20
9 0


697 9 20 0
9 20
9 0


698 9 20 0
9 20
9 0


699 9 20 0
9 20
9 0


700 9 20 0
9 20
9 0


701 9 20 0
9 20
9 0


702 9 20 0
9 20
9 0


703 9 20 0
9 20
9 0


704 9 20 0
9 20
9 0


705 9 20 0
9 20
9 0


706 9 20 0
9 20
9 0


707 9 20 0
9 20
9 0


708 9 20 0
9 20
9 0


709 9 20 0
9 20
9 0


710 9 20 0
9 20
9 0


711 9 20 0
9 20
9 0


712 9 20 0
9 20
9 0


713 9 20 0
9 20
9 0


714 9 20 0
9 20
9 0


715 9 20 0
9 20
9 0


716 9 20 0
9 20
9 0


717 9 20 0
9 20
9 0


718 9 20 0
9 20
9 0


719 9 20 0
9 20
9 0


720 9 20 0
9 20
9 0


721 9 20 0
9 20
9 0


722 9 20 0
9 20
9 0


723 9 20 0
9 20
9 0


724 9 20 0
9 20
9 0


725 9 20 0
9 20
9 0


726 9 20 0
9 20
9 0


727 9 20 0
9 20
9 0


728 9 20 0
9 20
9 0


729 9 20 0
9 20
9 0


730 9 20 0
9 20
9 0


731 9 20 0
9 20
9 0


732 9 20 0
9 20
9 0


733 9 20 0
9 20
9 0


734 9 20 0
9 20
9 0


735 9 20 0
9 20
9 0


736 9 20 0
9 20
9 0


737 9 20 0
9 20
9 0


738 9 20 0
9 20
9 0


739 9 20 0
9 20
9 0


740 9 20 0
9 20
9 0


741 9 20 0
9 20
9 0


742 9 20 0
9 20
9 0


743 9 20 0
9 20
9 0


744 9 20 0
9 20
9 0


745 9 20 0
9 20
9 0


746 9 20 0
9 20
9 0


747 9 20 0
9 20
9 0


748 9 20 0
9 20
9 0


749 9 20 0
9 20
9 0


750 9 20 0
9 20
9 0


751 9 20 0
9 20
9 0


752 9 20 0
9 20
9 0


753 9 20 0
9 20
9 0


754 9 20 0
9 20
9 0


755 9 20 0
9 20
9 0


756 9 20 0
9 20
9 0


757 9 20 0
9 20
9 0


758 9 20 0
9 20
9 0


759 9 20 0
9 20
9 0


760 9 20 0
9 20
9 0


761 9 20 0
9 20
9 0


762 9 20 0
9 20
9 0


763 9 20 0
9 20
9 0


764 9 20 0
9 20
9 0


765 9 20 0
9 20
9 0


766 9 20 0
9 20
9 0


767 9 20 0
9 20
9 0


768 9 20 0
9 20
9 0


769 9 20 0
9 20
9 0


770 9 20 0
9 20
9 0


771 9 20 0
9 20
9 0


772 9 20 0
9 20
9 0


1034 1 5 16
1 5
1 16


1035 1 5 16
1 5
1 16


1036 1 5 16
1 5
1 16


1037 1 5 16
1 5
1 16


1038 1 5 16
1 5
1 16


1039 1 5 16
1 5
1 16


1040 1 5 16
1 5
1 16


1041 1 5 16
1 5
1 16


1042 1 5 16
1 5
1 16


1043 1 5 16
1 5
1 16


1044 1 5 16
1 5
1 16


1045 1 5 16
1 5
1 16


1046 1 5 16
1 5
1 16


1047 1 5 16
1 5
1 16


1048 1 5 16
1 5
1 16


1049 1 5 16
1 5
1 16


1115 6 11 12
6 11
6 12


1116 6 11 12
6 11
6 12


1117 6 11 12
6 11
6 12


1118 6 11 12
6 11
6 12


1119 6 11 12
6 11
6 12


1120 6 11 12
6 11
6 12


1121 6 11 12
6 11
6 12


1122 6 11 12
6 11
6 12


1123 6 11 12
6 11
6 12


1124 6 11 12
6 11
6 12


1125 6 11 12
6 11
6 12


1126 6 11 12
6 11
6 12


1127 6 11 12
6 11
6 12


1128 6 11 12
6 11
6 12


1129 6 11 12
6 11
6 12


1130 6 11 12
6 11
6 12


1973 12 13 8
12 13
12 8


1974 12 13 8
12 13
12 8


1975 12 13 8
12 13
12 8


1976 12 13 8
12 13
12 8


1977 12 13 8
12 13
12 8


1978 12 13 8
12 13
12 8


1979 12 13 8
12 13
12 8


1980 12 13 8
12 13
12 8


1981 12 13 8
12 13
12 8


1982 12 13 8
12 13
12 8


1983 12 13 8
12 13
12 8


1984 12 13 8
12 13
12 8


1985 12 13 8
12 13
12 8


1986 12 13 8
12 13
12 8


1987 12 13 8
12 13
12 8


1988 12 13 8
12 13
12 8


1989 12 13 8
12 13
12 8


1990 12 13 8
12 13
12 8


1991 12 13 8
12 13
12 8


1992 12 13 8
12 13
12 8


1993 12 13 8
12 13
12 8


1994 12 13 8
12 13
12 8


1995 12 13 8
12 13
12 8


1996 12 13 8
12 13
12 8


1997 12 13 8
12 13
12 8


1998 12 13 8
12 13
12 8


1999 12 13 8
12 13
12 8


2000 12 13 8
12 13
12 8


2001 12 13 8
12 13
12 8


2002 12 13 8
12 13
12 8


2003 12 13 8
12 13
12 8


2004 12 13 8
12 13
12 8


2005 12 13 8
12 13
12 8


2006 12 13 8
12 13
12 8


2007 12 13 8
12 13
12 8


2008 12 13 8
12 13
12 8


2009 12 13 8
12 13
12 8


2010 12 13 8
12 13
12 8


2011 12 13 8
12 13
12 8


2012 12 13 8
12 13
12 8


2013 12 13 8
12 13
12 8


2014 12 13 8
12 13
12 8


2015 12 13 8
12 13
12 8


2016 12 13 8
12 13
12 8


2017 12 13 8
12 13
12 8


2018 12 13 8
12 13
12 8


2019 12 13 8
12 13
12 8


2020 12 13 8
12 13
12 8


2021 12 13 8
12 13
12 8


2022 12 13 8
12 13
12 8


2023 12 13 8
12 13
12 8


2024 12 13 8
12 13
12 8


2025 12 13 8
12 13
12 8


2026 12 13 8
12 13
12 8


2027 12 13 8
12 13
12 8


2028 12 13 8
12 13
12 8


2029 12 13 8
12 13
12 8


2030 12 13 8
12 13
12 8


2031 12 13 8
12 13
12 8


2032 12 13 8
12 13
12 8


2033 12 13 8
12 13
12 8


2034 12 13 8
12 13
12 8


2035 12 13 8
12 13
12 8


2036 12 13 8
12 13
12 8


2037 12 13 8
12 13
12 8


2038 12 13 8
12 13
12 8


2039 12 13 8
12 13
12 8


2040 12 13 8
12 13
12 8


2041 12 13 8
12 13
12 8


2042 12 13 8
12 13
12 8


2043 12 13 8
12 13
12 8


2044 12 13 8
12 13
12 8


2045 12 13 8
12 13
12 8


2046 12 13 8
12 13
12 8


2047 12 13 8
12 13
12 8


2048 12 13 8
12 13
12 8


2049 12 13 8
12 13
12 8


2050 12 13 8
12 13
12 8


2051 12 13 8
12 13
12 8


2052 12 13 8
12 13
12 8


2053 12 13 8
12 13
12 8


2054 12 13 8
12 13
12 8


2055 12 13 8
12 13
12 8


2056 12 13 8
12 13
12 8


2057 12 13 8
12 13
12 8


2058 12 13 8
12 13
12 8


2059 12 13 8
12 13
12 8


2060 12 13 8
12 13
12 8


2061 12 13 8
12 13
12 8


2062 12 13 8
12 13
12 8


2063 12 13 8
12 13
12 8


2064 12 13 8
12 13
12 8


2065 12 13 8
12 13
12 8


2066 12 13 8
12 13
12 8


2067 12 13 8
12 13
12 8


2068 12 13 8
12 13
12 8


2069 12 13 8
12 13
12 8


2070 12 13 8
12 13
12 8


2071 12 13 8
12 13
12 8


2072 12 13 8
12 13
12 8


2073 12 13 8
12 13
12 8


2074 12 13 8
12 13
12 8


2075 12 13 8
12 13
12 8


2076 12 13 8
12 13
12 8


2077 12 13 8
12 13
12 8


2078 12 13 8
12 13
12 8


2079 12 13 8
12 13
12 8


2080 12 13 8
12 13
12 8


2081 12 13 8
12 13
12 8


2082 12 13 8
12 13
12 8


2083 12 13 8
12 13
12 8


2084 12 13 8
12 13
12 8


2085 12 13 8
12 13
12 8


2086 12 13 8
12 13
12 8


2087 12 13 8
12 13
12 8


2088 12 13 8
12 13
12 8


2089 12 13 8
12 13
12 8


2090 12 13 8
12 13
12 8


2091 12 13 8
12 13
12 8


2092 12 13 8
12 13
12 8


2093 12 13 8
12 13
12 8


2094 12 13 8
12 13
12 8


2095 12 13 8
12 13
12 8


2096 12 13 8
12 13
12 8


2097 12 13 8
12 13
12 8


2098 12 13 8
12 13
12 8


2099 12 13 8
12 13
12 8


2100 12 13 8
12 13
12 8


3401 17 7 4
17 7
17 4


3402 17 7 4
17 7
17 4


3403 17 7 4
17 7
17 4


3404 17 7 4
17 7
17 4


3405 17 7 4
17 7
17 4


3406 17 7 4
17 7
17 4


3407 17 7 4
17 7
17 4


3408 17 7 4
17 7
17 4


3409 17 7 4
17 7
17 4


3410 17 7 4
17 7
17 4


3411 17 7 4
17 7
17 4


3412 17 7 4
17 7
17 4


3413 17 7 4
17 7
17 4


3414 17 7 4
17 7
17 4


3415 17 7 4
17 7
17 4


3416 17 7 4
17 7
17 4


3417 17 7 4
17 7
17 4


3418 17 7 4
17 7
17 4


3419 17 7 4
17 7
17 4


3420 17 7 4
17 7
17 4


3421 17 7 4
17 7
17 4


3422 17 7 4
17 7
17 4


3423 17 7 4
17 7
17 4


3424 17 7 4
17 7
17 4


3425 17 7 4
17 7
17 4


3426 17 7 4
17 7
17 4


3427 17 7 4
17 7
17 4


3428 17 7 4
17 7
17 4


3429 17 7 4
17 7
17 4


3430 17 7 4
17 7
17 4


3431 17 7 4
17 7
17 4


3432 17 7 4
17 7
17 4


3433 17 7 4
17 7
17 4


3434 17 7 4
17 7
17 4


3435 17 7 4
17 7
17 4


3436 17 7 4
17 7
17 4


3437 17 7 4
17 7
17 4


3438 17 7 4
17 7
17 4


3439 17 7 4
17 7
17 4


3440 17 7 4
17 7
17 4


3441 17 7 4
17 7
17 4


3442 17 7 4
17 7
17 4


3443 17 7 4
17 7
17 4


3444 17 7 4
17 7
17 4


3445 17 7 4
17 7
17 4


3446 17 7 4
17 7
17 4


3447 17 7 4
17 7
17 4


3448 17 7 4
17 7
17 4


3449 17 7 4
17 7
17 4


3450 17 7 4
17 7
17 4


3451 17 7 4
17 7
17 4


3452 17 7 4
17 7
17 4


3453 17 7 4
17 7
17 4


3454 17 7 4
17 7
17 4


3455 17 7 4
17 7
17 4


3456 17 7 4
17 7
17 4


3457 17 7 4
17 7
17 4


3458 17 7 4
17 7
17 4


3459 17 7 4
17 7
17 4


3460 17 7 4
17 7
17 4


3461 17 7 4
17 7
17 4


3462 17 7 4
17 7
17 4


3463 17 7 4
17 7
17 4


3464 17 7 4
17 7
17 4


3465 17 7 4
17 7
17 4


3466 17 7 4
17 7
17 4


3467 17 7 4
17 7
17 4


3468 17 7 4
17 7
17 4


3469 17 7 4
17 7
17 4


3470 17 7 4
17 7
17 4


3471 17 7 4
17 7
17 4


3472 17 7 4
17 7
17 4


3473 17 7 4
17 7
17 4


3474 17 7 4
17 7
17 4


3475 17 7 4
17 7
17 4


3476 17 7 4
17 7
17 4


3477 17 7 4
17 7
17 4


3478 17 7 4
17 7
17 4


3479 17 7 4
17 7
17 4


3480 17 7 4
17 7
17 4


3481 17 7 4
17 7
17 4


3482 17 7 4
17 7
17 4


3483 17 7 4
17 7
17 4


3484 17 7 4
17 7
17 4


3485 17 7 4
17 7
17 4


3486 17 7 4
17 7
17 4


3487 17 7 4
17 7
17 4


3488 17 7 4
17 7
17 4


3489 17 7 4
17 7
17 4


3490 17 7 4
17 7
17 4


3491 17 7 4
17 7
17 4


3492 17 7 4
17 7
17 4


3493 17 7 4
17 7
17 4


3494 17 7 4
17 7
17 4


3495 17 7 4
17 7
17 4


3496 17 7 4
17 7
17 4


3497 17 7 4
17 7
17 4


3498 17 7 4
17 7
17 4


3499 17 7 4
17 7
17 4


3500 17 7 4
17 7
17 4


3501 17 7 4
17 7
17 4


3502 17 7 4
17 7
17 4


3503 17 7 4
17 7
17 4


3504 17 7 4
17 7
17 4


3505 17 7 4
17 7
17 4


3506 17 7 4
17 7
17 4


3507 17 7 4
17 7
17 4


3508 17 7 4
17 7
17 4


3509 17 7 4
17 7
17 4


3510 17 7 4
17 7
17 4


3511 17 7 4
17 7
17 4


3512 17 7 4
17 7
17 4


3513 17 7 4
17 7
17 4


3514 17 7 4
17 7
17 4


3515 17 7 4
17 7
17 4


3516 17 7 4
17 7
17 4


3517 17 7 4
17 7
17 4


3518 17 7 4
17 7
17 4


3519 17 7 4
17 7
17 4


3520 17 7 4
17 7
17 4


3521 17 7 4
17 7
17 4


3522 17 7 4
17 7
17 4


3523 17 7 4
17 7
17 4


3524 17 7 4
17 7
17 4


3525 17 7 4
17 7
17 4


3526 17 7 4
17 7
17 4


3527 17 7 4
17 7
17 4


3528 17 7 4
17 7
17 4


4829 7 24 21
7 24
7 21


4830 7 24 21
7 24
7 21


4831 7 24 21
7 24
7 21


4832 7 24 21
7 24
7 21


4833 7 24 21
7 24
7 21


4834 7 24 21
7 24
7 21


4835 7 24 21
7 24
7 21


4836 7 24 21
7 24
7 21


4837 7 24 21
7 24
7 21


4838 7 24 21
7 24
7 21


4839 7 24 21
7 24
7 21


4840 7 24 21
7 24
7 21


4841 7 24 21
7 24
7 21


4842 7 24 21
7 24
7 21


4843 7 24 21
7 24
7 21


4844 7 24 21
7 24
7 21


4845 7 24 21
7 24
7 21


4846 7 24 21
7 24
7 21


4847 7 24 21
7 24
7 21


4848 7 24 21
7 24
7 21


4849 7 24 21
7 24
7 21


4850 7 24 21
7 24
7 21


4851 7 24 21
7 24
7 21


4852 7 24 21
7 24
7 21


4853 7 24 21
7 24
7 21


4854 7 24 21
7 24
7 21


4855 7 24 21
7 24
7 21


4856 7 24 21
7 24
7 21


4857 7 24 21
7 24
7 21


4858 7 24 21
7 24
7 21


4859 7 24 21
7 24
7 21


4860 7 24 21
7 24
7 21


4861 7 24 21
7 24
7 21


4862 7 24 21
7 24
7 21


4863 7 24 21
7 24
7 21


4864 7 24 21
7 24
7 21


4865 7 24 21
7 24
7 21


4866 7 24 21
7 24
7 21


4867 7 24 21
7 24
7 21


4868 7 24 21
7 24
7 21


4869 7 24 21
7 24
7 21


4870 7 24 21
7 24
7 21


4871 7 24 21
7 24
7 21


4872 7 24 21
7 24
7 21


4873 7 24 21
7 24
7 21


4874 7 24 21
7 24
7 21


4875 7 24 21
7 24
7 21


4876 7 24 21
7 24
7 21


4877 7 24 21
7 24
7 21


4878 7 24 21
7 24
7 21


4879 7 24 21
7 24
7 21


4880 7 24 21
7 24
7 21


4881 7 24 21
7 24
7 21


4882 7 24 21
7 24
7 21


4883 7 24 21
7 24
7 21


4884 7 24 21
7 24
7 21


4885 7 24 21
7 24
7 21


4886 7 24 21
7 24
7 21


4887 7 24 21
7 24
7 21


4888 7 24 21
7 24
7 21


4889 7 24 21
7 24
7 21


4890 7 24 21
7 24
7 21


4891 7 24 21
7 24
7 21


4892 7 24 21
7 24
7 21


4893 7 24 21
7 24
7 21


4894 7 24 21
7 24
7 21


4895 7 24 21
7 24
7 21


4896 7 24 21
7 24
7 21


4897 7 24 21
7 24
7 21


4898 7 24 21
7 24
7 21


4899 7 24 21
7 24
7 21


4900 7 24 21
7 24
7 21


4901 7 24 21
7 24
7 21


4902 7 24 21
7 24
7 21


4903 7 24 21
7 24
7 21


4904 7 24 21
7 24
7 21


4905 7 24 21
7 24
7 21


4906 7 24 21
7 24
7 21


4907 7 24 21
7 24
7 21


4908 7 24 21
7 24
7 21


4909 7 24 21
7 24
7 21


4910 7 24 21
7 24
7 21


4911 7 24 21
7 24
7 21


4912 7 24 21
7 24
7 21


4913 7 24 21
7 24
7 21


4914 7 24 21
7 24
7 21


4915 7 24 21
7 24
7 21


4916 7 24 21
7 24
7 21


4917 7 24 21
7 24
7 21


4918 7 24 21
7 24
7 21


4919 7 24 21
7 24
7 21


4920 7 24 21
7 24
7 21


4921 7 24 21
7 24
7 21


4922 7 24 21
7 24
7 21


4923 7 24 21
7 24
7 21


4924 7 24 21
7 24
7 21


4925 7 24 21
7 24
7 21


4926 7 24 21
7 24
7 21


4927 7 24 21
7 24
7 21


4928 7 24 21
7 24
7 21


4929 7 24 21
7 24
7 21


4930 7 24 21
7 24
7 21


4931 7 24 21
7 24
7 21


4932 7 24 21
7 24
7 21


4933 7 24 21
7 24
7 21


4934 7 24 21
7 24
7 21


4935 7 24 21
7 24
7 21


4936 7 24 21
7 24
7 21


4937 7 24 21
7 24
7 21


4938 7 24 21
7 24
7 21


4939 7 24 21
7 24
7 21


4940 7 24 21
7 24
7 21


4941 7 24 21
7 24
7 21


4942 7 24 21
7 24
7 21


4943 7 24 21
7 24
7 21


4944 7 24 21
7 24
7 21


4945 7 24 21
7 24
7 21


4946 7 24 21
7 24
7 21


4947 7 24 21
7 24
7 21


4948 7 24 21
7 24
7 21


4949 7 24 21
7 24
7 21


4950 7 24 21
7 24
7 21


4951 7 24 21
7 24
7 21


4952 7 24 21
7 24
7 21


4953 7 24 21
7 24
7 21


4954 7 24 21
7 24
7 21


4955 7 24 21
7 24
7 21


4956 7 24 21
7 24
7 21


6257 24 1 6
24 1
24 6


6258 24 1 6
24 1
24 6


6259 24 1 6
24 1
24 6


6260 24 1 6
24 1
24 6


6261 24 1 6
24 1
24 6


6262 24 1 6
24 1
24 6


6263 24 1 6
24 1
24 6


6264 24 1 6
24 1
24 6


6265 24 1 6
24 1
24 6


6266 24 1 6
24 1
24 6


6267 24 1 6
24 1
24 6


6268 24 1 6
24 1
24 6


6269 24 1 6
24 1
24 6


6270 24 1 6
24 1
24 6


6271 24 1 6
24 1
24 6


6272 24 1 6
24 1
24 6


6273 24 1 6
24 1
24 6


6274 24 1 6
24 1
24 6


6275 24 1 6
24 1
24 6


6276 24 1 6
24 1
24 6


6277 24 1 6
24 1
24 6


6278 24 1 6
24 1
24 6


6279 24 1 6
24 1
24 6


6280 24 1 6
24 1
24 6


6281 24 1 6
24 1
24 6


6282 24 1 6
24 1
24 6


6283 24 1 6
24 1
24 6


6284 24 1 6
24 1
24 6


6285 24 1 6
24 1
24 6


6286 24 1 6
24 1
24 6


6287 24 1 6
24 1
24 6


6288 24 1 6
24 1
24 6


6289 24 1 6
24 1
24 6


6290 24 1 6
24 1
24 6


6291 24 1 6
24 1
24 6


6292 24 1 6
24 1
24 6


6293 24 1 6
24 1
24 6


6294 24 1 6
24 1
24 6


6295 24 1 6
24 1
24 6


6296 24 1 6
24 1
24 6


6297 24 1 6
24 1
24 6


6298 24 1 6
24 1
24 6


6299 24 1 6
24 1
24 6


6300 24 1 6
24 1
24 6


6301 24 1 6
24 1
24 6


6302 24 1 6
24 1
24 6


6303 24 1 6
24 1
24 6


6304 24 1 6
24 1
24 6


6305 24 1 6
24 1
24 6


6306 24 1 6
24 1
24 6


6307 24 1 6
24 1
24 6


6308 24 1 6
24 1
24 6


6309 24 1 6
24 1
24 6


6310 24 1 6
24 1
24 6


6311 24 1 6
24 1
24 6


6312 24 1 6
24 1
24 6


6313 24 1 6
24 1
24 6


6314 24 1 6
24 1
24 6


6315 24 1 6
24 1
24 6


6316 24 1 6
24 1
24 6


6317 24 1 6
24 1
24 6


6318 24 1 6
24 1
24 6


6319 24 1 6
24 1
24 6


6320 24 1 6
24 1
24 6


6321 24 1 6
24 1
24 6


6322 24 1 6
24 1
24 6


6323 24 1 6
24 1
24 6


6324 24 1 6
24 1
24 6


6325 24 1 6
24 1
24 6


6326 24 1 6
24 1
24 6


6327 24 1 6
24 1
24 6


6328 24 1 6
24 1
24 6


6329 24 1 6
24 1
24 6


6330 24 1 6
24 1
24 6


6331 24 1 6
24 1
24 6


6332 24 1 6
24 1
24 6


6333 24 1 6
24 1
24 6


6334 24 1 6
24 1
24 6


6335 24 1 6
24 1
24 6


6336 24 1 6
24 1
24 6


6337 24 1 6
24 1
24 6


6338 24 1 6
24 1
24 6


6339 24 1 6
24 1
24 6


6340 24 1 6
24 1
24 6


6341 24 1 6
24 1
24 6


6342 24 1 6
24 1
24 6


6343 24 1 6
24 1
24 6


6344 24 1 6
24 1
24 6


6345 24 1 6
24 1
24 6


6346 24 1 6
24 1
24 6


6347 24 1 6
24 1
24 6


6348 24 1 6
24 1
24 6


6349 24 1 6
24 1
24 6


6350 24 1 6
24 1
24 6


6351 24 1 6
24 1
24 6


6352 24 1 6
24 1
24 6


6353 24 1 6
24 1
24 6


6354 24 1 6
24 1
24 6


6355 24 1 6
24 1
24 6


6356 24 1 6
24 1
24 6


6357 24 1 6
24 1
24 6


6358 24 1 6
24 1
24 6


6359 24 1 6
24 1
24 6


6360 24 1 6
24 1
24 6


6361 24 1 6
24 1
24 6


6362 24 1 6
24 1
24 6


6363 24 1 6
24 1
24 6


6364 24 1 6
24 1
24 6


6365 24 1 6
24 1
24 6


6366 24 1 6
24 1
24 6


6367 24 1 6
24 1
24 6


6368 24 1 6
24 1
24 6


6369 24 1 6
24 1
24 6


6370 24 1 6
24 1
24 6


6371 24 1 6
24 1
24 6


6372 24 1 6
24 1
24 6


6373 24 1 6
24 1
24 6


6374 24 1 6
24 1
24 6


6375 24 1 6
24 1
24 6


6376 24 1 6
24 1
24 6


6377 24 1 6
24 1
24 6


6378 24 1 6
24 1
24 6


6379 24 1 6
24 1
24 6


6380 24 1 6
24 1
24 6


6381 24 1 6
24 1
24 6


6382 24 1 6
24 1
24 6


6383 24 1 6
24 1
24 6


6384 24 1 6
24 1
24 6


