0 3 0 1
3 0
3 1


1 3 0 1
3 0
3 1


2 3 0 1
3 0
3 1


3 3 0 1
3 0
3 1


4 3 0 1
3 0
3 1


5 3 0 1
3 0
3 1


6 3 0 1
3 0
3 1


7 3 0 1
3 0
3 1


8 3 0 1
3 0
3 1


9 3 0 1
3 0
3 1


10 3 0 1
3 0
3 1


11 3 0 1
3 0
3 1


12 3 0 1
3 0
3 1


13 3 0 1
3 0
3 1


14 3 0 1
3 0
3 1


15 3 0 1
3 0
3 1


81 7 14 20
7 14
7 20


82 7 14 20
7 14
7 20


83 7 14 20
7 14
7 20


84 7 14 20
7 14
7 20


85 7 14 20
7 14
7 20


86 7 14 20
7 14
7 20


87 7 14 20
7 14
7 20


88 7 14 20
7 14
7 20


89 7 14 20
7 14
7 20


90 7 14 20
7 14
7 20


91 7 14 20
7 14
7 20


92 7 14 20
7 14
7 20


93 7 14 20
7 14
7 20


94 7 14 20
7 14
7 20


95 7 14 20
7 14
7 20


96 7 14 20
7 14
7 20


162 13 8 4
13 8
13 4


163 13 8 4
13 8
13 4


164 13 8 4
13 8
13 4


165 13 8 4
13 8
13 4


166 13 8 4
13 8
13 4


167 13 8 4
13 8
13 4


168 13 8 4
13 8
13 4


169 13 8 4
13 8
13 4


170 13 8 4
13 8
13 4


171 13 8 4
13 8
13 4


172 13 8 4
13 8
13 4


173 13 8 4
13 8
13 4


174 13 8 4
13 8
13 4


175 13 8 4
13 8
13 4


176 13 8 4
13 8
13 4


177 13 8 4
13 8
13 4


243 9 27 26
9 27
9 26


244 9 27 26
9 27
9 26


245 9 27 26
9 27
9 26


246 9 27 26
9 27
9 26


247 9 27 26
9 27
9 26


248 9 27 26
9 27
9 26


249 9 27 26
9 27
9 26


250 9 27 26
9 27
9 26


251 9 27 26
9 27
9 26


252 9 27 26
9 27
9 26


253 9 27 26
9 27
9 26


254 9 27 26
9 27
9 26


255 9 27 26
9 27
9 26


256 9 27 26
9 27
9 26


257 9 27 26
9 27
9 26


258 9 27 26
9 27
9 26


324 31 24 30
31 24
31 30


325 31 24 30
31 24
31 30


326 31 24 30
31 24
31 30


327 31 24 30
31 24
31 30


328 31 24 30
31 24
31 30


329 31 24 30
31 24
31 30


330 31 24 30
31 24
31 30


331 31 24 30
31 24
31 30


332 31 24 30
31 24
31 30


333 31 24 30
31 24
31 30


334 31 24 30
31 24
31 30


335 31 24 30
31 24
31 30


336 31 24 30
31 24
31 30


337 31 24 30
31 24
31 30


338 31 24 30
31 24
31 30


339 31 24 30
31 24
31 30


340 31 24 30
31 24
31 30


341 31 24 30
31 24
31 30


342 31 24 30
31 24
31 30


343 31 24 30
31 24
31 30


344 31 24 30
31 24
31 30


345 31 24 30
31 24
31 30


346 31 24 30
31 24
31 30


347 31 24 30
31 24
31 30


348 31 24 30
31 24
31 30


349 31 24 30
31 24
31 30


350 31 24 30
31 24
31 30


351 31 24 30
31 24
31 30


352 31 24 30
31 24
31 30


353 31 24 30
31 24
31 30


354 31 24 30
31 24
31 30


355 31 24 30
31 24
31 30


356 31 24 30
31 24
31 30


357 31 24 30
31 24
31 30


358 31 24 30
31 24
31 30


359 31 24 30
31 24
31 30


360 31 24 30
31 24
31 30


361 31 24 30
31 24
31 30


362 31 24 30
31 24
31 30


363 31 24 30
31 24
31 30


364 31 24 30
31 24
31 30


365 31 24 30
31 24
31 30


366 31 24 30
31 24
31 30


367 31 24 30
31 24
31 30


368 31 24 30
31 24
31 30


369 31 24 30
31 24
31 30


370 31 24 30
31 24
31 30


371 31 24 30
31 24
31 30


372 31 24 30
31 24
31 30


373 31 24 30
31 24
31 30


374 31 24 30
31 24
31 30


375 31 24 30
31 24
31 30


376 31 24 30
31 24
31 30


377 31 24 30
31 24
31 30


378 31 24 30
31 24
31 30


379 31 24 30
31 24
31 30


380 31 24 30
31 24
31 30


381 31 24 30
31 24
31 30


382 31 24 30
31 24
31 30


383 31 24 30
31 24
31 30


384 31 24 30
31 24
31 30


385 31 24 30
31 24
31 30


386 31 24 30
31 24
31 30


387 31 24 30
31 24
31 30


645 25 0 1
25 0
25 1


646 25 0 1
25 0
25 1


647 25 0 1
25 0
25 1


648 25 0 1
25 0
25 1


649 25 0 1
25 0
25 1


650 25 0 1
25 0
25 1


651 25 0 1
25 0
25 1


652 25 0 1
25 0
25 1


653 25 0 1
25 0
25 1


654 25 0 1
25 0
25 1


655 25 0 1
25 0
25 1


656 25 0 1
25 0
25 1


657 25 0 1
25 0
25 1


658 25 0 1
25 0
25 1


659 25 0 1
25 0
25 1


660 25 0 1
25 0
25 1


661 25 0 1
25 0
25 1


662 25 0 1
25 0
25 1


663 25 0 1
25 0
25 1


664 25 0 1
25 0
25 1


665 25 0 1
25 0
25 1


666 25 0 1
25 0
25 1


667 25 0 1
25 0
25 1


668 25 0 1
25 0
25 1


669 25 0 1
25 0
25 1


670 25 0 1
25 0
25 1


671 25 0 1
25 0
25 1


672 25 0 1
25 0
25 1


673 25 0 1
25 0
25 1


674 25 0 1
25 0
25 1


675 25 0 1
25 0
25 1


676 25 0 1
25 0
25 1


677 25 0 1
25 0
25 1


678 25 0 1
25 0
25 1


679 25 0 1
25 0
25 1


680 25 0 1
25 0
25 1


681 25 0 1
25 0
25 1


682 25 0 1
25 0
25 1


683 25 0 1
25 0
25 1


684 25 0 1
25 0
25 1


685 25 0 1
25 0
25 1


686 25 0 1
25 0
25 1


687 25 0 1
25 0
25 1


688 25 0 1
25 0
25 1


689 25 0 1
25 0
25 1


690 25 0 1
25 0
25 1


691 25 0 1
25 0
25 1


692 25 0 1
25 0
25 1


693 25 0 1
25 0
25 1


694 25 0 1
25 0
25 1


695 25 0 1
25 0
25 1


696 25 0 1
25 0
25 1


697 25 0 1
25 0
25 1


698 25 0 1
25 0
25 1


699 25 0 1
25 0
25 1


700 25 0 1
25 0
25 1


701 25 0 1
25 0
25 1


702 25 0 1
25 0
25 1


703 25 0 1
25 0
25 1


704 25 0 1
25 0
25 1


705 25 0 1
25 0
25 1


706 25 0 1
25 0
25 1


707 25 0 1
25 0
25 1


708 25 0 1
25 0
25 1


709 25 0 1
25 0
25 1


710 25 0 1
25 0
25 1


711 25 0 1
25 0
25 1


712 25 0 1
25 0
25 1


713 25 0 1
25 0
25 1


714 25 0 1
25 0
25 1


715 25 0 1
25 0
25 1


716 25 0 1
25 0
25 1


717 25 0 1
25 0
25 1


718 25 0 1
25 0
25 1


719 25 0 1
25 0
25 1


720 25 0 1
25 0
25 1


721 25 0 1
25 0
25 1


722 25 0 1
25 0
25 1


723 25 0 1
25 0
25 1


724 25 0 1
25 0
25 1


725 25 0 1
25 0
25 1


726 25 0 1
25 0
25 1


727 25 0 1
25 0
25 1


728 25 0 1
25 0
25 1


729 25 0 1
25 0
25 1


730 25 0 1
25 0
25 1


731 25 0 1
25 0
25 1


732 25 0 1
25 0
25 1


733 25 0 1
25 0
25 1


734 25 0 1
25 0
25 1


735 25 0 1
25 0
25 1


736 25 0 1
25 0
25 1


737 25 0 1
25 0
25 1


738 25 0 1
25 0
25 1


739 25 0 1
25 0
25 1


740 25 0 1
25 0
25 1


741 25 0 1
25 0
25 1


742 25 0 1
25 0
25 1


743 25 0 1
25 0
25 1


744 25 0 1
25 0
25 1


745 25 0 1
25 0
25 1


746 25 0 1
25 0
25 1


747 25 0 1
25 0
25 1


748 25 0 1
25 0
25 1


749 25 0 1
25 0
25 1


750 25 0 1
25 0
25 1


751 25 0 1
25 0
25 1


752 25 0 1
25 0
25 1


753 25 0 1
25 0
25 1


754 25 0 1
25 0
25 1


755 25 0 1
25 0
25 1


756 25 0 1
25 0
25 1


757 25 0 1
25 0
25 1


758 25 0 1
25 0
25 1


759 25 0 1
25 0
25 1


760 25 0 1
25 0
25 1


761 25 0 1
25 0
25 1


762 25 0 1
25 0
25 1


763 25 0 1
25 0
25 1


764 25 0 1
25 0
25 1


765 25 0 1
25 0
25 1


766 25 0 1
25 0
25 1


767 25 0 1
25 0
25 1


768 25 0 1
25 0
25 1


769 25 0 1
25 0
25 1


770 25 0 1
25 0
25 1


771 25 0 1
25 0
25 1


772 25 0 1
25 0
25 1


1034 7 6 19
7 6
7 19


1035 7 6 19
7 6
7 19


1036 7 6 19
7 6
7 19


1037 7 6 19
7 6
7 19


1038 7 6 19
7 6
7 19


1039 7 6 19
7 6
7 19


1040 7 6 19
7 6
7 19


1041 7 6 19
7 6
7 19


1042 7 6 19
7 6
7 19


1043 7 6 19
7 6
7 19


1044 7 6 19
7 6
7 19


1045 7 6 19
7 6
7 19


1046 7 6 19
7 6
7 19


1047 7 6 19
7 6
7 19


1048 7 6 19
7 6
7 19


1049 7 6 19
7 6
7 19


1115 13 14 20
13 14
13 20


1116 13 14 20
13 14
13 20


1117 13 14 20
13 14
13 20


1118 13 14 20
13 14
13 20


1119 13 14 20
13 14
13 20


1120 13 14 20
13 14
13 20


1121 13 14 20
13 14
13 20


1122 13 14 20
13 14
13 20


1123 13 14 20
13 14
13 20


1124 13 14 20
13 14
13 20


1125 13 14 20
13 14
13 20


1126 13 14 20
13 14
13 20


1127 13 14 20
13 14
13 20


1128 13 14 20
13 14
13 20


1129 13 14 20
13 14
13 20


1130 13 14 20
13 14
13 20


1973 21 9 8
21 9
21 8


1974 21 9 8
21 9
21 8


1975 21 9 8
21 9
21 8


1976 21 9 8
21 9
21 8


1977 21 9 8
21 9
21 8


1978 21 9 8
21 9
21 8


1979 21 9 8
21 9
21 8


1980 21 9 8
21 9
21 8


1981 21 9 8
21 9
21 8


1982 21 9 8
21 9
21 8


1983 21 9 8
21 9
21 8


1984 21 9 8
21 9
21 8


1985 21 9 8
21 9
21 8


1986 21 9 8
21 9
21 8


1987 21 9 8
21 9
21 8


1988 21 9 8
21 9
21 8


1989 21 9 8
21 9
21 8


1990 21 9 8
21 9
21 8


1991 21 9 8
21 9
21 8


1992 21 9 8
21 9
21 8


1993 21 9 8
21 9
21 8


1994 21 9 8
21 9
21 8


1995 21 9 8
21 9
21 8


1996 21 9 8
21 9
21 8


1997 21 9 8
21 9
21 8


1998 21 9 8
21 9
21 8


1999 21 9 8
21 9
21 8


2000 21 9 8
21 9
21 8


2001 21 9 8
21 9
21 8


2002 21 9 8
21 9
21 8


2003 21 9 8
21 9
21 8


2004 21 9 8
21 9
21 8


2005 21 9 8
21 9
21 8


2006 21 9 8
21 9
21 8


2007 21 9 8
21 9
21 8


2008 21 9 8
21 9
21 8


2009 21 9 8
21 9
21 8


2010 21 9 8
21 9
21 8


2011 21 9 8
21 9
21 8


2012 21 9 8
21 9
21 8


2013 21 9 8
21 9
21 8


2014 21 9 8
21 9
21 8


2015 21 9 8
21 9
21 8


2016 21 9 8
21 9
21 8


2017 21 9 8
21 9
21 8


2018 21 9 8
21 9
21 8


2019 21 9 8
21 9
21 8


2020 21 9 8
21 9
21 8


2021 21 9 8
21 9
21 8


2022 21 9 8
21 9
21 8


2023 21 9 8
21 9
21 8


2024 21 9 8
21 9
21 8


2025 21 9 8
21 9
21 8


2026 21 9 8
21 9
21 8


2027 21 9 8
21 9
21 8


2028 21 9 8
21 9
21 8


2029 21 9 8
21 9
21 8


2030 21 9 8
21 9
21 8


2031 21 9 8
21 9
21 8


2032 21 9 8
21 9
21 8


2033 21 9 8
21 9
21 8


2034 21 9 8
21 9
21 8


2035 21 9 8
21 9
21 8


2036 21 9 8
21 9
21 8


2037 21 9 8
21 9
21 8


2038 21 9 8
21 9
21 8


2039 21 9 8
21 9
21 8


2040 21 9 8
21 9
21 8


2041 21 9 8
21 9
21 8


2042 21 9 8
21 9
21 8


2043 21 9 8
21 9
21 8


2044 21 9 8
21 9
21 8


2045 21 9 8
21 9
21 8


2046 21 9 8
21 9
21 8


2047 21 9 8
21 9
21 8


2048 21 9 8
21 9
21 8


2049 21 9 8
21 9
21 8


2050 21 9 8
21 9
21 8


2051 21 9 8
21 9
21 8


2052 21 9 8
21 9
21 8


2053 21 9 8
21 9
21 8


2054 21 9 8
21 9
21 8


2055 21 9 8
21 9
21 8


2056 21 9 8
21 9
21 8


2057 21 9 8
21 9
21 8


2058 21 9 8
21 9
21 8


2059 21 9 8
21 9
21 8


2060 21 9 8
21 9
21 8


2061 21 9 8
21 9
21 8


2062 21 9 8
21 9
21 8


2063 21 9 8
21 9
21 8


2064 21 9 8
21 9
21 8


2065 21 9 8
21 9
21 8


2066 21 9 8
21 9
21 8


2067 21 9 8
21 9
21 8


2068 21 9 8
21 9
21 8


2069 21 9 8
21 9
21 8


2070 21 9 8
21 9
21 8


2071 21 9 8
21 9
21 8


2072 21 9 8
21 9
21 8


2073 21 9 8
21 9
21 8


2074 21 9 8
21 9
21 8


2075 21 9 8
21 9
21 8


2076 21 9 8
21 9
21 8


2077 21 9 8
21 9
21 8


2078 21 9 8
21 9
21 8


2079 21 9 8
21 9
21 8


2080 21 9 8
21 9
21 8


2081 21 9 8
21 9
21 8


2082 21 9 8
21 9
21 8


2083 21 9 8
21 9
21 8


2084 21 9 8
21 9
21 8


2085 21 9 8
21 9
21 8


2086 21 9 8
21 9
21 8


2087 21 9 8
21 9
21 8


2088 21 9 8
21 9
21 8


2089 21 9 8
21 9
21 8


2090 21 9 8
21 9
21 8


2091 21 9 8
21 9
21 8


2092 21 9 8
21 9
21 8


2093 21 9 8
21 9
21 8


2094 21 9 8
21 9
21 8


2095 21 9 8
21 9
21 8


2096 21 9 8
21 9
21 8


2097 21 9 8
21 9
21 8


2098 21 9 8
21 9
21 8


2099 21 9 8
21 9
21 8


2100 21 9 8
21 9
21 8


3401 31 30 0
31 30
31 0


3402 31 30 0
31 30
31 0


3403 31 30 0
31 30
31 0


3404 31 30 0
31 30
31 0


3405 31 30 0
31 30
31 0


3406 31 30 0
31 30
31 0


3407 31 30 0
31 30
31 0


3408 31 30 0
31 30
31 0


3409 31 30 0
31 30
31 0


3410 31 30 0
31 30
31 0


3411 31 30 0
31 30
31 0


3412 31 30 0
31 30
31 0


3413 31 30 0
31 30
31 0


3414 31 30 0
31 30
31 0


3415 31 30 0
31 30
31 0


3416 31 30 0
31 30
31 0


3417 31 30 0
31 30
31 0


3418 31 30 0
31 30
31 0


3419 31 30 0
31 30
31 0


3420 31 30 0
31 30
31 0


3421 31 30 0
31 30
31 0


3422 31 30 0
31 30
31 0


3423 31 30 0
31 30
31 0


3424 31 30 0
31 30
31 0


3425 31 30 0
31 30
31 0


3426 31 30 0
31 30
31 0


3427 31 30 0
31 30
31 0


3428 31 30 0
31 30
31 0


3429 31 30 0
31 30
31 0


3430 31 30 0
31 30
31 0


3431 31 30 0
31 30
31 0


3432 31 30 0
31 30
31 0


3433 31 30 0
31 30
31 0


3434 31 30 0
31 30
31 0


3435 31 30 0
31 30
31 0


3436 31 30 0
31 30
31 0


3437 31 30 0
31 30
31 0


3438 31 30 0
31 30
31 0


3439 31 30 0
31 30
31 0


3440 31 30 0
31 30
31 0


3441 31 30 0
31 30
31 0


3442 31 30 0
31 30
31 0


3443 31 30 0
31 30
31 0


3444 31 30 0
31 30
31 0


3445 31 30 0
31 30
31 0


3446 31 30 0
31 30
31 0


3447 31 30 0
31 30
31 0


3448 31 30 0
31 30
31 0


3449 31 30 0
31 30
31 0


3450 31 30 0
31 30
31 0


3451 31 30 0
31 30
31 0


3452 31 30 0
31 30
31 0


3453 31 30 0
31 30
31 0


3454 31 30 0
31 30
31 0


3455 31 30 0
31 30
31 0


3456 31 30 0
31 30
31 0


3457 31 30 0
31 30
31 0


3458 31 30 0
31 30
31 0


3459 31 30 0
31 30
31 0


3460 31 30 0
31 30
31 0


3461 31 30 0
31 30
31 0


3462 31 30 0
31 30
31 0


3463 31 30 0
31 30
31 0


3464 31 30 0
31 30
31 0


3465 31 30 0
31 30
31 0


3466 31 30 0
31 30
31 0


3467 31 30 0
31 30
31 0


3468 31 30 0
31 30
31 0


3469 31 30 0
31 30
31 0


3470 31 30 0
31 30
31 0


3471 31 30 0
31 30
31 0


3472 31 30 0
31 30
31 0


3473 31 30 0
31 30
31 0


3474 31 30 0
31 30
31 0


3475 31 30 0
31 30
31 0


3476 31 30 0
31 30
31 0


3477 31 30 0
31 30
31 0


3478 31 30 0
31 30
31 0


3479 31 30 0
31 30
31 0


3480 31 30 0
31 30
31 0


3481 31 30 0
31 30
31 0


3482 31 30 0
31 30
31 0


3483 31 30 0
31 30
31 0


3484 31 30 0
31 30
31 0


3485 31 30 0
31 30
31 0


3486 31 30 0
31 30
31 0


3487 31 30 0
31 30
31 0


3488 31 30 0
31 30
31 0


3489 31 30 0
31 30
31 0


3490 31 30 0
31 30
31 0


3491 31 30 0
31 30
31 0


3492 31 30 0
31 30
31 0


3493 31 30 0
31 30
31 0


3494 31 30 0
31 30
31 0


3495 31 30 0
31 30
31 0


3496 31 30 0
31 30
31 0


3497 31 30 0
31 30
31 0


3498 31 30 0
31 30
31 0


3499 31 30 0
31 30
31 0


3500 31 30 0
31 30
31 0


3501 31 30 0
31 30
31 0


3502 31 30 0
31 30
31 0


3503 31 30 0
31 30
31 0


3504 31 30 0
31 30
31 0


3505 31 30 0
31 30
31 0


3506 31 30 0
31 30
31 0


3507 31 30 0
31 30
31 0


3508 31 30 0
31 30
31 0


3509 31 30 0
31 30
31 0


3510 31 30 0
31 30
31 0


3511 31 30 0
31 30
31 0


3512 31 30 0
31 30
31 0


3513 31 30 0
31 30
31 0


3514 31 30 0
31 30
31 0


3515 31 30 0
31 30
31 0


3516 31 30 0
31 30
31 0


3517 31 30 0
31 30
31 0


3518 31 30 0
31 30
31 0


3519 31 30 0
31 30
31 0


3520 31 30 0
31 30
31 0


3521 31 30 0
31 30
31 0


3522 31 30 0
31 30
31 0


3523 31 30 0
31 30
31 0


3524 31 30 0
31 30
31 0


3525 31 30 0
31 30
31 0


3526 31 30 0
31 30
31 0


3527 31 30 0
31 30
31 0


3528 31 30 0
31 30
31 0


4829 34 29 27
34 29
34 27


4830 34 29 27
34 29
34 27


4831 34 29 27
34 29
34 27


4832 34 29 27
34 29
34 27


4833 34 29 27
34 29
34 27


4834 34 29 27
34 29
34 27


4835 34 29 27
34 29
34 27


4836 34 29 27
34 29
34 27


4837 34 29 27
34 29
34 27


4838 34 29 27
34 29
34 27


4839 34 29 27
34 29
34 27


4840 34 29 27
34 29
34 27


4841 34 29 27
34 29
34 27


4842 34 29 27
34 29
34 27


4843 34 29 27
34 29
34 27


4844 34 29 27
34 29
34 27


4845 34 29 27
34 29
34 27


4846 34 29 27
34 29
34 27


4847 34 29 27
34 29
34 27


4848 34 29 27
34 29
34 27


4849 34 29 27
34 29
34 27


4850 34 29 27
34 29
34 27


4851 34 29 27
34 29
34 27


4852 34 29 27
34 29
34 27


4853 34 29 27
34 29
34 27


4854 34 29 27
34 29
34 27


4855 34 29 27
34 29
34 27


4856 34 29 27
34 29
34 27


4857 34 29 27
34 29
34 27


4858 34 29 27
34 29
34 27


4859 34 29 27
34 29
34 27


4860 34 29 27
34 29
34 27


4861 34 29 27
34 29
34 27


4862 34 29 27
34 29
34 27


4863 34 29 27
34 29
34 27


4864 34 29 27
34 29
34 27


4865 34 29 27
34 29
34 27


4866 34 29 27
34 29
34 27


4867 34 29 27
34 29
34 27


4868 34 29 27
34 29
34 27


4869 34 29 27
34 29
34 27


4870 34 29 27
34 29
34 27


4871 34 29 27
34 29
34 27


4872 34 29 27
34 29
34 27


4873 34 29 27
34 29
34 27


4874 34 29 27
34 29
34 27


4875 34 29 27
34 29
34 27


4876 34 29 27
34 29
34 27


4877 34 29 27
34 29
34 27


4878 34 29 27
34 29
34 27


4879 34 29 27
34 29
34 27


4880 34 29 27
34 29
34 27


4881 34 29 27
34 29
34 27


4882 34 29 27
34 29
34 27


4883 34 29 27
34 29
34 27


4884 34 29 27
34 29
34 27


4885 34 29 27
34 29
34 27


4886 34 29 27
34 29
34 27


4887 34 29 27
34 29
34 27


4888 34 29 27
34 29
34 27


4889 34 29 27
34 29
34 27


4890 34 29 27
34 29
34 27


4891 34 29 27
34 29
34 27


4892 34 29 27
34 29
34 27


4893 34 29 27
34 29
34 27


4894 34 29 27
34 29
34 27


4895 34 29 27
34 29
34 27


4896 34 29 27
34 29
34 27


4897 34 29 27
34 29
34 27


4898 34 29 27
34 29
34 27


4899 34 29 27
34 29
34 27


4900 34 29 27
34 29
34 27


4901 34 29 27
34 29
34 27


4902 34 29 27
34 29
34 27


4903 34 29 27
34 29
34 27


4904 34 29 27
34 29
34 27


4905 34 29 27
34 29
34 27


4906 34 29 27
34 29
34 27


4907 34 29 27
34 29
34 27


4908 34 29 27
34 29
34 27


4909 34 29 27
34 29
34 27


4910 34 29 27
34 29
34 27


4911 34 29 27
34 29
34 27


4912 34 29 27
34 29
34 27


4913 34 29 27
34 29
34 27


4914 34 29 27
34 29
34 27


4915 34 29 27
34 29
34 27


4916 34 29 27
34 29
34 27


4917 34 29 27
34 29
34 27


4918 34 29 27
34 29
34 27


4919 34 29 27
34 29
34 27


4920 34 29 27
34 29
34 27


4921 34 29 27
34 29
34 27


4922 34 29 27
34 29
34 27


4923 34 29 27
34 29
34 27


4924 34 29 27
34 29
34 27


4925 34 29 27
34 29
34 27


4926 34 29 27
34 29
34 27


4927 34 29 27
34 29
34 27


4928 34 29 27
34 29
34 27


4929 34 29 27
34 29
34 27


4930 34 29 27
34 29
34 27


4931 34 29 27
34 29
34 27


4932 34 29 27
34 29
34 27


4933 34 29 27
34 29
34 27


4934 34 29 27
34 29
34 27


4935 34 29 27
34 29
34 27


4936 34 29 27
34 29
34 27


4937 34 29 27
34 29
34 27


4938 34 29 27
34 29
34 27


4939 34 29 27
34 29
34 27


4940 34 29 27
34 29
34 27


4941 34 29 27
34 29
34 27


4942 34 29 27
34 29
34 27


4943 34 29 27
34 29
34 27


4944 34 29 27
34 29
34 27


4945 34 29 27
34 29
34 27


4946 34 29 27
34 29
34 27


4947 34 29 27
34 29
34 27


4948 34 29 27
34 29
34 27


4949 34 29 27
34 29
34 27


4950 34 29 27
34 29
34 27


4951 34 29 27
34 29
34 27


4952 34 29 27
34 29
34 27


4953 34 29 27
34 29
34 27


4954 34 29 27
34 29
34 27


4955 34 29 27
34 29
34 27


4956 34 29 27
34 29
34 27


6257 15 11 5
15 11
15 5


6258 15 11 5
15 11
15 5


6259 15 11 5
15 11
15 5


6260 15 11 5
15 11
15 5


6261 15 11 5
15 11
15 5


6262 15 11 5
15 11
15 5


6263 15 11 5
15 11
15 5


6264 15 11 5
15 11
15 5


6265 15 11 5
15 11
15 5


6266 15 11 5
15 11
15 5


6267 15 11 5
15 11
15 5


6268 15 11 5
15 11
15 5


6269 15 11 5
15 11
15 5


6270 15 11 5
15 11
15 5


6271 15 11 5
15 11
15 5


6272 15 11 5
15 11
15 5


6273 15 11 5
15 11
15 5


6274 15 11 5
15 11
15 5


6275 15 11 5
15 11
15 5


6276 15 11 5
15 11
15 5


6277 15 11 5
15 11
15 5


6278 15 11 5
15 11
15 5


6279 15 11 5
15 11
15 5


6280 15 11 5
15 11
15 5


6281 15 11 5
15 11
15 5


6282 15 11 5
15 11
15 5


6283 15 11 5
15 11
15 5


6284 15 11 5
15 11
15 5


6285 15 11 5
15 11
15 5


6286 15 11 5
15 11
15 5


6287 15 11 5
15 11
15 5


6288 15 11 5
15 11
15 5


6289 15 11 5
15 11
15 5


6290 15 11 5
15 11
15 5


6291 15 11 5
15 11
15 5


6292 15 11 5
15 11
15 5


6293 15 11 5
15 11
15 5


6294 15 11 5
15 11
15 5


6295 15 11 5
15 11
15 5


6296 15 11 5
15 11
15 5


6297 15 11 5
15 11
15 5


6298 15 11 5
15 11
15 5


6299 15 11 5
15 11
15 5


6300 15 11 5
15 11
15 5


6301 15 11 5
15 11
15 5


6302 15 11 5
15 11
15 5


6303 15 11 5
15 11
15 5


6304 15 11 5
15 11
15 5


6305 15 11 5
15 11
15 5


6306 15 11 5
15 11
15 5


6307 15 11 5
15 11
15 5


6308 15 11 5
15 11
15 5


6309 15 11 5
15 11
15 5


6310 15 11 5
15 11
15 5


6311 15 11 5
15 11
15 5


6312 15 11 5
15 11
15 5


6313 15 11 5
15 11
15 5


6314 15 11 5
15 11
15 5


6315 15 11 5
15 11
15 5


6316 15 11 5
15 11
15 5


6317 15 11 5
15 11
15 5


6318 15 11 5
15 11
15 5


6319 15 11 5
15 11
15 5


6320 15 11 5
15 11
15 5


6321 15 11 5
15 11
15 5


6322 15 11 5
15 11
15 5


6323 15 11 5
15 11
15 5


6324 15 11 5
15 11
15 5


6325 15 11 5
15 11
15 5


6326 15 11 5
15 11
15 5


6327 15 11 5
15 11
15 5


6328 15 11 5
15 11
15 5


6329 15 11 5
15 11
15 5


6330 15 11 5
15 11
15 5


6331 15 11 5
15 11
15 5


6332 15 11 5
15 11
15 5


6333 15 11 5
15 11
15 5


6334 15 11 5
15 11
15 5


6335 15 11 5
15 11
15 5


6336 15 11 5
15 11
15 5


6337 15 11 5
15 11
15 5


6338 15 11 5
15 11
15 5


6339 15 11 5
15 11
15 5


6340 15 11 5
15 11
15 5


6341 15 11 5
15 11
15 5


6342 15 11 5
15 11
15 5


6343 15 11 5
15 11
15 5


6344 15 11 5
15 11
15 5


6345 15 11 5
15 11
15 5


6346 15 11 5
15 11
15 5


6347 15 11 5
15 11
15 5


6348 15 11 5
15 11
15 5


6349 15 11 5
15 11
15 5


6350 15 11 5
15 11
15 5


6351 15 11 5
15 11
15 5


6352 15 11 5
15 11
15 5


6353 15 11 5
15 11
15 5


6354 15 11 5
15 11
15 5


6355 15 11 5
15 11
15 5


6356 15 11 5
15 11
15 5


6357 15 11 5
15 11
15 5


6358 15 11 5
15 11
15 5


6359 15 11 5
15 11
15 5


6360 15 11 5
15 11
15 5


6361 15 11 5
15 11
15 5


6362 15 11 5
15 11
15 5


6363 15 11 5
15 11
15 5


6364 15 11 5
15 11
15 5


6365 15 11 5
15 11
15 5


6366 15 11 5
15 11
15 5


6367 15 11 5
15 11
15 5


6368 15 11 5
15 11
15 5


6369 15 11 5
15 11
15 5


6370 15 11 5
15 11
15 5


6371 15 11 5
15 11
15 5


6372 15 11 5
15 11
15 5


6373 15 11 5
15 11
15 5


6374 15 11 5
15 11
15 5


6375 15 11 5
15 11
15 5


6376 15 11 5
15 11
15 5


6377 15 11 5
15 11
15 5


6378 15 11 5
15 11
15 5


6379 15 11 5
15 11
15 5


6380 15 11 5
15 11
15 5


6381 15 11 5
15 11
15 5


6382 15 11 5
15 11
15 5


6383 15 11 5
15 11
15 5


6384 15 11 5
15 11
15 5


