0 8 0 16
8 0
8 16


1 8 0 16
8 0
8 16


2 8 0 16
8 0
8 16


3 8 0 16
8 0
8 16


4 8 0 16
8 0
8 16


5 8 0 16
8 0
8 16


6 8 0 16
8 0
8 16


7 8 0 16
8 0
8 16


8 8 0 16
8 0
8 16


9 8 0 16
8 0
8 16


10 8 0 16
8 0
8 16


11 8 0 16
8 0
8 16


12 8 0 16
8 0
8 16


13 8 0 16
8 0
8 16


14 8 0 16
8 0
8 16


15 8 0 16
8 0
8 16


81 17 84 100
17 84
17 100


82 17 84 100
17 84
17 100


83 17 84 100
17 84
17 100


84 17 84 100
17 84
17 100


85 17 84 100
17 84
17 100


86 17 84 100
17 84
17 100


87 17 84 100
17 84
17 100


88 17 84 100
17 84
17 100


89 17 84 100
17 84
17 100


90 17 84 100
17 84
17 100


91 17 84 100
17 84
17 100


92 17 84 100
17 84
17 100


93 17 84 100
17 84
17 100


94 17 84 100
17 84
17 100


95 17 84 100
17 84
17 100


96 17 84 100
17 84
17 100


162 85 56 57
85 56
85 57


163 85 56 57
85 56
85 57


164 85 56 57
85 56
85 57


165 85 56 57
85 56
85 57


166 85 56 57
85 56
85 57


167 85 56 57
85 56
85 57


168 85 56 57
85 56
85 57


169 85 56 57
85 56
85 57


170 85 56 57
85 56
85 57


171 85 56 57
85 56
85 57


172 85 56 57
85 56
85 57


173 85 56 57
85 56
85 57


174 85 56 57
85 56
85 57


175 85 56 57
85 56
85 57


176 85 56 57
85 56
85 57


177 85 56 57
85 56
85 57


243 41 28 29
41 28
41 29


244 41 28 29
41 28
41 29


245 41 28 29
41 28
41 29


246 41 28 29
41 28
41 29


247 41 28 29
41 28
41 29


248 41 28 29
41 28
41 29


249 41 28 29
41 28
41 29


250 41 28 29
41 28
41 29


251 41 28 29
41 28
41 29


252 41 28 29
41 28
41 29


253 41 28 29
41 28
41 29


254 41 28 29
41 28
41 29


255 41 28 29
41 28
41 29


256 41 28 29
41 28
41 29


257 41 28 29
41 28
41 29


258 41 28 29
41 28
41 29


324 13 14 15
13 14
13 15


325 13 14 15
13 14
13 15


326 13 14 15
13 14
13 15


327 13 14 15
13 14
13 15


328 13 14 15
13 14
13 15


329 13 14 15
13 14
13 15


330 13 14 15
13 14
13 15


331 13 14 15
13 14
13 15


332 13 14 15
13 14
13 15


333 13 14 15
13 14
13 15


334 13 14 15
13 14
13 15


335 13 14 15
13 14
13 15


336 13 14 15
13 14
13 15


337 13 14 15
13 14
13 15


338 13 14 15
13 14
13 15


339 13 14 15
13 14
13 15


340 13 14 15
13 14
13 15


341 13 14 15
13 14
13 15


342 13 14 15
13 14
13 15


343 13 14 15
13 14
13 15


344 13 14 15
13 14
13 15


345 13 14 15
13 14
13 15


346 13 14 15
13 14
13 15


347 13 14 15
13 14
13 15


348 13 14 15
13 14
13 15


349 13 14 15
13 14
13 15


350 13 14 15
13 14
13 15


351 13 14 15
13 14
13 15


352 13 14 15
13 14
13 15


353 13 14 15
13 14
13 15


354 13 14 15
13 14
13 15


355 13 14 15
13 14
13 15


356 13 14 15
13 14
13 15


357 13 14 15
13 14
13 15


358 13 14 15
13 14
13 15


359 13 14 15
13 14
13 15


360 13 14 15
13 14
13 15


361 13 14 15
13 14
13 15


362 13 14 15
13 14
13 15


363 13 14 15
13 14
13 15


364 13 14 15
13 14
13 15


365 13 14 15
13 14
13 15


366 13 14 15
13 14
13 15


367 13 14 15
13 14
13 15


368 13 14 15
13 14
13 15


369 13 14 15
13 14
13 15


370 13 14 15
13 14
13 15


371 13 14 15
13 14
13 15


372 13 14 15
13 14
13 15


373 13 14 15
13 14
13 15


374 13 14 15
13 14
13 15


375 13 14 15
13 14
13 15


376 13 14 15
13 14
13 15


377 13 14 15
13 14
13 15


378 13 14 15
13 14
13 15


379 13 14 15
13 14
13 15


380 13 14 15
13 14
13 15


381 13 14 15
13 14
13 15


382 13 14 15
13 14
13 15


383 13 14 15
13 14
13 15


384 13 14 15
13 14
13 15


385 13 14 15
13 14
13 15


386 13 14 15
13 14
13 15


387 13 14 15
13 14
13 15


645 31 46 47
31 46
31 47


646 31 46 47
31 46
31 47


647 31 46 47
31 46
31 47


648 31 46 47
31 46
31 47


649 31 46 47
31 46
31 47


650 31 46 47
31 46
31 47


651 31 46 47
31 46
31 47


652 31 46 47
31 46
31 47


653 31 46 47
31 46
31 47


654 31 46 47
31 46
31 47


655 31 46 47
31 46
31 47


656 31 46 47
31 46
31 47


657 31 46 47
31 46
31 47


658 31 46 47
31 46
31 47


659 31 46 47
31 46
31 47


660 31 46 47
31 46
31 47


661 31 46 47
31 46
31 47


662 31 46 47
31 46
31 47


663 31 46 47
31 46
31 47


664 31 46 47
31 46
31 47


665 31 46 47
31 46
31 47


666 31 46 47
31 46
31 47


667 31 46 47
31 46
31 47


668 31 46 47
31 46
31 47


669 31 46 47
31 46
31 47


670 31 46 47
31 46
31 47


671 31 46 47
31 46
31 47


672 31 46 47
31 46
31 47


673 31 46 47
31 46
31 47


674 31 46 47
31 46
31 47


675 31 46 47
31 46
31 47


676 31 46 47
31 46
31 47


677 31 46 47
31 46
31 47


678 31 46 47
31 46
31 47


679 31 46 47
31 46
31 47


680 31 46 47
31 46
31 47


681 31 46 47
31 46
31 47


682 31 46 47
31 46
31 47


683 31 46 47
31 46
31 47


684 31 46 47
31 46
31 47


685 31 46 47
31 46
31 47


686 31 46 47
31 46
31 47


687 31 46 47
31 46
31 47


688 31 46 47
31 46
31 47


689 31 46 47
31 46
31 47


690 31 46 47
31 46
31 47


691 31 46 47
31 46
31 47


692 31 46 47
31 46
31 47


693 31 46 47
31 46
31 47


694 31 46 47
31 46
31 47


695 31 46 47
31 46
31 47


696 31 46 47
31 46
31 47


697 31 46 47
31 46
31 47


698 31 46 47
31 46
31 47


699 31 46 47
31 46
31 47


700 31 46 47
31 46
31 47


701 31 46 47
31 46
31 47


702 31 46 47
31 46
31 47


703 31 46 47
31 46
31 47


704 31 46 47
31 46
31 47


705 31 46 47
31 46
31 47


706 31 46 47
31 46
31 47


707 31 46 47
31 46
31 47


708 31 46 47
31 46
31 47


709 31 46 47
31 46
31 47


710 31 46 47
31 46
31 47


711 31 46 47
31 46
31 47


712 31 46 47
31 46
31 47


713 31 46 47
31 46
31 47


714 31 46 47
31 46
31 47


715 31 46 47
31 46
31 47


716 31 46 47
31 46
31 47


717 31 46 47
31 46
31 47


718 31 46 47
31 46
31 47


719 31 46 47
31 46
31 47


720 31 46 47
31 46
31 47


721 31 46 47
31 46
31 47


722 31 46 47
31 46
31 47


723 31 46 47
31 46
31 47


724 31 46 47
31 46
31 47


725 31 46 47
31 46
31 47


726 31 46 47
31 46
31 47


727 31 46 47
31 46
31 47


728 31 46 47
31 46
31 47


729 31 46 47
31 46
31 47


730 31 46 47
31 46
31 47


731 31 46 47
31 46
31 47


732 31 46 47
31 46
31 47


733 31 46 47
31 46
31 47


734 31 46 47
31 46
31 47


735 31 46 47
31 46
31 47


736 31 46 47
31 46
31 47


737 31 46 47
31 46
31 47


738 31 46 47
31 46
31 47


739 31 46 47
31 46
31 47


740 31 46 47
31 46
31 47


741 31 46 47
31 46
31 47


742 31 46 47
31 46
31 47


743 31 46 47
31 46
31 47


744 31 46 47
31 46
31 47


745 31 46 47
31 46
31 47


746 31 46 47
31 46
31 47


747 31 46 47
31 46
31 47


748 31 46 47
31 46
31 47


749 31 46 47
31 46
31 47


750 31 46 47
31 46
31 47


751 31 46 47
31 46
31 47


752 31 46 47
31 46
31 47


753 31 46 47
31 46
31 47


754 31 46 47
31 46
31 47


755 31 46 47
31 46
31 47


756 31 46 47
31 46
31 47


757 31 46 47
31 46
31 47


758 31 46 47
31 46
31 47


759 31 46 47
31 46
31 47


760 31 46 47
31 46
31 47


761 31 46 47
31 46
31 47


762 31 46 47
31 46
31 47


763 31 46 47
31 46
31 47


764 31 46 47
31 46
31 47


765 31 46 47
31 46
31 47


766 31 46 47
31 46
31 47


767 31 46 47
31 46
31 47


768 31 46 47
31 46
31 47


769 31 46 47
31 46
31 47


770 31 46 47
31 46
31 47


771 31 46 47
31 46
31 47


772 31 46 47
31 46
31 47


1034 30 62 61
30 62
30 61


1035 30 62 61
30 62
30 61


1036 30 62 61
30 62
30 61


1037 30 62 61
30 62
30 61


1038 30 62 61
30 62
30 61


1039 30 62 61
30 62
30 61


1040 30 62 61
30 62
30 61


1041 30 62 61
30 62
30 61


1042 30 62 61
30 62
30 61


1043 30 62 61
30 62
30 61


1044 30 62 61
30 62
30 61


1045 30 62 61
30 62
30 61


1046 30 62 61
30 62
30 61


1047 30 62 61
30 62
30 61


1048 30 62 61
30 62
30 61


1049 30 62 61
30 62
30 61


1115 63 45 44
63 45
63 44


1116 63 45 44
63 45
63 44


1117 63 45 44
63 45
63 44


1118 63 45 44
63 45
63 44


1119 63 45 44
63 45
63 44


1120 63 45 44
63 45
63 44


1121 63 45 44
63 45
63 44


1122 63 45 44
63 45
63 44


1123 63 45 44
63 45
63 44


1124 63 45 44
63 45
63 44


1125 63 45 44
63 45
63 44


1126 63 45 44
63 45
63 44


1127 63 45 44
63 45
63 44


1128 63 45 44
63 45
63 44


1129 63 45 44
63 45
63 44


1130 63 45 44
63 45
63 44


1973 34 35 51
34 35
34 51


1974 34 35 51
34 35
34 51


1975 34 35 51
34 35
34 51


1976 34 35 51
34 35
34 51


1977 34 35 51
34 35
34 51


1978 34 35 51
34 35
34 51


1979 34 35 51
34 35
34 51


1980 34 35 51
34 35
34 51


1981 34 35 51
34 35
34 51


1982 34 35 51
34 35
34 51


1983 34 35 51
34 35
34 51


1984 34 35 51
34 35
34 51


1985 34 35 51
34 35
34 51


1986 34 35 51
34 35
34 51


1987 34 35 51
34 35
34 51


1988 34 35 51
34 35
34 51


1989 34 35 51
34 35
34 51


1990 34 35 51
34 35
34 51


1991 34 35 51
34 35
34 51


1992 34 35 51
34 35
34 51


1993 34 35 51
34 35
34 51


1994 34 35 51
34 35
34 51


1995 34 35 51
34 35
34 51


1996 34 35 51
34 35
34 51


1997 34 35 51
34 35
34 51


1998 34 35 51
34 35
34 51


1999 34 35 51
34 35
34 51


2000 34 35 51
34 35
34 51


2001 34 35 51
34 35
34 51


2002 34 35 51
34 35
34 51


2003 34 35 51
34 35
34 51


2004 34 35 51
34 35
34 51


2005 34 35 51
34 35
34 51


2006 34 35 51
34 35
34 51


2007 34 35 51
34 35
34 51


2008 34 35 51
34 35
34 51


2009 34 35 51
34 35
34 51


2010 34 35 51
34 35
34 51


2011 34 35 51
34 35
34 51


2012 34 35 51
34 35
34 51


2013 34 35 51
34 35
34 51


2014 34 35 51
34 35
34 51


2015 34 35 51
34 35
34 51


2016 34 35 51
34 35
34 51


2017 34 35 51
34 35
34 51


2018 34 35 51
34 35
34 51


2019 34 35 51
34 35
34 51


2020 34 35 51
34 35
34 51


2021 34 35 51
34 35
34 51


2022 34 35 51
34 35
34 51


2023 34 35 51
34 35
34 51


2024 34 35 51
34 35
34 51


2025 34 35 51
34 35
34 51


2026 34 35 51
34 35
34 51


2027 34 35 51
34 35
34 51


2028 34 35 51
34 35
34 51


2029 34 35 51
34 35
34 51


2030 34 35 51
34 35
34 51


2031 34 35 51
34 35
34 51


2032 34 35 51
34 35
34 51


2033 34 35 51
34 35
34 51


2034 34 35 51
34 35
34 51


2035 34 35 51
34 35
34 51


2036 34 35 51
34 35
34 51


2037 34 35 51
34 35
34 51


2038 34 35 51
34 35
34 51


2039 34 35 51
34 35
34 51


2040 34 35 51
34 35
34 51


2041 34 35 51
34 35
34 51


2042 34 35 51
34 35
34 51


2043 34 35 51
34 35
34 51


2044 34 35 51
34 35
34 51


2045 34 35 51
34 35
34 51


2046 34 35 51
34 35
34 51


2047 34 35 51
34 35
34 51


2048 34 35 51
34 35
34 51


2049 34 35 51
34 35
34 51


2050 34 35 51
34 35
34 51


2051 34 35 51
34 35
34 51


2052 34 35 51
34 35
34 51


2053 34 35 51
34 35
34 51


2054 34 35 51
34 35
34 51


2055 34 35 51
34 35
34 51


2056 34 35 51
34 35
34 51


2057 34 35 51
34 35
34 51


2058 34 35 51
34 35
34 51


2059 34 35 51
34 35
34 51


2060 34 35 51
34 35
34 51


2061 34 35 51
34 35
34 51


2062 34 35 51
34 35
34 51


2063 34 35 51
34 35
34 51


2064 34 35 51
34 35
34 51


2065 34 35 51
34 35
34 51


2066 34 35 51
34 35
34 51


2067 34 35 51
34 35
34 51


2068 34 35 51
34 35
34 51


2069 34 35 51
34 35
34 51


2070 34 35 51
34 35
34 51


2071 34 35 51
34 35
34 51


2072 34 35 51
34 35
34 51


2073 34 35 51
34 35
34 51


2074 34 35 51
34 35
34 51


2075 34 35 51
34 35
34 51


2076 34 35 51
34 35
34 51


2077 34 35 51
34 35
34 51


2078 34 35 51
34 35
34 51


2079 34 35 51
34 35
34 51


2080 34 35 51
34 35
34 51


2081 34 35 51
34 35
34 51


2082 34 35 51
34 35
34 51


2083 34 35 51
34 35
34 51


2084 34 35 51
34 35
34 51


2085 34 35 51
34 35
34 51


2086 34 35 51
34 35
34 51


2087 34 35 51
34 35
34 51


2088 34 35 51
34 35
34 51


2089 34 35 51
34 35
34 51


2090 34 35 51
34 35
34 51


2091 34 35 51
34 35
34 51


2092 34 35 51
34 35
34 51


2093 34 35 51
34 35
34 51


2094 34 35 51
34 35
34 51


2095 34 35 51
34 35
34 51


2096 34 35 51
34 35
34 51


2097 34 35 51
34 35
34 51


2098 34 35 51
34 35
34 51


2099 34 35 51
34 35
34 51


2100 34 35 51
34 35
34 51


3401 114 82 66
114 82
114 66


3402 114 82 66
114 82
114 66


3403 114 82 66
114 82
114 66


3404 114 82 66
114 82
114 66


3405 114 82 66
114 82
114 66


3406 114 82 66
114 82
114 66


3407 114 82 66
114 82
114 66


3408 114 82 66
114 82
114 66


3409 114 82 66
114 82
114 66


3410 114 82 66
114 82
114 66


3411 114 82 66
114 82
114 66


3412 114 82 66
114 82
114 66


3413 114 82 66
114 82
114 66


3414 114 82 66
114 82
114 66


3415 114 82 66
114 82
114 66


3416 114 82 66
114 82
114 66


3417 114 82 66
114 82
114 66


3418 114 82 66
114 82
114 66


3419 114 82 66
114 82
114 66


3420 114 82 66
114 82
114 66


3421 114 82 66
114 82
114 66


3422 114 82 66
114 82
114 66


3423 114 82 66
114 82
114 66


3424 114 82 66
114 82
114 66


3425 114 82 66
114 82
114 66


3426 114 82 66
114 82
114 66


3427 114 82 66
114 82
114 66


3428 114 82 66
114 82
114 66


3429 114 82 66
114 82
114 66


3430 114 82 66
114 82
114 66


3431 114 82 66
114 82
114 66


3432 114 82 66
114 82
114 66


3433 114 82 66
114 82
114 66


3434 114 82 66
114 82
114 66


3435 114 82 66
114 82
114 66


3436 114 82 66
114 82
114 66


3437 114 82 66
114 82
114 66


3438 114 82 66
114 82
114 66


3439 114 82 66
114 82
114 66


3440 114 82 66
114 82
114 66


3441 114 82 66
114 82
114 66


3442 114 82 66
114 82
114 66


3443 114 82 66
114 82
114 66


3444 114 82 66
114 82
114 66


3445 114 82 66
114 82
114 66


3446 114 82 66
114 82
114 66


3447 114 82 66
114 82
114 66


3448 114 82 66
114 82
114 66


3449 114 82 66
114 82
114 66


3450 114 82 66
114 82
114 66


3451 114 82 66
114 82
114 66


3452 114 82 66
114 82
114 66


3453 114 82 66
114 82
114 66


3454 114 82 66
114 82
114 66


3455 114 82 66
114 82
114 66


3456 114 82 66
114 82
114 66


3457 114 82 66
114 82
114 66


3458 114 82 66
114 82
114 66


3459 114 82 66
114 82
114 66


3460 114 82 66
114 82
114 66


3461 114 82 66
114 82
114 66


3462 114 82 66
114 82
114 66


3463 114 82 66
114 82
114 66


3464 114 82 66
114 82
114 66


3465 114 82 66
114 82
114 66


3466 114 82 66
114 82
114 66


3467 114 82 66
114 82
114 66


3468 114 82 66
114 82
114 66


3469 114 82 66
114 82
114 66


3470 114 82 66
114 82
114 66


3471 114 82 66
114 82
114 66


3472 114 82 66
114 82
114 66


3473 114 82 66
114 82
114 66


3474 114 82 66
114 82
114 66


3475 114 82 66
114 82
114 66


3476 114 82 66
114 82
114 66


3477 114 82 66
114 82
114 66


3478 114 82 66
114 82
114 66


3479 114 82 66
114 82
114 66


3480 114 82 66
114 82
114 66


3481 114 82 66
114 82
114 66


3482 114 82 66
114 82
114 66


3483 114 82 66
114 82
114 66


3484 114 82 66
114 82
114 66


3485 114 82 66
114 82
114 66


3486 114 82 66
114 82
114 66


3487 114 82 66
114 82
114 66


3488 114 82 66
114 82
114 66


3489 114 82 66
114 82
114 66


3490 114 82 66
114 82
114 66


3491 114 82 66
114 82
114 66


3492 114 82 66
114 82
114 66


3493 114 82 66
114 82
114 66


3494 114 82 66
114 82
114 66


3495 114 82 66
114 82
114 66


3496 114 82 66
114 82
114 66


3497 114 82 66
114 82
114 66


3498 114 82 66
114 82
114 66


3499 114 82 66
114 82
114 66


3500 114 82 66
114 82
114 66


3501 114 82 66
114 82
114 66


3502 114 82 66
114 82
114 66


3503 114 82 66
114 82
114 66


3504 114 82 66
114 82
114 66


3505 114 82 66
114 82
114 66


3506 114 82 66
114 82
114 66


3507 114 82 66
114 82
114 66


3508 114 82 66
114 82
114 66


3509 114 82 66
114 82
114 66


3510 114 82 66
114 82
114 66


3511 114 82 66
114 82
114 66


3512 114 82 66
114 82
114 66


3513 114 82 66
114 82
114 66


3514 114 82 66
114 82
114 66


3515 114 82 66
114 82
114 66


3516 114 82 66
114 82
114 66


3517 114 82 66
114 82
114 66


3518 114 82 66
114 82
114 66


3519 114 82 66
114 82
114 66


3520 114 82 66
114 82
114 66


3521 114 82 66
114 82
114 66


3522 114 82 66
114 82
114 66


3523 114 82 66
114 82
114 66


3524 114 82 66
114 82
114 66


3525 114 82 66
114 82
114 66


3526 114 82 66
114 82
114 66


3527 114 82 66
114 82
114 66


3528 114 82 66
114 82
114 66


4829 70 39 38
70 39
70 38


4830 70 39 38
70 39
70 38


4831 70 39 38
70 39
70 38


4832 70 39 38
70 39
70 38


4833 70 39 38
70 39
70 38


4834 70 39 38
70 39
70 38


4835 70 39 38
70 39
70 38


4836 70 39 38
70 39
70 38


4837 70 39 38
70 39
70 38


4838 70 39 38
70 39
70 38


4839 70 39 38
70 39
70 38


4840 70 39 38
70 39
70 38


4841 70 39 38
70 39
70 38


4842 70 39 38
70 39
70 38


4843 70 39 38
70 39
70 38


4844 70 39 38
70 39
70 38


4845 70 39 38
70 39
70 38


4846 70 39 38
70 39
70 38


4847 70 39 38
70 39
70 38


4848 70 39 38
70 39
70 38


4849 70 39 38
70 39
70 38


4850 70 39 38
70 39
70 38


4851 70 39 38
70 39
70 38


4852 70 39 38
70 39
70 38


4853 70 39 38
70 39
70 38


4854 70 39 38
70 39
70 38


4855 70 39 38
70 39
70 38


4856 70 39 38
70 39
70 38


4857 70 39 38
70 39
70 38


4858 70 39 38
70 39
70 38


4859 70 39 38
70 39
70 38


4860 70 39 38
70 39
70 38


4861 70 39 38
70 39
70 38


4862 70 39 38
70 39
70 38


4863 70 39 38
70 39
70 38


4864 70 39 38
70 39
70 38


4865 70 39 38
70 39
70 38


4866 70 39 38
70 39
70 38


4867 70 39 38
70 39
70 38


4868 70 39 38
70 39
70 38


4869 70 39 38
70 39
70 38


4870 70 39 38
70 39
70 38


4871 70 39 38
70 39
70 38


4872 70 39 38
70 39
70 38


4873 70 39 38
70 39
70 38


4874 70 39 38
70 39
70 38


4875 70 39 38
70 39
70 38


4876 70 39 38
70 39
70 38


4877 70 39 38
70 39
70 38


4878 70 39 38
70 39
70 38


4879 70 39 38
70 39
70 38


4880 70 39 38
70 39
70 38


4881 70 39 38
70 39
70 38


4882 70 39 38
70 39
70 38


4883 70 39 38
70 39
70 38


4884 70 39 38
70 39
70 38


4885 70 39 38
70 39
70 38


4886 70 39 38
70 39
70 38


4887 70 39 38
70 39
70 38


4888 70 39 38
70 39
70 38


4889 70 39 38
70 39
70 38


4890 70 39 38
70 39
70 38


4891 70 39 38
70 39
70 38


4892 70 39 38
70 39
70 38


4893 70 39 38
70 39
70 38


4894 70 39 38
70 39
70 38


4895 70 39 38
70 39
70 38


4896 70 39 38
70 39
70 38


4897 70 39 38
70 39
70 38


4898 70 39 38
70 39
70 38


4899 70 39 38
70 39
70 38


4900 70 39 38
70 39
70 38


4901 70 39 38
70 39
70 38


4902 70 39 38
70 39
70 38


4903 70 39 38
70 39
70 38


4904 70 39 38
70 39
70 38


4905 70 39 38
70 39
70 38


4906 70 39 38
70 39
70 38


4907 70 39 38
70 39
70 38


4908 70 39 38
70 39
70 38


4909 70 39 38
70 39
70 38


4910 70 39 38
70 39
70 38


4911 70 39 38
70 39
70 38


4912 70 39 38
70 39
70 38


4913 70 39 38
70 39
70 38


4914 70 39 38
70 39
70 38


4915 70 39 38
70 39
70 38


4916 70 39 38
70 39
70 38


4917 70 39 38
70 39
70 38


4918 70 39 38
70 39
70 38


4919 70 39 38
70 39
70 38


4920 70 39 38
70 39
70 38


4921 70 39 38
70 39
70 38


4922 70 39 38
70 39
70 38


4923 70 39 38
70 39
70 38


4924 70 39 38
70 39
70 38


4925 70 39 38
70 39
70 38


4926 70 39 38
70 39
70 38


4927 70 39 38
70 39
70 38


4928 70 39 38
70 39
70 38


4929 70 39 38
70 39
70 38


4930 70 39 38
70 39
70 38


4931 70 39 38
70 39
70 38


4932 70 39 38
70 39
70 38


4933 70 39 38
70 39
70 38


4934 70 39 38
70 39
70 38


4935 70 39 38
70 39
70 38


4936 70 39 38
70 39
70 38


4937 70 39 38
70 39
70 38


4938 70 39 38
70 39
70 38


4939 70 39 38
70 39
70 38


4940 70 39 38
70 39
70 38


4941 70 39 38
70 39
70 38


4942 70 39 38
70 39
70 38


4943 70 39 38
70 39
70 38


4944 70 39 38
70 39
70 38


4945 70 39 38
70 39
70 38


4946 70 39 38
70 39
70 38


4947 70 39 38
70 39
70 38


4948 70 39 38
70 39
70 38


4949 70 39 38
70 39
70 38


4950 70 39 38
70 39
70 38


4951 70 39 38
70 39
70 38


4952 70 39 38
70 39
70 38


4953 70 39 38
70 39
70 38


4954 70 39 38
70 39
70 38


4955 70 39 38
70 39
70 38


4956 70 39 38
70 39
70 38


6257 25 58 59
25 58
25 59


6258 25 58 59
25 58
25 59


6259 25 58 59
25 58
25 59


6260 25 58 59
25 58
25 59


6261 25 58 59
25 58
25 59


6262 25 58 59
25 58
25 59


6263 25 58 59
25 58
25 59


6264 25 58 59
25 58
25 59


6265 25 58 59
25 58
25 59


6266 25 58 59
25 58
25 59


6267 25 58 59
25 58
25 59


6268 25 58 59
25 58
25 59


6269 25 58 59
25 58
25 59


6270 25 58 59
25 58
25 59


6271 25 58 59
25 58
25 59


6272 25 58 59
25 58
25 59


6273 25 58 59
25 58
25 59


6274 25 58 59
25 58
25 59


6275 25 58 59
25 58
25 59


6276 25 58 59
25 58
25 59


6277 25 58 59
25 58
25 59


6278 25 58 59
25 58
25 59


6279 25 58 59
25 58
25 59


6280 25 58 59
25 58
25 59


6281 25 58 59
25 58
25 59


6282 25 58 59
25 58
25 59


6283 25 58 59
25 58
25 59


6284 25 58 59
25 58
25 59


6285 25 58 59
25 58
25 59


6286 25 58 59
25 58
25 59


6287 25 58 59
25 58
25 59


6288 25 58 59
25 58
25 59


6289 25 58 59
25 58
25 59


6290 25 58 59
25 58
25 59


6291 25 58 59
25 58
25 59


6292 25 58 59
25 58
25 59


6293 25 58 59
25 58
25 59


6294 25 58 59
25 58
25 59


6295 25 58 59
25 58
25 59


6296 25 58 59
25 58
25 59


6297 25 58 59
25 58
25 59


6298 25 58 59
25 58
25 59


6299 25 58 59
25 58
25 59


6300 25 58 59
25 58
25 59


6301 25 58 59
25 58
25 59


6302 25 58 59
25 58
25 59


6303 25 58 59
25 58
25 59


6304 25 58 59
25 58
25 59


6305 25 58 59
25 58
25 59


6306 25 58 59
25 58
25 59


6307 25 58 59
25 58
25 59


6308 25 58 59
25 58
25 59


6309 25 58 59
25 58
25 59


6310 25 58 59
25 58
25 59


6311 25 58 59
25 58
25 59


6312 25 58 59
25 58
25 59


6313 25 58 59
25 58
25 59


6314 25 58 59
25 58
25 59


6315 25 58 59
25 58
25 59


6316 25 58 59
25 58
25 59


6317 25 58 59
25 58
25 59


6318 25 58 59
25 58
25 59


6319 25 58 59
25 58
25 59


6320 25 58 59
25 58
25 59


6321 25 58 59
25 58
25 59


6322 25 58 59
25 58
25 59


6323 25 58 59
25 58
25 59


6324 25 58 59
25 58
25 59


6325 25 58 59
25 58
25 59


6326 25 58 59
25 58
25 59


6327 25 58 59
25 58
25 59


6328 25 58 59
25 58
25 59


6329 25 58 59
25 58
25 59


6330 25 58 59
25 58
25 59


6331 25 58 59
25 58
25 59


6332 25 58 59
25 58
25 59


6333 25 58 59
25 58
25 59


6334 25 58 59
25 58
25 59


6335 25 58 59
25 58
25 59


6336 25 58 59
25 58
25 59


6337 25 58 59
25 58
25 59


6338 25 58 59
25 58
25 59


6339 25 58 59
25 58
25 59


6340 25 58 59
25 58
25 59


6341 25 58 59
25 58
25 59


6342 25 58 59
25 58
25 59


6343 25 58 59
25 58
25 59


6344 25 58 59
25 58
25 59


6345 25 58 59
25 58
25 59


6346 25 58 59
25 58
25 59


6347 25 58 59
25 58
25 59


6348 25 58 59
25 58
25 59


6349 25 58 59
25 58
25 59


6350 25 58 59
25 58
25 59


6351 25 58 59
25 58
25 59


6352 25 58 59
25 58
25 59


6353 25 58 59
25 58
25 59


6354 25 58 59
25 58
25 59


6355 25 58 59
25 58
25 59


6356 25 58 59
25 58
25 59


6357 25 58 59
25 58
25 59


6358 25 58 59
25 58
25 59


6359 25 58 59
25 58
25 59


6360 25 58 59
25 58
25 59


6361 25 58 59
25 58
25 59


6362 25 58 59
25 58
25 59


6363 25 58 59
25 58
25 59


6364 25 58 59
25 58
25 59


6365 25 58 59
25 58
25 59


6366 25 58 59
25 58
25 59


6367 25 58 59
25 58
25 59


6368 25 58 59
25 58
25 59


6369 25 58 59
25 58
25 59


6370 25 58 59
25 58
25 59


6371 25 58 59
25 58
25 59


6372 25 58 59
25 58
25 59


6373 25 58 59
25 58
25 59


6374 25 58 59
25 58
25 59


6375 25 58 59
25 58
25 59


6376 25 58 59
25 58
25 59


6377 25 58 59
25 58
25 59


6378 25 58 59
25 58
25 59


6379 25 58 59
25 58
25 59


6380 25 58 59
25 58
25 59


6381 25 58 59
25 58
25 59


6382 25 58 59
25 58
25 59


6383 25 58 59
25 58
25 59


6384 25 58 59
25 58
25 59


