0 4 1 8
4 1
4 8


1 4 1 8
4 1
4 8


2 4 1 8
4 1
4 8


3 4 1 8
4 1
4 8


4 4 1 8
4 1
4 8


5 4 1 8
4 1
4 8


6 4 1 8
4 1
4 8


7 4 1 8
4 1
4 8


8 4 1 8
4 1
4 8


9 4 1 8
4 1
4 8


10 4 1 8
4 1
4 8


11 4 1 8
4 1
4 8


12 4 1 8
4 1
4 8


13 4 1 8
4 1
4 8


14 4 1 8
4 1
4 8


15 4 1 8
4 1
4 8


81 0 31 30
0 31
0 30


82 0 31 30
0 31
0 30


83 0 31 30
0 31
0 30


84 0 31 30
0 31
0 30


85 0 31 30
0 31
0 30


86 0 31 30
0 31
0 30


87 0 31 30
0 31
0 30


88 0 31 30
0 31
0 30


89 0 31 30
0 31
0 30


90 0 31 30
0 31
0 30


91 0 31 30
0 31
0 30


92 0 31 30
0 31
0 30


93 0 31 30
0 31
0 30


94 0 31 30
0 31
0 30


95 0 31 30
0 31
0 30


96 0 31 30
0 31
0 30


162 37 40 33
37 40
37 33


163 37 40 33
37 40
37 33


164 37 40 33
37 40
37 33


165 37 40 33
37 40
37 33


166 37 40 33
37 40
37 33


167 37 40 33
37 40
37 33


168 37 40 33
37 40
37 33


169 37 40 33
37 40
37 33


170 37 40 33
37 40
37 33


171 37 40 33
37 40
37 33


172 37 40 33
37 40
37 33


173 37 40 33
37 40
37 33


174 37 40 33
37 40
37 33


175 37 40 33
37 40
37 33


176 37 40 33
37 40
37 33


177 37 40 33
37 40
37 33


243 39 29 35
39 29
39 35


244 39 29 35
39 29
39 35


245 39 29 35
39 29
39 35


246 39 29 35
39 29
39 35


247 39 29 35
39 29
39 35


248 39 29 35
39 29
39 35


249 39 29 35
39 29
39 35


250 39 29 35
39 29
39 35


251 39 29 35
39 29
39 35


252 39 29 35
39 29
39 35


253 39 29 35
39 29
39 35


254 39 29 35
39 29
39 35


255 39 29 35
39 29
39 35


256 39 29 35
39 29
39 35


257 39 29 35
39 29
39 35


258 39 29 35
39 29
39 35


324 42 0 1
42 0
42 1


325 42 0 1
42 0
42 1


326 42 0 1
42 0
42 1


327 42 0 1
42 0
42 1


328 42 0 1
42 0
42 1


329 42 0 1
42 0
42 1


330 42 0 1
42 0
42 1


331 42 0 1
42 0
42 1


332 42 0 1
42 0
42 1


333 42 0 1
42 0
42 1


334 42 0 1
42 0
42 1


335 42 0 1
42 0
42 1


336 42 0 1
42 0
42 1


337 42 0 1
42 0
42 1


338 42 0 1
42 0
42 1


339 42 0 1
42 0
42 1


340 42 0 1
42 0
42 1


341 42 0 1
42 0
42 1


342 42 0 1
42 0
42 1


343 42 0 1
42 0
42 1


344 42 0 1
42 0
42 1


345 42 0 1
42 0
42 1


346 42 0 1
42 0
42 1


347 42 0 1
42 0
42 1


348 42 0 1
42 0
42 1


349 42 0 1
42 0
42 1


350 42 0 1
42 0
42 1


351 42 0 1
42 0
42 1


352 42 0 1
42 0
42 1


353 42 0 1
42 0
42 1


354 42 0 1
42 0
42 1


355 42 0 1
42 0
42 1


356 42 0 1
42 0
42 1


357 42 0 1
42 0
42 1


358 42 0 1
42 0
42 1


359 42 0 1
42 0
42 1


360 42 0 1
42 0
42 1


361 42 0 1
42 0
42 1


362 42 0 1
42 0
42 1


363 42 0 1
42 0
42 1


364 42 0 1
42 0
42 1


365 42 0 1
42 0
42 1


366 42 0 1
42 0
42 1


367 42 0 1
42 0
42 1


368 42 0 1
42 0
42 1


369 42 0 1
42 0
42 1


370 42 0 1
42 0
42 1


371 42 0 1
42 0
42 1


372 42 0 1
42 0
42 1


373 42 0 1
42 0
42 1


374 42 0 1
42 0
42 1


375 42 0 1
42 0
42 1


376 42 0 1
42 0
42 1


377 42 0 1
42 0
42 1


378 42 0 1
42 0
42 1


379 42 0 1
42 0
42 1


380 42 0 1
42 0
42 1


381 42 0 1
42 0
42 1


382 42 0 1
42 0
42 1


383 42 0 1
42 0
42 1


384 42 0 1
42 0
42 1


385 42 0 1
42 0
42 1


386 42 0 1
42 0
42 1


387 42 0 1
42 0
42 1


645 43 7 14
43 7
43 14


646 43 7 14
43 7
43 14


647 43 7 14
43 7
43 14


648 43 7 14
43 7
43 14


649 43 7 14
43 7
43 14


650 43 7 14
43 7
43 14


651 43 7 14
43 7
43 14


652 43 7 14
43 7
43 14


653 43 7 14
43 7
43 14


654 43 7 14
43 7
43 14


655 43 7 14
43 7
43 14


656 43 7 14
43 7
43 14


657 43 7 14
43 7
43 14


658 43 7 14
43 7
43 14


659 43 7 14
43 7
43 14


660 43 7 14
43 7
43 14


661 43 7 14
43 7
43 14


662 43 7 14
43 7
43 14


663 43 7 14
43 7
43 14


664 43 7 14
43 7
43 14


665 43 7 14
43 7
43 14


666 43 7 14
43 7
43 14


667 43 7 14
43 7
43 14


668 43 7 14
43 7
43 14


669 43 7 14
43 7
43 14


670 43 7 14
43 7
43 14


671 43 7 14
43 7
43 14


672 43 7 14
43 7
43 14


673 43 7 14
43 7
43 14


674 43 7 14
43 7
43 14


675 43 7 14
43 7
43 14


676 43 7 14
43 7
43 14


677 43 7 14
43 7
43 14


678 43 7 14
43 7
43 14


679 43 7 14
43 7
43 14


680 43 7 14
43 7
43 14


681 43 7 14
43 7
43 14


682 43 7 14
43 7
43 14


683 43 7 14
43 7
43 14


684 43 7 14
43 7
43 14


685 43 7 14
43 7
43 14


686 43 7 14
43 7
43 14


687 43 7 14
43 7
43 14


688 43 7 14
43 7
43 14


689 43 7 14
43 7
43 14


690 43 7 14
43 7
43 14


691 43 7 14
43 7
43 14


692 43 7 14
43 7
43 14


693 43 7 14
43 7
43 14


694 43 7 14
43 7
43 14


695 43 7 14
43 7
43 14


696 43 7 14
43 7
43 14


697 43 7 14
43 7
43 14


698 43 7 14
43 7
43 14


699 43 7 14
43 7
43 14


700 43 7 14
43 7
43 14


701 43 7 14
43 7
43 14


702 43 7 14
43 7
43 14


703 43 7 14
43 7
43 14


704 43 7 14
43 7
43 14


705 43 7 14
43 7
43 14


706 43 7 14
43 7
43 14


707 43 7 14
43 7
43 14


708 43 7 14
43 7
43 14


709 43 7 14
43 7
43 14


710 43 7 14
43 7
43 14


711 43 7 14
43 7
43 14


712 43 7 14
43 7
43 14


713 43 7 14
43 7
43 14


714 43 7 14
43 7
43 14


715 43 7 14
43 7
43 14


716 43 7 14
43 7
43 14


717 43 7 14
43 7
43 14


718 43 7 14
43 7
43 14


719 43 7 14
43 7
43 14


720 43 7 14
43 7
43 14


721 43 7 14
43 7
43 14


722 43 7 14
43 7
43 14


723 43 7 14
43 7
43 14


724 43 7 14
43 7
43 14


725 43 7 14
43 7
43 14


726 43 7 14
43 7
43 14


727 43 7 14
43 7
43 14


728 43 7 14
43 7
43 14


729 43 7 14
43 7
43 14


730 43 7 14
43 7
43 14


731 43 7 14
43 7
43 14


732 43 7 14
43 7
43 14


733 43 7 14
43 7
43 14


734 43 7 14
43 7
43 14


735 43 7 14
43 7
43 14


736 43 7 14
43 7
43 14


737 43 7 14
43 7
43 14


738 43 7 14
43 7
43 14


739 43 7 14
43 7
43 14


740 43 7 14
43 7
43 14


741 43 7 14
43 7
43 14


742 43 7 14
43 7
43 14


743 43 7 14
43 7
43 14


744 43 7 14
43 7
43 14


745 43 7 14
43 7
43 14


746 43 7 14
43 7
43 14


747 43 7 14
43 7
43 14


748 43 7 14
43 7
43 14


749 43 7 14
43 7
43 14


750 43 7 14
43 7
43 14


751 43 7 14
43 7
43 14


752 43 7 14
43 7
43 14


753 43 7 14
43 7
43 14


754 43 7 14
43 7
43 14


755 43 7 14
43 7
43 14


756 43 7 14
43 7
43 14


757 43 7 14
43 7
43 14


758 43 7 14
43 7
43 14


759 43 7 14
43 7
43 14


760 43 7 14
43 7
43 14


761 43 7 14
43 7
43 14


762 43 7 14
43 7
43 14


763 43 7 14
43 7
43 14


764 43 7 14
43 7
43 14


765 43 7 14
43 7
43 14


766 43 7 14
43 7
43 14


767 43 7 14
43 7
43 14


768 43 7 14
43 7
43 14


769 43 7 14
43 7
43 14


770 43 7 14
43 7
43 14


771 43 7 14
43 7
43 14


772 43 7 14
43 7
43 14


1034 8 22 15
8 22
8 15


1035 8 22 15
8 22
8 15


1036 8 22 15
8 22
8 15


1037 8 22 15
8 22
8 15


1038 8 22 15
8 22
8 15


1039 8 22 15
8 22
8 15


1040 8 22 15
8 22
8 15


1041 8 22 15
8 22
8 15


1042 8 22 15
8 22
8 15


1043 8 22 15
8 22
8 15


1044 8 22 15
8 22
8 15


1045 8 22 15
8 22
8 15


1046 8 22 15
8 22
8 15


1047 8 22 15
8 22
8 15


1048 8 22 15
8 22
8 15


1049 8 22 15
8 22
8 15


1115 16 23 24
16 23
16 24


1116 16 23 24
16 23
16 24


1117 16 23 24
16 23
16 24


1118 16 23 24
16 23
16 24


1119 16 23 24
16 23
16 24


1120 16 23 24
16 23
16 24


1121 16 23 24
16 23
16 24


1122 16 23 24
16 23
16 24


1123 16 23 24
16 23
16 24


1124 16 23 24
16 23
16 24


1125 16 23 24
16 23
16 24


1126 16 23 24
16 23
16 24


1127 16 23 24
16 23
16 24


1128 16 23 24
16 23
16 24


1129 16 23 24
16 23
16 24


1130 16 23 24
16 23
16 24


1973 15 24 17
15 24
15 17


1974 15 24 17
15 24
15 17


1975 15 24 17
15 24
15 17


1976 15 24 17
15 24
15 17


1977 15 24 17
15 24
15 17


1978 15 24 17
15 24
15 17


1979 15 24 17
15 24
15 17


1980 15 24 17
15 24
15 17


1981 15 24 17
15 24
15 17


1982 15 24 17
15 24
15 17


1983 15 24 17
15 24
15 17


1984 15 24 17
15 24
15 17


1985 15 24 17
15 24
15 17


1986 15 24 17
15 24
15 17


1987 15 24 17
15 24
15 17


1988 15 24 17
15 24
15 17


1989 15 24 17
15 24
15 17


1990 15 24 17
15 24
15 17


1991 15 24 17
15 24
15 17


1992 15 24 17
15 24
15 17


1993 15 24 17
15 24
15 17


1994 15 24 17
15 24
15 17


1995 15 24 17
15 24
15 17


1996 15 24 17
15 24
15 17


1997 15 24 17
15 24
15 17


1998 15 24 17
15 24
15 17


1999 15 24 17
15 24
15 17


2000 15 24 17
15 24
15 17


2001 15 24 17
15 24
15 17


2002 15 24 17
15 24
15 17


2003 15 24 17
15 24
15 17


2004 15 24 17
15 24
15 17


2005 15 24 17
15 24
15 17


2006 15 24 17
15 24
15 17


2007 15 24 17
15 24
15 17


2008 15 24 17
15 24
15 17


2009 15 24 17
15 24
15 17


2010 15 24 17
15 24
15 17


2011 15 24 17
15 24
15 17


2012 15 24 17
15 24
15 17


2013 15 24 17
15 24
15 17


2014 15 24 17
15 24
15 17


2015 15 24 17
15 24
15 17


2016 15 24 17
15 24
15 17


2017 15 24 17
15 24
15 17


2018 15 24 17
15 24
15 17


2019 15 24 17
15 24
15 17


2020 15 24 17
15 24
15 17


2021 15 24 17
15 24
15 17


2022 15 24 17
15 24
15 17


2023 15 24 17
15 24
15 17


2024 15 24 17
15 24
15 17


2025 15 24 17
15 24
15 17


2026 15 24 17
15 24
15 17


2027 15 24 17
15 24
15 17


2028 15 24 17
15 24
15 17


2029 15 24 17
15 24
15 17


2030 15 24 17
15 24
15 17


2031 15 24 17
15 24
15 17


2032 15 24 17
15 24
15 17


2033 15 24 17
15 24
15 17


2034 15 24 17
15 24
15 17


2035 15 24 17
15 24
15 17


2036 15 24 17
15 24
15 17


2037 15 24 17
15 24
15 17


2038 15 24 17
15 24
15 17


2039 15 24 17
15 24
15 17


2040 15 24 17
15 24
15 17


2041 15 24 17
15 24
15 17


2042 15 24 17
15 24
15 17


2043 15 24 17
15 24
15 17


2044 15 24 17
15 24
15 17


2045 15 24 17
15 24
15 17


2046 15 24 17
15 24
15 17


2047 15 24 17
15 24
15 17


2048 15 24 17
15 24
15 17


2049 15 24 17
15 24
15 17


2050 15 24 17
15 24
15 17


2051 15 24 17
15 24
15 17


2052 15 24 17
15 24
15 17


2053 15 24 17
15 24
15 17


2054 15 24 17
15 24
15 17


2055 15 24 17
15 24
15 17


2056 15 24 17
15 24
15 17


2057 15 24 17
15 24
15 17


2058 15 24 17
15 24
15 17


2059 15 24 17
15 24
15 17


2060 15 24 17
15 24
15 17


2061 15 24 17
15 24
15 17


2062 15 24 17
15 24
15 17


2063 15 24 17
15 24
15 17


2064 15 24 17
15 24
15 17


2065 15 24 17
15 24
15 17


2066 15 24 17
15 24
15 17


2067 15 24 17
15 24
15 17


2068 15 24 17
15 24
15 17


2069 15 24 17
15 24
15 17


2070 15 24 17
15 24
15 17


2071 15 24 17
15 24
15 17


2072 15 24 17
15 24
15 17


2073 15 24 17
15 24
15 17


2074 15 24 17
15 24
15 17


2075 15 24 17
15 24
15 17


2076 15 24 17
15 24
15 17


2077 15 24 17
15 24
15 17


2078 15 24 17
15 24
15 17


2079 15 24 17
15 24
15 17


2080 15 24 17
15 24
15 17


2081 15 24 17
15 24
15 17


2082 15 24 17
15 24
15 17


2083 15 24 17
15 24
15 17


2084 15 24 17
15 24
15 17


2085 15 24 17
15 24
15 17


2086 15 24 17
15 24
15 17


2087 15 24 17
15 24
15 17


2088 15 24 17
15 24
15 17


2089 15 24 17
15 24
15 17


2090 15 24 17
15 24
15 17


2091 15 24 17
15 24
15 17


2092 15 24 17
15 24
15 17


2093 15 24 17
15 24
15 17


2094 15 24 17
15 24
15 17


2095 15 24 17
15 24
15 17


2096 15 24 17
15 24
15 17


2097 15 24 17
15 24
15 17


2098 15 24 17
15 24
15 17


2099 15 24 17
15 24
15 17


2100 15 24 17
15 24
15 17


3401 40 41 48
40 41
40 48


3402 40 41 48
40 41
40 48


3403 40 41 48
40 41
40 48


3404 40 41 48
40 41
40 48


3405 40 41 48
40 41
40 48


3406 40 41 48
40 41
40 48


3407 40 41 48
40 41
40 48


3408 40 41 48
40 41
40 48


3409 40 41 48
40 41
40 48


3410 40 41 48
40 41
40 48


3411 40 41 48
40 41
40 48


3412 40 41 48
40 41
40 48


3413 40 41 48
40 41
40 48


3414 40 41 48
40 41
40 48


3415 40 41 48
40 41
40 48


3416 40 41 48
40 41
40 48


3417 40 41 48
40 41
40 48


3418 40 41 48
40 41
40 48


3419 40 41 48
40 41
40 48


3420 40 41 48
40 41
40 48


3421 40 41 48
40 41
40 48


3422 40 41 48
40 41
40 48


3423 40 41 48
40 41
40 48


3424 40 41 48
40 41
40 48


3425 40 41 48
40 41
40 48


3426 40 41 48
40 41
40 48


3427 40 41 48
40 41
40 48


3428 40 41 48
40 41
40 48


3429 40 41 48
40 41
40 48


3430 40 41 48
40 41
40 48


3431 40 41 48
40 41
40 48


3432 40 41 48
40 41
40 48


3433 40 41 48
40 41
40 48


3434 40 41 48
40 41
40 48


3435 40 41 48
40 41
40 48


3436 40 41 48
40 41
40 48


3437 40 41 48
40 41
40 48


3438 40 41 48
40 41
40 48


3439 40 41 48
40 41
40 48


3440 40 41 48
40 41
40 48


3441 40 41 48
40 41
40 48


3442 40 41 48
40 41
40 48


3443 40 41 48
40 41
40 48


3444 40 41 48
40 41
40 48


3445 40 41 48
40 41
40 48


3446 40 41 48
40 41
40 48


3447 40 41 48
40 41
40 48


3448 40 41 48
40 41
40 48


3449 40 41 48
40 41
40 48


3450 40 41 48
40 41
40 48


3451 40 41 48
40 41
40 48


3452 40 41 48
40 41
40 48


3453 40 41 48
40 41
40 48


3454 40 41 48
40 41
40 48


3455 40 41 48
40 41
40 48


3456 40 41 48
40 41
40 48


3457 40 41 48
40 41
40 48


3458 40 41 48
40 41
40 48


3459 40 41 48
40 41
40 48


3460 40 41 48
40 41
40 48


3461 40 41 48
40 41
40 48


3462 40 41 48
40 41
40 48


3463 40 41 48
40 41
40 48


3464 40 41 48
40 41
40 48


3465 40 41 48
40 41
40 48


3466 40 41 48
40 41
40 48


3467 40 41 48
40 41
40 48


3468 40 41 48
40 41
40 48


3469 40 41 48
40 41
40 48


3470 40 41 48
40 41
40 48


3471 40 41 48
40 41
40 48


3472 40 41 48
40 41
40 48


3473 40 41 48
40 41
40 48


3474 40 41 48
40 41
40 48


3475 40 41 48
40 41
40 48


3476 40 41 48
40 41
40 48


3477 40 41 48
40 41
40 48


3478 40 41 48
40 41
40 48


3479 40 41 48
40 41
40 48


3480 40 41 48
40 41
40 48


3481 40 41 48
40 41
40 48


3482 40 41 48
40 41
40 48


3483 40 41 48
40 41
40 48


3484 40 41 48
40 41
40 48


3485 40 41 48
40 41
40 48


3486 40 41 48
40 41
40 48


3487 40 41 48
40 41
40 48


3488 40 41 48
40 41
40 48


3489 40 41 48
40 41
40 48


3490 40 41 48
40 41
40 48


3491 40 41 48
40 41
40 48


3492 40 41 48
40 41
40 48


3493 40 41 48
40 41
40 48


3494 40 41 48
40 41
40 48


3495 40 41 48
40 41
40 48


3496 40 41 48
40 41
40 48


3497 40 41 48
40 41
40 48


3498 40 41 48
40 41
40 48


3499 40 41 48
40 41
40 48


3500 40 41 48
40 41
40 48


3501 40 41 48
40 41
40 48


3502 40 41 48
40 41
40 48


3503 40 41 48
40 41
40 48


3504 40 41 48
40 41
40 48


3505 40 41 48
40 41
40 48


3506 40 41 48
40 41
40 48


3507 40 41 48
40 41
40 48


3508 40 41 48
40 41
40 48


3509 40 41 48
40 41
40 48


3510 40 41 48
40 41
40 48


3511 40 41 48
40 41
40 48


3512 40 41 48
40 41
40 48


3513 40 41 48
40 41
40 48


3514 40 41 48
40 41
40 48


3515 40 41 48
40 41
40 48


3516 40 41 48
40 41
40 48


3517 40 41 48
40 41
40 48


3518 40 41 48
40 41
40 48


3519 40 41 48
40 41
40 48


3520 40 41 48
40 41
40 48


3521 40 41 48
40 41
40 48


3522 40 41 48
40 41
40 48


3523 40 41 48
40 41
40 48


3524 40 41 48
40 41
40 48


3525 40 41 48
40 41
40 48


3526 40 41 48
40 41
40 48


3527 40 41 48
40 41
40 48


3528 40 41 48
40 41
40 48


4829 14 16 23
14 16
14 23


4830 14 16 23
14 16
14 23


4831 14 16 23
14 16
14 23


4832 14 16 23
14 16
14 23


4833 14 16 23
14 16
14 23


4834 14 16 23
14 16
14 23


4835 14 16 23
14 16
14 23


4836 14 16 23
14 16
14 23


4837 14 16 23
14 16
14 23


4838 14 16 23
14 16
14 23


4839 14 16 23
14 16
14 23


4840 14 16 23
14 16
14 23


4841 14 16 23
14 16
14 23


4842 14 16 23
14 16
14 23


4843 14 16 23
14 16
14 23


4844 14 16 23
14 16
14 23


4845 14 16 23
14 16
14 23


4846 14 16 23
14 16
14 23


4847 14 16 23
14 16
14 23


4848 14 16 23
14 16
14 23


4849 14 16 23
14 16
14 23


4850 14 16 23
14 16
14 23


4851 14 16 23
14 16
14 23


4852 14 16 23
14 16
14 23


4853 14 16 23
14 16
14 23


4854 14 16 23
14 16
14 23


4855 14 16 23
14 16
14 23


4856 14 16 23
14 16
14 23


4857 14 16 23
14 16
14 23


4858 14 16 23
14 16
14 23


4859 14 16 23
14 16
14 23


4860 14 16 23
14 16
14 23


4861 14 16 23
14 16
14 23


4862 14 16 23
14 16
14 23


4863 14 16 23
14 16
14 23


4864 14 16 23
14 16
14 23


4865 14 16 23
14 16
14 23


4866 14 16 23
14 16
14 23


4867 14 16 23
14 16
14 23


4868 14 16 23
14 16
14 23


4869 14 16 23
14 16
14 23


4870 14 16 23
14 16
14 23


4871 14 16 23
14 16
14 23


4872 14 16 23
14 16
14 23


4873 14 16 23
14 16
14 23


4874 14 16 23
14 16
14 23


4875 14 16 23
14 16
14 23


4876 14 16 23
14 16
14 23


4877 14 16 23
14 16
14 23


4878 14 16 23
14 16
14 23


4879 14 16 23
14 16
14 23


4880 14 16 23
14 16
14 23


4881 14 16 23
14 16
14 23


4882 14 16 23
14 16
14 23


4883 14 16 23
14 16
14 23


4884 14 16 23
14 16
14 23


4885 14 16 23
14 16
14 23


4886 14 16 23
14 16
14 23


4887 14 16 23
14 16
14 23


4888 14 16 23
14 16
14 23


4889 14 16 23
14 16
14 23


4890 14 16 23
14 16
14 23


4891 14 16 23
14 16
14 23


4892 14 16 23
14 16
14 23


4893 14 16 23
14 16
14 23


4894 14 16 23
14 16
14 23


4895 14 16 23
14 16
14 23


4896 14 16 23
14 16
14 23


4897 14 16 23
14 16
14 23


4898 14 16 23
14 16
14 23


4899 14 16 23
14 16
14 23


4900 14 16 23
14 16
14 23


4901 14 16 23
14 16
14 23


4902 14 16 23
14 16
14 23


4903 14 16 23
14 16
14 23


4904 14 16 23
14 16
14 23


4905 14 16 23
14 16
14 23


4906 14 16 23
14 16
14 23


4907 14 16 23
14 16
14 23


4908 14 16 23
14 16
14 23


4909 14 16 23
14 16
14 23


4910 14 16 23
14 16
14 23


4911 14 16 23
14 16
14 23


4912 14 16 23
14 16
14 23


4913 14 16 23
14 16
14 23


4914 14 16 23
14 16
14 23


4915 14 16 23
14 16
14 23


4916 14 16 23
14 16
14 23


4917 14 16 23
14 16
14 23


4918 14 16 23
14 16
14 23


4919 14 16 23
14 16
14 23


4920 14 16 23
14 16
14 23


4921 14 16 23
14 16
14 23


4922 14 16 23
14 16
14 23


4923 14 16 23
14 16
14 23


4924 14 16 23
14 16
14 23


4925 14 16 23
14 16
14 23


4926 14 16 23
14 16
14 23


4927 14 16 23
14 16
14 23


4928 14 16 23
14 16
14 23


4929 14 16 23
14 16
14 23


4930 14 16 23
14 16
14 23


4931 14 16 23
14 16
14 23


4932 14 16 23
14 16
14 23


4933 14 16 23
14 16
14 23


4934 14 16 23
14 16
14 23


4935 14 16 23
14 16
14 23


4936 14 16 23
14 16
14 23


4937 14 16 23
14 16
14 23


4938 14 16 23
14 16
14 23


4939 14 16 23
14 16
14 23


4940 14 16 23
14 16
14 23


4941 14 16 23
14 16
14 23


4942 14 16 23
14 16
14 23


4943 14 16 23
14 16
14 23


4944 14 16 23
14 16
14 23


4945 14 16 23
14 16
14 23


4946 14 16 23
14 16
14 23


4947 14 16 23
14 16
14 23


4948 14 16 23
14 16
14 23


4949 14 16 23
14 16
14 23


4950 14 16 23
14 16
14 23


4951 14 16 23
14 16
14 23


4952 14 16 23
14 16
14 23


4953 14 16 23
14 16
14 23


4954 14 16 23
14 16
14 23


4955 14 16 23
14 16
14 23


4956 14 16 23
14 16
14 23


6257 32 41 48
32 41
32 48


6258 32 41 48
32 41
32 48


6259 32 41 48
32 41
32 48


6260 32 41 48
32 41
32 48


6261 32 41 48
32 41
32 48


6262 32 41 48
32 41
32 48


6263 32 41 48
32 41
32 48


6264 32 41 48
32 41
32 48


6265 32 41 48
32 41
32 48


6266 32 41 48
32 41
32 48


6267 32 41 48
32 41
32 48


6268 32 41 48
32 41
32 48


6269 32 41 48
32 41
32 48


6270 32 41 48
32 41
32 48


6271 32 41 48
32 41
32 48


6272 32 41 48
32 41
32 48


6273 32 41 48
32 41
32 48


6274 32 41 48
32 41
32 48


6275 32 41 48
32 41
32 48


6276 32 41 48
32 41
32 48


6277 32 41 48
32 41
32 48


6278 32 41 48
32 41
32 48


6279 32 41 48
32 41
32 48


6280 32 41 48
32 41
32 48


6281 32 41 48
32 41
32 48


6282 32 41 48
32 41
32 48


6283 32 41 48
32 41
32 48


6284 32 41 48
32 41
32 48


6285 32 41 48
32 41
32 48


6286 32 41 48
32 41
32 48


6287 32 41 48
32 41
32 48


6288 32 41 48
32 41
32 48


6289 32 41 48
32 41
32 48


6290 32 41 48
32 41
32 48


6291 32 41 48
32 41
32 48


6292 32 41 48
32 41
32 48


6293 32 41 48
32 41
32 48


6294 32 41 48
32 41
32 48


6295 32 41 48
32 41
32 48


6296 32 41 48
32 41
32 48


6297 32 41 48
32 41
32 48


6298 32 41 48
32 41
32 48


6299 32 41 48
32 41
32 48


6300 32 41 48
32 41
32 48


6301 32 41 48
32 41
32 48


6302 32 41 48
32 41
32 48


6303 32 41 48
32 41
32 48


6304 32 41 48
32 41
32 48


6305 32 41 48
32 41
32 48


6306 32 41 48
32 41
32 48


6307 32 41 48
32 41
32 48


6308 32 41 48
32 41
32 48


6309 32 41 48
32 41
32 48


6310 32 41 48
32 41
32 48


6311 32 41 48
32 41
32 48


6312 32 41 48
32 41
32 48


6313 32 41 48
32 41
32 48


6314 32 41 48
32 41
32 48


6315 32 41 48
32 41
32 48


6316 32 41 48
32 41
32 48


6317 32 41 48
32 41
32 48


6318 32 41 48
32 41
32 48


6319 32 41 48
32 41
32 48


6320 32 41 48
32 41
32 48


6321 32 41 48
32 41
32 48


6322 32 41 48
32 41
32 48


6323 32 41 48
32 41
32 48


6324 32 41 48
32 41
32 48


6325 32 41 48
32 41
32 48


6326 32 41 48
32 41
32 48


6327 32 41 48
32 41
32 48


6328 32 41 48
32 41
32 48


6329 32 41 48
32 41
32 48


6330 32 41 48
32 41
32 48


6331 32 41 48
32 41
32 48


6332 32 41 48
32 41
32 48


6333 32 41 48
32 41
32 48


6334 32 41 48
32 41
32 48


6335 32 41 48
32 41
32 48


6336 32 41 48
32 41
32 48


6337 32 41 48
32 41
32 48


6338 32 41 48
32 41
32 48


6339 32 41 48
32 41
32 48


6340 32 41 48
32 41
32 48


6341 32 41 48
32 41
32 48


6342 32 41 48
32 41
32 48


6343 32 41 48
32 41
32 48


6344 32 41 48
32 41
32 48


6345 32 41 48
32 41
32 48


6346 32 41 48
32 41
32 48


6347 32 41 48
32 41
32 48


6348 32 41 48
32 41
32 48


6349 32 41 48
32 41
32 48


6350 32 41 48
32 41
32 48


6351 32 41 48
32 41
32 48


6352 32 41 48
32 41
32 48


6353 32 41 48
32 41
32 48


6354 32 41 48
32 41
32 48


6355 32 41 48
32 41
32 48


6356 32 41 48
32 41
32 48


6357 32 41 48
32 41
32 48


6358 32 41 48
32 41
32 48


6359 32 41 48
32 41
32 48


6360 32 41 48
32 41
32 48


6361 32 41 48
32 41
32 48


6362 32 41 48
32 41
32 48


6363 32 41 48
32 41
32 48


6364 32 41 48
32 41
32 48


6365 32 41 48
32 41
32 48


6366 32 41 48
32 41
32 48


6367 32 41 48
32 41
32 48


6368 32 41 48
32 41
32 48


6369 32 41 48
32 41
32 48


6370 32 41 48
32 41
32 48


6371 32 41 48
32 41
32 48


6372 32 41 48
32 41
32 48


6373 32 41 48
32 41
32 48


6374 32 41 48
32 41
32 48


6375 32 41 48
32 41
32 48


6376 32 41 48
32 41
32 48


6377 32 41 48
32 41
32 48


6378 32 41 48
32 41
32 48


6379 32 41 48
32 41
32 48


6380 32 41 48
32 41
32 48


6381 32 41 48
32 41
32 48


6382 32 41 48
32 41
32 48


6383 32 41 48
32 41
32 48


6384 32 41 48
32 41
32 48


