0 3 1 7
3 1
3 7


1 3 1 7
3 1
3 7


2 3 1 7
3 1
3 7


3 3 1 7
3 1
3 7


4 3 1 7
3 1
3 7


5 3 1 7
3 1
3 7


6 3 1 7
3 1
3 7


7 3 1 7
3 1
3 7


8 3 1 7
3 1
3 7


9 3 1 7
3 1
3 7


10 3 1 7
3 1
3 7


11 3 1 7
3 1
3 7


12 3 1 7
3 1
3 7


13 3 1 7
3 1
3 7


14 3 1 7
3 1
3 7


15 3 1 7
3 1
3 7


16 3 1 7
3 1
3 7


17 3 1 7
3 1
3 7


18 3 1 7
3 1
3 7


19 3 1 7
3 1
3 7


20 3 1 7
3 1
3 7


21 3 1 7
3 1
3 7


22 3 1 7
3 1
3 7


23 3 1 7
3 1
3 7


24 3 1 7
3 1
3 7


25 3 1 7
3 1
3 7


26 3 1 7
3 1
3 7


27 3 1 7
3 1
3 7


28 3 1 7
3 1
3 7


29 3 1 7
3 1
3 7


30 3 1 7
3 1
3 7


31 3 1 7
3 1
3 7


162 0 19 13
0 19
0 13


163 0 19 13
0 19
0 13


164 0 19 13
0 19
0 13


165 0 19 13
0 19
0 13


166 0 19 13
0 19
0 13


167 0 19 13
0 19
0 13


168 0 19 13
0 19
0 13


169 0 19 13
0 19
0 13


170 0 19 13
0 19
0 13


171 0 19 13
0 19
0 13


172 0 19 13
0 19
0 13


173 0 19 13
0 19
0 13


174 0 19 13
0 19
0 13


175 0 19 13
0 19
0 13


176 0 19 13
0 19
0 13


177 0 19 13
0 19
0 13


178 0 19 13
0 19
0 13


179 0 19 13
0 19
0 13


180 0 19 13
0 19
0 13


181 0 19 13
0 19
0 13


182 0 19 13
0 19
0 13


183 0 19 13
0 19
0 13


184 0 19 13
0 19
0 13


185 0 19 13
0 19
0 13


186 0 19 13
0 19
0 13


187 0 19 13
0 19
0 13


188 0 19 13
0 19
0 13


189 0 19 13
0 19
0 13


190 0 19 13
0 19
0 13


191 0 19 13
0 19
0 13


192 0 19 13
0 19
0 13


193 0 19 13
0 19
0 13


324 6 20 21
6 20
6 21


325 6 20 21
6 20
6 21


326 6 20 21
6 20
6 21


327 6 20 21
6 20
6 21


328 6 20 21
6 20
6 21


329 6 20 21
6 20
6 21


330 6 20 21
6 20
6 21


331 6 20 21
6 20
6 21


332 6 20 21
6 20
6 21


333 6 20 21
6 20
6 21


334 6 20 21
6 20
6 21


335 6 20 21
6 20
6 21


336 6 20 21
6 20
6 21


337 6 20 21
6 20
6 21


338 6 20 21
6 20
6 21


339 6 20 21
6 20
6 21


340 6 20 21
6 20
6 21


341 6 20 21
6 20
6 21


342 6 20 21
6 20
6 21


343 6 20 21
6 20
6 21


344 6 20 21
6 20
6 21


345 6 20 21
6 20
6 21


346 6 20 21
6 20
6 21


347 6 20 21
6 20
6 21


348 6 20 21
6 20
6 21


349 6 20 21
6 20
6 21


350 6 20 21
6 20
6 21


351 6 20 21
6 20
6 21


352 6 20 21
6 20
6 21


353 6 20 21
6 20
6 21


354 6 20 21
6 20
6 21


355 6 20 21
6 20
6 21


486 14 9 8
14 9
14 8


487 14 9 8
14 9
14 8


488 14 9 8
14 9
14 8


489 14 9 8
14 9
14 8


490 14 9 8
14 9
14 8


491 14 9 8
14 9
14 8


492 14 9 8
14 9
14 8


493 14 9 8
14 9
14 8


494 14 9 8
14 9
14 8


495 14 9 8
14 9
14 8


496 14 9 8
14 9
14 8


497 14 9 8
14 9
14 8


498 14 9 8
14 9
14 8


499 14 9 8
14 9
14 8


500 14 9 8
14 9
14 8


501 14 9 8
14 9
14 8


502 14 9 8
14 9
14 8


503 14 9 8
14 9
14 8


504 14 9 8
14 9
14 8


505 14 9 8
14 9
14 8


506 14 9 8
14 9
14 8


507 14 9 8
14 9
14 8


508 14 9 8
14 9
14 8


509 14 9 8
14 9
14 8


510 14 9 8
14 9
14 8


511 14 9 8
14 9
14 8


512 14 9 8
14 9
14 8


513 14 9 8
14 9
14 8


514 14 9 8
14 9
14 8


515 14 9 8
14 9
14 8


516 14 9 8
14 9
14 8


517 14 9 8
14 9
14 8


648 15 10 11
15 10
15 11


649 15 10 11
15 10
15 11


650 15 10 11
15 10
15 11


651 15 10 11
15 10
15 11


652 15 10 11
15 10
15 11


653 15 10 11
15 10
15 11


654 15 10 11
15 10
15 11


655 15 10 11
15 10
15 11


656 15 10 11
15 10
15 11


657 15 10 11
15 10
15 11


658 15 10 11
15 10
15 11


659 15 10 11
15 10
15 11


660 15 10 11
15 10
15 11


661 15 10 11
15 10
15 11


662 15 10 11
15 10
15 11


663 15 10 11
15 10
15 11


664 15 10 11
15 10
15 11


665 15 10 11
15 10
15 11


666 15 10 11
15 10
15 11


667 15 10 11
15 10
15 11


668 15 10 11
15 10
15 11


669 15 10 11
15 10
15 11


670 15 10 11
15 10
15 11


671 15 10 11
15 10
15 11


672 15 10 11
15 10
15 11


673 15 10 11
15 10
15 11


674 15 10 11
15 10
15 11


675 15 10 11
15 10
15 11


676 15 10 11
15 10
15 11


677 15 10 11
15 10
15 11


678 15 10 11
15 10
15 11


679 15 10 11
15 10
15 11


680 15 10 11
15 10
15 11


681 15 10 11
15 10
15 11


682 15 10 11
15 10
15 11


683 15 10 11
15 10
15 11


684 15 10 11
15 10
15 11


685 15 10 11
15 10
15 11


686 15 10 11
15 10
15 11


687 15 10 11
15 10
15 11


688 15 10 11
15 10
15 11


689 15 10 11
15 10
15 11


690 15 10 11
15 10
15 11


691 15 10 11
15 10
15 11


692 15 10 11
15 10
15 11


693 15 10 11
15 10
15 11


694 15 10 11
15 10
15 11


695 15 10 11
15 10
15 11


696 15 10 11
15 10
15 11


697 15 10 11
15 10
15 11


698 15 10 11
15 10
15 11


699 15 10 11
15 10
15 11


700 15 10 11
15 10
15 11


701 15 10 11
15 10
15 11


702 15 10 11
15 10
15 11


703 15 10 11
15 10
15 11


704 15 10 11
15 10
15 11


705 15 10 11
15 10
15 11


706 15 10 11
15 10
15 11


707 15 10 11
15 10
15 11


708 15 10 11
15 10
15 11


709 15 10 11
15 10
15 11


710 15 10 11
15 10
15 11


711 15 10 11
15 10
15 11


712 15 10 11
15 10
15 11


713 15 10 11
15 10
15 11


714 15 10 11
15 10
15 11


715 15 10 11
15 10
15 11


716 15 10 11
15 10
15 11


717 15 10 11
15 10
15 11


718 15 10 11
15 10
15 11


719 15 10 11
15 10
15 11


720 15 10 11
15 10
15 11


721 15 10 11
15 10
15 11


722 15 10 11
15 10
15 11


723 15 10 11
15 10
15 11


724 15 10 11
15 10
15 11


725 15 10 11
15 10
15 11


726 15 10 11
15 10
15 11


727 15 10 11
15 10
15 11


728 15 10 11
15 10
15 11


729 15 10 11
15 10
15 11


730 15 10 11
15 10
15 11


731 15 10 11
15 10
15 11


732 15 10 11
15 10
15 11


733 15 10 11
15 10
15 11


734 15 10 11
15 10
15 11


735 15 10 11
15 10
15 11


736 15 10 11
15 10
15 11


737 15 10 11
15 10
15 11


738 15 10 11
15 10
15 11


739 15 10 11
15 10
15 11


740 15 10 11
15 10
15 11


741 15 10 11
15 10
15 11


742 15 10 11
15 10
15 11


743 15 10 11
15 10
15 11


744 15 10 11
15 10
15 11


745 15 10 11
15 10
15 11


746 15 10 11
15 10
15 11


747 15 10 11
15 10
15 11


748 15 10 11
15 10
15 11


749 15 10 11
15 10
15 11


750 15 10 11
15 10
15 11


751 15 10 11
15 10
15 11


752 15 10 11
15 10
15 11


753 15 10 11
15 10
15 11


754 15 10 11
15 10
15 11


755 15 10 11
15 10
15 11


756 15 10 11
15 10
15 11


757 15 10 11
15 10
15 11


758 15 10 11
15 10
15 11


759 15 10 11
15 10
15 11


760 15 10 11
15 10
15 11


761 15 10 11
15 10
15 11


762 15 10 11
15 10
15 11


763 15 10 11
15 10
15 11


764 15 10 11
15 10
15 11


765 15 10 11
15 10
15 11


766 15 10 11
15 10
15 11


767 15 10 11
15 10
15 11


768 15 10 11
15 10
15 11


769 15 10 11
15 10
15 11


770 15 10 11
15 10
15 11


771 15 10 11
15 10
15 11


772 15 10 11
15 10
15 11


773 15 10 11
15 10
15 11


774 15 10 11
15 10
15 11


775 15 10 11
15 10
15 11


1290 4 16 22
4 16
4 22


1291 4 16 22
4 16
4 22


1292 4 16 22
4 16
4 22


1293 4 16 22
4 16
4 22


1294 4 16 22
4 16
4 22


1295 4 16 22
4 16
4 22


1296 4 16 22
4 16
4 22


1297 4 16 22
4 16
4 22


1298 4 16 22
4 16
4 22


1299 4 16 22
4 16
4 22


1300 4 16 22
4 16
4 22


1301 4 16 22
4 16
4 22


1302 4 16 22
4 16
4 22


1303 4 16 22
4 16
4 22


1304 4 16 22
4 16
4 22


1305 4 16 22
4 16
4 22


1306 4 16 22
4 16
4 22


1307 4 16 22
4 16
4 22


1308 4 16 22
4 16
4 22


1309 4 16 22
4 16
4 22


1310 4 16 22
4 16
4 22


1311 4 16 22
4 16
4 22


1312 4 16 22
4 16
4 22


1313 4 16 22
4 16
4 22


1314 4 16 22
4 16
4 22


1315 4 16 22
4 16
4 22


1316 4 16 22
4 16
4 22


1317 4 16 22
4 16
4 22


1318 4 16 22
4 16
4 22


1319 4 16 22
4 16
4 22


1320 4 16 22
4 16
4 22


1321 4 16 22
4 16
4 22


1322 4 16 22
4 16
4 22


1323 4 16 22
4 16
4 22


1324 4 16 22
4 16
4 22


1325 4 16 22
4 16
4 22


1326 4 16 22
4 16
4 22


1327 4 16 22
4 16
4 22


1328 4 16 22
4 16
4 22


1329 4 16 22
4 16
4 22


1330 4 16 22
4 16
4 22


1331 4 16 22
4 16
4 22


1332 4 16 22
4 16
4 22


1333 4 16 22
4 16
4 22


1334 4 16 22
4 16
4 22


1335 4 16 22
4 16
4 22


1336 4 16 22
4 16
4 22


1337 4 16 22
4 16
4 22


1338 4 16 22
4 16
4 22


1339 4 16 22
4 16
4 22


1340 4 16 22
4 16
4 22


1341 4 16 22
4 16
4 22


1342 4 16 22
4 16
4 22


1343 4 16 22
4 16
4 22


1344 4 16 22
4 16
4 22


1345 4 16 22
4 16
4 22


1346 4 16 22
4 16
4 22


1347 4 16 22
4 16
4 22


1348 4 16 22
4 16
4 22


1349 4 16 22
4 16
4 22


1350 4 16 22
4 16
4 22


1351 4 16 22
4 16
4 22


1352 4 16 22
4 16
4 22


1353 4 16 22
4 16
4 22


1354 4 16 22
4 16
4 22


1355 4 16 22
4 16
4 22


1356 4 16 22
4 16
4 22


1357 4 16 22
4 16
4 22


1358 4 16 22
4 16
4 22


1359 4 16 22
4 16
4 22


1360 4 16 22
4 16
4 22


1361 4 16 22
4 16
4 22


1362 4 16 22
4 16
4 22


1363 4 16 22
4 16
4 22


1364 4 16 22
4 16
4 22


1365 4 16 22
4 16
4 22


1366 4 16 22
4 16
4 22


1367 4 16 22
4 16
4 22


1368 4 16 22
4 16
4 22


1369 4 16 22
4 16
4 22


1370 4 16 22
4 16
4 22


1371 4 16 22
4 16
4 22


1372 4 16 22
4 16
4 22


1373 4 16 22
4 16
4 22


1374 4 16 22
4 16
4 22


1375 4 16 22
4 16
4 22


1376 4 16 22
4 16
4 22


1377 4 16 22
4 16
4 22


1378 4 16 22
4 16
4 22


1379 4 16 22
4 16
4 22


1380 4 16 22
4 16
4 22


1381 4 16 22
4 16
4 22


1382 4 16 22
4 16
4 22


1383 4 16 22
4 16
4 22


1384 4 16 22
4 16
4 22


1385 4 16 22
4 16
4 22


1386 4 16 22
4 16
4 22


1387 4 16 22
4 16
4 22


1388 4 16 22
4 16
4 22


1389 4 16 22
4 16
4 22


1390 4 16 22
4 16
4 22


1391 4 16 22
4 16
4 22


1392 4 16 22
4 16
4 22


1393 4 16 22
4 16
4 22


1394 4 16 22
4 16
4 22


1395 4 16 22
4 16
4 22


1396 4 16 22
4 16
4 22


1397 4 16 22
4 16
4 22


1398 4 16 22
4 16
4 22


1399 4 16 22
4 16
4 22


1400 4 16 22
4 16
4 22


1401 4 16 22
4 16
4 22


1402 4 16 22
4 16
4 22


1403 4 16 22
4 16
4 22


1404 4 16 22
4 16
4 22


1405 4 16 22
4 16
4 22


1406 4 16 22
4 16
4 22


1407 4 16 22
4 16
4 22


1408 4 16 22
4 16
4 22


1409 4 16 22
4 16
4 22


1410 4 16 22
4 16
4 22


1411 4 16 22
4 16
4 22


1412 4 16 22
4 16
4 22


1413 4 16 22
4 16
4 22


1414 4 16 22
4 16
4 22


1415 4 16 22
4 16
4 22


1416 4 16 22
4 16
4 22


1417 4 16 22
4 16
4 22


1418 4 16 22
4 16
4 22


1419 4 16 22
4 16
4 22


1420 4 16 22
4 16
4 22


1421 4 16 22
4 16
4 22


1422 4 16 22
4 16
4 22


1423 4 16 22
4 16
4 22


1424 4 16 22
4 16
4 22


1425 4 16 22
4 16
4 22


1426 4 16 22
4 16
4 22


1427 4 16 22
4 16
4 22


1428 4 16 22
4 16
4 22


1429 4 16 22
4 16
4 22


1430 4 16 22
4 16
4 22


1431 4 16 22
4 16
4 22


1432 4 16 22
4 16
4 22


1433 4 16 22
4 16
4 22


1434 4 16 22
4 16
4 22


1435 4 16 22
4 16
4 22


1436 4 16 22
4 16
4 22


1437 4 16 22
4 16
4 22


1438 4 16 22
4 16
4 22


1439 4 16 22
4 16
4 22


1440 4 16 22
4 16
4 22


1441 4 16 22
4 16
4 22


1442 4 16 22
4 16
4 22


1443 4 16 22
4 16
4 22


1444 4 16 22
4 16
4 22


1445 4 16 22
4 16
4 22


1446 4 16 22
4 16
4 22


1447 4 16 22
4 16
4 22


1448 4 16 22
4 16
4 22


1449 4 16 22
4 16
4 22


1450 4 16 22
4 16
4 22


1451 4 16 22
4 16
4 22


1452 4 16 22
4 16
4 22


1453 4 16 22
4 16
4 22


1454 4 16 22
4 16
4 22


1455 4 16 22
4 16
4 22


1456 4 16 22
4 16
4 22


1457 4 16 22
4 16
4 22


1458 4 16 22
4 16
4 22


1459 4 16 22
4 16
4 22


1460 4 16 22
4 16
4 22


1461 4 16 22
4 16
4 22


1462 4 16 22
4 16
4 22


1463 4 16 22
4 16
4 22


1464 4 16 22
4 16
4 22


1465 4 16 22
4 16
4 22


1466 4 16 22
4 16
4 22


1467 4 16 22
4 16
4 22


1468 4 16 22
4 16
4 22


1469 4 16 22
4 16
4 22


1470 4 16 22
4 16
4 22


1471 4 16 22
4 16
4 22


1472 4 16 22
4 16
4 22


1473 4 16 22
4 16
4 22


1474 4 16 22
4 16
4 22


1475 4 16 22
4 16
4 22


1476 4 16 22
4 16
4 22


1477 4 16 22
4 16
4 22


1478 4 16 22
4 16
4 22


1479 4 16 22
4 16
4 22


1480 4 16 22
4 16
4 22


1481 4 16 22
4 16
4 22


1482 4 16 22
4 16
4 22


1483 4 16 22
4 16
4 22


1484 4 16 22
4 16
4 22


1485 4 16 22
4 16
4 22


1486 4 16 22
4 16
4 22


1487 4 16 22
4 16
4 22


1488 4 16 22
4 16
4 22


1489 4 16 22
4 16
4 22


1490 4 16 22
4 16
4 22


1491 4 16 22
4 16
4 22


1492 4 16 22
4 16
4 22


1493 4 16 22
4 16
4 22


1494 4 16 22
4 16
4 22


1495 4 16 22
4 16
4 22


1496 4 16 22
4 16
4 22


1497 4 16 22
4 16
4 22


1498 4 16 22
4 16
4 22


1499 4 16 22
4 16
4 22


1500 4 16 22
4 16
4 22


1501 4 16 22
4 16
4 22


1502 4 16 22
4 16
4 22


1503 4 16 22
4 16
4 22


1504 4 16 22
4 16
4 22


1505 4 16 22
4 16
4 22


1506 4 16 22
4 16
4 22


1507 4 16 22
4 16
4 22


1508 4 16 22
4 16
4 22


1509 4 16 22
4 16
4 22


1510 4 16 22
4 16
4 22


1511 4 16 22
4 16
4 22


1512 4 16 22
4 16
4 22


1513 4 16 22
4 16
4 22


1514 4 16 22
4 16
4 22


1515 4 16 22
4 16
4 22


1516 4 16 22
4 16
4 22


1517 4 16 22
4 16
4 22


1518 4 16 22
4 16
4 22


1519 4 16 22
4 16
4 22


1520 4 16 22
4 16
4 22


1521 4 16 22
4 16
4 22


1522 4 16 22
4 16
4 22


1523 4 16 22
4 16
4 22


1524 4 16 22
4 16
4 22


1525 4 16 22
4 16
4 22


1526 4 16 22
4 16
4 22


1527 4 16 22
4 16
4 22


1528 4 16 22
4 16
4 22


1529 4 16 22
4 16
4 22


1530 4 16 22
4 16
4 22


1531 4 16 22
4 16
4 22


1532 4 16 22
4 16
4 22


1533 4 16 22
4 16
4 22


1534 4 16 22
4 16
4 22


1535 4 16 22
4 16
4 22


1536 4 16 22
4 16
4 22


1537 4 16 22
4 16
4 22


1538 4 16 22
4 16
4 22


1539 4 16 22
4 16
4 22


1540 4 16 22
4 16
4 22


1541 4 16 22
4 16
4 22


1542 4 16 22
4 16
4 22


1543 4 16 22
4 16
4 22


1544 4 16 22
4 16
4 22


1545 4 16 22
4 16
4 22


2068 5 34 35
5 34
5 35


2069 5 34 35
5 34
5 35


2070 5 34 35
5 34
5 35


2071 5 34 35
5 34
5 35


2072 5 34 35
5 34
5 35


2073 5 34 35
5 34
5 35


2074 5 34 35
5 34
5 35


2075 5 34 35
5 34
5 35


2076 5 34 35
5 34
5 35


2077 5 34 35
5 34
5 35


2078 5 34 35
5 34
5 35


2079 5 34 35
5 34
5 35


2080 5 34 35
5 34
5 35


2081 5 34 35
5 34
5 35


2082 5 34 35
5 34
5 35


2083 5 34 35
5 34
5 35


2084 5 34 35
5 34
5 35


2085 5 34 35
5 34
5 35


2086 5 34 35
5 34
5 35


2087 5 34 35
5 34
5 35


2088 5 34 35
5 34
5 35


2089 5 34 35
5 34
5 35


2090 5 34 35
5 34
5 35


2091 5 34 35
5 34
5 35


2092 5 34 35
5 34
5 35


2093 5 34 35
5 34
5 35


2094 5 34 35
5 34
5 35


2095 5 34 35
5 34
5 35


2096 5 34 35
5 34
5 35


2097 5 34 35
5 34
5 35


2098 5 34 35
5 34
5 35


2099 5 34 35
5 34
5 35


2230 28 27 26
28 27
28 26


2231 28 27 26
28 27
28 26


2232 28 27 26
28 27
28 26


2233 28 27 26
28 27
28 26


2234 28 27 26
28 27
28 26


2235 28 27 26
28 27
28 26


2236 28 27 26
28 27
28 26


2237 28 27 26
28 27
28 26


2238 28 27 26
28 27
28 26


2239 28 27 26
28 27
28 26


2240 28 27 26
28 27
28 26


2241 28 27 26
28 27
28 26


2242 28 27 26
28 27
28 26


2243 28 27 26
28 27
28 26


2244 28 27 26
28 27
28 26


2245 28 27 26
28 27
28 26


2246 28 27 26
28 27
28 26


2247 28 27 26
28 27
28 26


2248 28 27 26
28 27
28 26


2249 28 27 26
28 27
28 26


2250 28 27 26
28 27
28 26


2251 28 27 26
28 27
28 26


2252 28 27 26
28 27
28 26


2253 28 27 26
28 27
28 26


2254 28 27 26
28 27
28 26


2255 28 27 26
28 27
28 26


2256 28 27 26
28 27
28 26


2257 28 27 26
28 27
28 26


2258 28 27 26
28 27
28 26


2259 28 27 26
28 27
28 26


2260 28 27 26
28 27
28 26


2261 28 27 26
28 27
28 26


