0,21.4944,45,0
1,12.4091,22,0
2,13.3837,20,0
3,-nan,0,0
4,-nan,0,0
5,-nan,0,0
6,-nan,0,0
7,-nan,0,0
8,-nan,0,0
9,-nan,0,0
10,-nan,0,0
11,-nan,0,0
12,-nan,0,0
13,-nan,0,0
14,-nan,0,0
15,-nan,0,0
16,-nan,0,0
17,-nan,0,0
18,-nan,0,0
19,-nan,0,0
20,-nan,0,0
21,-nan,0,0
22,-nan,0,0
23,-nan,0,0
24,-nan,0,0
25,-nan,0,0
26,-nan,0,0
27,-nan,0,0
28,-nan,0,0
29,-nan,0,0
30,-nan,0,0
31,-nan,0,0
32,-nan,0,0
33,-nan,0,0
34,-nan,0,0
35,-nan,0,0
36,-nan,0,0
37,-nan,0,0
38,-nan,0,0
39,-nan,0,0
40,-nan,0,0
41,-nan,0,0
42,-nan,0,0
43,-nan,0,0
44,-nan,0,0
45,-nan,0,0
46,-nan,0,0
47,-nan,0,0
48,-nan,0,0
49,-nan,0,0
50,-nan,0,0
51,-nan,0,0
52,-nan,0,0
53,-nan,0,0
54,-nan,0,0
55,-nan,0,0
56,-nan,0,0
57,-nan,0,0
58,-nan,0,0
59,-nan,0,0
60,-nan,0,0
61,-nan,0,0
62,-nan,0,0
63,-nan,0,0
64,-nan,0,0
65,-nan,0,0
66,-nan,0,0
67,-nan,0,0
68,-nan,0,0
69,-nan,0,0
70,-nan,0,0
71,-nan,0,0
72,-nan,0,0
73,-nan,0,0
74,-nan,0,0
75,-nan,0,0
76,-nan,0,0
77,-nan,0,0
78,-nan,0,0
79,-nan,0,0
80,-nan,0,0
81,-nan,0,0
82,-nan,0,0
83,-nan,0,0
84,-nan,0,0
85,-nan,0,0
86,-nan,0,0
87,-nan,0,0
88,-nan,0,0
89,-nan,0,0
90,-nan,0,0
91,-nan,0,0
92,-nan,0,0
93,-nan,0,0
94,-nan,0,0
95,-nan,0,0
96,-nan,0,0
97,-nan,0,0
98,-nan,0,0
99,-nan,0,0
100,-nan,0,0
101,-nan,0,0
102,-nan,0,0
103,-nan,0,0
104,-nan,0,0
105,-nan,0,0
106,-nan,0,0
107,-nan,0,0
108,-nan,0,0
109,-nan,0,0
110,-nan,0,0
111,-nan,0,0
112,-nan,0,0
113,-nan,0,0
114,-nan,0,0
115,-nan,0,0
116,-nan,0,0
117,-nan,0,0
118,-nan,0,0
119,-nan,0,0
120,-nan,0,0
121,-nan,0,0
122,-nan,0,0
123,-nan,0,0
124,-nan,0,0
125,-nan,0,0
126,-nan,0,0
127,-nan,0,0
128,-nan,0,0
129,-nan,0,0
130,-nan,0,0
131,-nan,0,0
132,-nan,0,0
133,-nan,0,0
134,-nan,0,0
135,-nan,0,0
136,-nan,0,0
137,-nan,0,0
138,-nan,0,0
139,-nan,0,0
140,-nan,0,0
141,-nan,0,0
142,-nan,0,0
143,-nan,0,0
144,-nan,0,0
145,-nan,0,0
146,-nan,0,0
147,-nan,0,0
148,-nan,0,0
149,-nan,0,0
150,-nan,0,0
151,-nan,0,0
152,-nan,0,0
153,-nan,0,0
154,-nan,0,0
155,-nan,0,0
156,-nan,0,0
157,-nan,0,0
158,-nan,0,0
159,-nan,0,0
160,-nan,0,0
161,-nan,0,0
162,-nan,0,0
163,-nan,0,0
164,-nan,0,0
165,-nan,0,0
166,-nan,0,0
167,-nan,0,0
168,-nan,0,0
169,-nan,0,0
170,-nan,0,0
171,-nan,0,0
172,-nan,0,0
173,-nan,0,0
174,-nan,0,0
175,-nan,0,0
176,-nan,0,0
177,-nan,0,0
178,-nan,0,0
179,-nan,0,0
180,-nan,0,0
181,-nan,0,0
182,-nan,0,0
183,-nan,0,0
184,-nan,0,0
185,-nan,0,0
186,-nan,0,0
187,-nan,0,0
188,-nan,0,0
189,-nan,0,0
190,-nan,0,0
191,-nan,0,0
192,-nan,0,0
193,-nan,0,0
194,-nan,0,0
195,-nan,0,0
196,-nan,0,0
197,-nan,0,0
198,-nan,0,0
199,-nan,0,0
200,-nan,0,0
201,-nan,0,0
202,-nan,0,0
203,-nan,0,0
204,-nan,0,0
205,-nan,0,0
206,-nan,0,0
207,-nan,0,0
208,-nan,0,0
209,-nan,0,0
210,-nan,0,0
211,-nan,0,0
212,-nan,0,0
213,-nan,0,0
214,-nan,0,0
215,-nan,0,0
216,-nan,0,0
217,-nan,0,0
218,-nan,0,0
219,-nan,0,0
220,-nan,0,0
221,-nan,0,0
222,-nan,0,0
223,-nan,0,0
224,-nan,0,0
225,-nan,0,0
226,-nan,0,0
227,-nan,0,0
228,-nan,0,0
229,-nan,0,0
230,-nan,0,0
231,-nan,0,0
232,-nan,0,0
233,-nan,0,0
234,-nan,0,0
235,-nan,0,0
236,-nan,0,0
237,-nan,0,0
238,-nan,0,0
239,-nan,0,0
240,-nan,0,0
241,-nan,0,0
242,-nan,0,0
243,-nan,0,0
244,-nan,0,0
245,-nan,0,0
246,-nan,0,0
247,-nan,0,0
248,-nan,0,0
249,-nan,0,0
250,-nan,0,0
251,-nan,0,0
252,-nan,0,0
253,-nan,0,0
254,-nan,0,0
255,-nan,0,0
256,-nan,0,0
257,-nan,0,0
258,-nan,0,0
259,-nan,0,0
260,-nan,0,0
261,-nan,0,0
262,-nan,0,0
263,-nan,0,0
264,-nan,0,0
265,-nan,0,0
266,-nan,0,0
267,-nan,0,0
268,-nan,0,0
269,-nan,0,0
270,-nan,0,0
271,-nan,0,0
272,-nan,0,0
273,-nan,0,0
274,-nan,0,0
275,-nan,0,0
276,-nan,0,0
277,-nan,0,0
278,-nan,0,0
279,-nan,0,0
280,-nan,0,0
281,-nan,0,0
282,-nan,0,0
283,-nan,0,0
284,-nan,0,0
285,-nan,0,0
286,-nan,0,0
287,-nan,0,0
288,-nan,0,0
289,-nan,0,0
290,-nan,0,0
291,-nan,0,0
292,-nan,0,0
293,-nan,0,0
294,-nan,0,0
295,-nan,0,0
296,-nan,0,0
297,-nan,0,0
298,-nan,0,0
299,-nan,0,0
300,-nan,0,0
301,-nan,0,0
302,-nan,0,0
303,-nan,0,0
304,-nan,0,0
305,-nan,0,0
306,-nan,0,0
307,-nan,0,0
308,-nan,0,0
309,-nan,0,0
310,-nan,0,0
311,-nan,0,0
312,-nan,0,0
313,-nan,0,0
314,-nan,0,0
315,-nan,0,0
316,-nan,0,0
317,-nan,0,0
318,-nan,0,0
319,-nan,0,0
320,-nan,0,0
321,-nan,0,0
322,-nan,0,0
323,-nan,0,0
324,-nan,0,0
325,-nan,0,0
326,-nan,0,0
327,-nan,0,0
328,-nan,0,0
329,-nan,0,0
330,-nan,0,0
331,-nan,0,0
332,-nan,0,0
333,-nan,0,0
334,-nan,0,0
335,-nan,0,0
336,-nan,0,0
337,-nan,0,0
338,-nan,0,0
339,-nan,0,0
340,-nan,0,0
341,-nan,0,0
342,-nan,0,0
343,-nan,0,0
344,-nan,0,0
345,-nan,0,0
346,-nan,0,0
347,-nan,0,0
348,-nan,0,0
349,-nan,0,0
350,-nan,0,0
351,-nan,0,0
352,-nan,0,0
353,-nan,0,0
354,-nan,0,0
355,-nan,0,0
356,-nan,0,0
357,-nan,0,0
358,-nan,0,0
359,-nan,0,0
360,-nan,0,0
361,-nan,0,0
362,-nan,0,0
363,-nan,0,0
364,-nan,0,0
365,-nan,0,0
366,-nan,0,0
367,-nan,0,0
368,-nan,0,0
369,-nan,0,0
370,-nan,0,0
371,-nan,0,0
372,-nan,0,0
373,-nan,0,0
374,-nan,0,0
375,-nan,0,0
376,-nan,0,0
377,-nan,0,0
378,-nan,0,0
379,-nan,0,0
380,-nan,0,0
381,-nan,0,0
382,-nan,0,0
383,-nan,0,0
384,-nan,0,0
385,-nan,0,0
386,-nan,0,0
387,-nan,0,0
388,-nan,0,0
389,-nan,0,0
390,-nan,0,0
391,-nan,0,0
392,-nan,0,0
393,-nan,0,0
394,-nan,0,0
395,-nan,0,0
396,-nan,0,0
397,-nan,0,0
398,-nan,0,0
399,-nan,0,0
400,-nan,0,0
401,-nan,0,0
402,-nan,0,0
403,-nan,0,0
404,-nan,0,0
405,-nan,0,0
406,-nan,0,0
407,-nan,0,0
408,-nan,0,0
409,-nan,0,0
410,-nan,0,0
411,-nan,0,0
412,-nan,0,0
413,-nan,0,0
414,-nan,0,0
415,-nan,0,0
416,-nan,0,0
417,-nan,0,0
418,-nan,0,0
419,-nan,0,0
420,-nan,0,0
421,-nan,0,0
422,-nan,0,0
423,-nan,0,0
424,-nan,0,0
425,-nan,0,0
426,-nan,0,0
427,-nan,0,0
428,-nan,0,0
429,-nan,0,0
430,-nan,0,0
431,-nan,0,0
432,-nan,0,0
433,-nan,0,0
434,-nan,0,0
435,-nan,0,0
436,-nan,0,0
437,-nan,0,0
438,-nan,0,0
439,-nan,0,0
440,-nan,0,0
441,-nan,0,0
442,-nan,0,0
443,-nan,0,0
444,-nan,0,0
445,-nan,0,0
446,-nan,0,0
447,-nan,0,0
448,-nan,0,0
449,-nan,0,0
450,-nan,0,0
451,-nan,0,0
452,-nan,0,0
453,-nan,0,0
454,-nan,0,0
455,-nan,0,0
456,-nan,0,0
457,-nan,0,0
458,-nan,0,0
459,-nan,0,0
460,-nan,0,0
461,-nan,0,0
462,-nan,0,0
463,-nan,0,0
464,-nan,0,0
465,-nan,0,0
466,-nan,0,0
467,-nan,0,0
468,-nan,0,0
469,-nan,0,0
470,-nan,0,0
471,-nan,0,0
472,-nan,0,0
473,-nan,0,0
474,-nan,0,0
475,-nan,0,0
476,-nan,0,0
477,-nan,0,0
478,-nan,0,0
479,-nan,0,0
480,-nan,0,0
481,-nan,0,0
482,-nan,0,0
483,-nan,0,0
484,-nan,0,0
485,-nan,0,0
486,-nan,0,0
487,-nan,0,0
488,-nan,0,0
489,-nan,0,0
490,-nan,0,0
491,-nan,0,0
492,-nan,0,0
493,-nan,0,0
494,-nan,0,0
495,-nan,0,0
496,-nan,0,0
497,-nan,0,0
498,-nan,0,0
499,-nan,0,0
500,-nan,0,0
501,-nan,0,0
502,-nan,0,0
503,-nan,0,0
504,-nan,0,0
505,-nan,0,0
506,-nan,0,0
507,-nan,0,0
508,-nan,0,0
509,-nan,0,0
510,-nan,0,0
511,-nan,0,0
512,-nan,0,0
513,-nan,0,0
514,-nan,0,0
515,-nan,0,0
516,-nan,0,0
517,-nan,0,0
518,-nan,0,0
519,-nan,0,0
520,-nan,0,0
521,-nan,0,0
522,-nan,0,0
523,-nan,0,0
524,-nan,0,0
525,-nan,0,0
526,-nan,0,0
527,-nan,0,0
528,-nan,0,0
529,-nan,0,0
530,-nan,0,0
531,-nan,0,0
532,-nan,0,0
533,-nan,0,0
534,-nan,0,0
535,-nan,0,0
536,-nan,0,0
537,-nan,0,0
538,-nan,0,0
539,-nan,0,0
540,-nan,0,0
541,-nan,0,0
542,-nan,0,0
543,-nan,0,0
544,-nan,0,0
545,-nan,0,0
546,-nan,0,0
547,-nan,0,0
548,-nan,0,0
549,-nan,0,0
550,-nan,0,0
551,-nan,0,0
552,-nan,0,0
553,-nan,0,0
554,-nan,0,0
555,-nan,0,0
556,-nan,0,0
557,-nan,0,0
558,-nan,0,0
559,-nan,0,0
560,-nan,0,0
561,-nan,0,0
562,-nan,0,0
563,-nan,0,0
564,-nan,0,0
565,-nan,0,0
566,-nan,0,0
567,-nan,0,0
568,-nan,0,0
569,-nan,0,0
570,-nan,0,0
571,-nan,0,0
572,-nan,0,0
573,-nan,0,0
574,-nan,0,0
575,-nan,0,0
576,-nan,0,0
577,-nan,0,0
578,-nan,0,0
579,-nan,0,0
580,-nan,0,0
581,-nan,0,0
582,-nan,0,0
583,-nan,0,0
584,-nan,0,0
585,-nan,0,0
586,-nan,0,0
587,-nan,0,0
588,-nan,0,0
589,-nan,0,0
590,-nan,0,0
591,-nan,0,0
592,-nan,0,0
593,-nan,0,0
594,-nan,0,0
595,-nan,0,0
596,-nan,0,0
597,-nan,0,0
598,-nan,0,0
599,-nan,0,0
600,-nan,0,0
601,-nan,0,0
602,-nan,0,0
603,-nan,0,0
604,-nan,0,0
605,-nan,0,0
606,-nan,0,0
607,-nan,0,0
608,-nan,0,0
609,-nan,0,0
610,-nan,0,0
611,-nan,0,0
612,-nan,0,0
613,-nan,0,0
614,-nan,0,0
615,-nan,0,0
616,-nan,0,0
617,-nan,0,0
618,-nan,0,0
619,-nan,0,0
620,-nan,0,0
621,-nan,0,0
622,-nan,0,0
623,-nan,0,0
624,-nan,0,0
625,-nan,0,0
626,-nan,0,0
627,-nan,0,0
628,-nan,0,0
629,-nan,0,0
630,-nan,0,0
631,-nan,0,0
632,-nan,0,0
633,-nan,0,0
634,-nan,0,0
635,-nan,0,0
636,-nan,0,0
637,-nan,0,0
638,-nan,0,0
639,-nan,0,0
640,-nan,0,0
641,-nan,0,0
642,-nan,0,0
643,-nan,0,0
644,-nan,0,0
645,-nan,0,0
646,-nan,0,0
647,-nan,0,0
648,-nan,0,0
649,-nan,0,0
650,-nan,0,0
651,-nan,0,0
652,-nan,0,0
653,-nan,0,0
654,-nan,0,0
655,-nan,0,0
656,-nan,0,0
657,-nan,0,0
658,-nan,0,0
659,-nan,0,0
660,-nan,0,0
661,-nan,0,0
662,-nan,0,0
663,-nan,0,0
664,-nan,0,0
665,-nan,0,0
666,-nan,0,0
667,-nan,0,0
668,-nan,0,0
669,-nan,0,0
670,-nan,0,0
671,-nan,0,0
672,-nan,0,0
673,-nan,0,0
674,-nan,0,0
675,-nan,0,0
676,-nan,0,0
677,-nan,0,0
678,-nan,0,0
679,-nan,0,0
680,-nan,0,0
681,-nan,0,0
682,-nan,0,0
683,-nan,0,0
684,-nan,0,0
685,-nan,0,0
686,-nan,0,0
687,-nan,0,0
688,-nan,0,0
689,-nan,0,0
690,-nan,0,0
691,-nan,0,0
692,-nan,0,0
693,-nan,0,0
694,-nan,0,0
695,-nan,0,0
696,-nan,0,0
697,-nan,0,0
698,-nan,0,0
699,-nan,0,0
700,-nan,0,0
701,-nan,0,0
702,-nan,0,0
703,-nan,0,0
704,-nan,0,0
705,-nan,0,0
706,-nan,0,0
707,-nan,0,0
708,-nan,0,0
709,-nan,0,0
710,-nan,0,0
711,-nan,0,0
712,-nan,0,0
713,-nan,0,0
714,-nan,0,0
715,-nan,0,0
716,-nan,0,0
717,-nan,0,0
718,-nan,0,0
719,-nan,0,0
720,-nan,0,0
721,-nan,0,0
722,-nan,0,0
723,-nan,0,0
724,-nan,0,0
725,-nan,0,0
726,-nan,0,0
727,-nan,0,0
728,-nan,0,0
729,-nan,0,0
730,-nan,0,0
731,-nan,0,0
732,-nan,0,0
733,-nan,0,0
734,-nan,0,0
735,-nan,0,0
736,-nan,0,0
737,-nan,0,0
738,-nan,0,0
739,-nan,0,0
740,-nan,0,0
741,-nan,0,0
742,-nan,0,0
743,-nan,0,0
744,-nan,0,0
745,-nan,0,0
746,-nan,0,0
747,-nan,0,0
748,-nan,0,0
749,-nan,0,0
750,-nan,0,0
751,-nan,0,0
752,-nan,0,0
753,-nan,0,0
754,-nan,0,0
755,-nan,0,0
756,-nan,0,0
757,-nan,0,0
758,-nan,0,0
759,-nan,0,0
760,-nan,0,0
761,-nan,0,0
762,-nan,0,0
763,-nan,0,0
764,-nan,0,0
765,-nan,0,0
766,-nan,0,0
767,-nan,0,0
768,-nan,0,0
769,-nan,0,0
770,-nan,0,0
771,-nan,0,0
772,-nan,0,0
773,-nan,0,0
774,-nan,0,0
775,-nan,0,0
776,-nan,0,0
777,-nan,0,0
778,-nan,0,0
779,-nan,0,0
780,-nan,0,0
781,-nan,0,0
782,-nan,0,0
783,-nan,0,0
784,-nan,0,0
785,-nan,0,0
786,-nan,0,0
787,-nan,0,0
788,-nan,0,0
789,-nan,0,0
790,-nan,0,0
791,-nan,0,0
792,-nan,0,0
793,-nan,0,0
794,-nan,0,0
795,-nan,0,0
796,-nan,0,0
797,-nan,0,0
798,-nan,0,0
799,-nan,0,0
800,-nan,0,0
801,-nan,0,0
802,-nan,0,0
803,-nan,0,0
804,-nan,0,0
805,-nan,0,0
806,-nan,0,0
807,-nan,0,0
808,-nan,0,0
809,-nan,0,0
810,-nan,0,0
811,-nan,0,0
812,-nan,0,0
813,-nan,0,0
814,-nan,0,0
815,-nan,0,0
816,-nan,0,0
817,-nan,0,0
818,-nan,0,0
819,-nan,0,0
820,-nan,0,0
821,-nan,0,0
822,-nan,0,0
823,-nan,0,0
824,-nan,0,0
825,-nan,0,0
826,-nan,0,0
827,-nan,0,0
828,-nan,0,0
829,-nan,0,0
830,-nan,0,0
831,-nan,0,0
832,-nan,0,0
833,-nan,0,0
834,-nan,0,0
835,-nan,0,0
836,-nan,0,0
837,-nan,0,0
838,-nan,0,0
839,-nan,0,0
840,-nan,0,0
841,-nan,0,0
842,-nan,0,0
843,-nan,0,0
844,-nan,0,0
845,-nan,0,0
846,-nan,0,0
847,-nan,0,0
848,-nan,0,0
849,-nan,0,0
850,-nan,0,0
851,-nan,0,0
852,-nan,0,0
853,-nan,0,0
854,-nan,0,0
855,-nan,0,0
856,-nan,0,0
857,-nan,0,0
858,-nan,0,0
859,-nan,0,0
860,-nan,0,0
861,-nan,0,0
862,-nan,0,0
863,-nan,0,0
864,-nan,0,0
865,-nan,0,0
866,-nan,0,0
867,-nan,0,0
868,-nan,0,0
869,-nan,0,0
870,-nan,0,0
871,-nan,0,0
872,-nan,0,0
873,-nan,0,0
874,-nan,0,0
875,-nan,0,0
876,-nan,0,0
877,-nan,0,0
878,-nan,0,0
879,-nan,0,0
880,-nan,0,0
881,-nan,0,0
882,-nan,0,0
883,-nan,0,0
884,-nan,0,0
885,-nan,0,0
886,-nan,0,0
887,-nan,0,0
888,-nan,0,0
889,-nan,0,0
890,-nan,0,0
891,-nan,0,0
892,-nan,0,0
893,-nan,0,0
894,-nan,0,0
895,-nan,0,0
896,-nan,0,0
897,-nan,0,0
898,-nan,0,0
899,-nan,0,0
900,-nan,0,0
901,-nan,0,0
902,-nan,0,0
903,-nan,0,0
904,-nan,0,0
905,-nan,0,0
906,-nan,0,0
907,-nan,0,0
908,-nan,0,0
909,-nan,0,0
910,-nan,0,0
911,-nan,0,0
912,-nan,0,0
913,-nan,0,0
914,-nan,0,0
915,-nan,0,0
916,-nan,0,0
917,-nan,0,0
918,-nan,0,0
919,-nan,0,0
920,-nan,0,0
921,-nan,0,0
922,-nan,0,0
923,-nan,0,0
924,-nan,0,0
925,-nan,0,0
926,-nan,0,0
927,-nan,0,0
928,-nan,0,0
929,-nan,0,0
930,-nan,0,0
931,-nan,0,0
932,-nan,0,0
933,-nan,0,0
934,-nan,0,0
935,-nan,0,0
936,-nan,0,0
937,-nan,0,0
938,-nan,0,0
939,-nan,0,0
940,-nan,0,0
941,-nan,0,0
942,-nan,0,0
943,-nan,0,0
944,-nan,0,0
945,-nan,0,0
946,-nan,0,0
947,-nan,0,0
948,-nan,0,0
949,-nan,0,0
950,-nan,0,0
951,-nan,0,0
952,-nan,0,0
953,-nan,0,0
954,-nan,0,0
955,-nan,0,0
956,-nan,0,0
957,-nan,0,0
958,-nan,0,0
959,-nan,0,0
960,-nan,0,0
961,-nan,0,0
962,-nan,0,0
963,-nan,0,0
964,-nan,0,0
965,-nan,0,0
966,-nan,0,0
967,-nan,0,0
968,-nan,0,0
969,-nan,0,0
970,-nan,0,0
971,-nan,0,0
972,-nan,0,0
973,-nan,0,0
974,-nan,0,0
975,-nan,0,0
976,-nan,0,0
977,-nan,0,0
978,-nan,0,0
979,-nan,0,0
980,-nan,0,0
981,-nan,0,0
982,-nan,0,0
983,-nan,0,0
984,-nan,0,0
985,-nan,0,0
986,-nan,0,0
987,-nan,0,0
988,-nan,0,0
989,-nan,0,0
990,-nan,0,0
991,-nan,0,0
992,-nan,0,0
993,-nan,0,0
994,-nan,0,0
995,-nan,0,0
996,-nan,0,0
997,-nan,0,0
998,-nan,0,0
999,-nan,0,0
1000,-nan,0,0
1001,-nan,0,0
1002,-nan,0,0
1003,-nan,0,0
1004,-nan,0,0
1005,-nan,0,0
1006,-nan,0,0
1007,-nan,0,0
1008,-nan,0,0
1009,-nan,0,0
1010,-nan,0,0
1011,-nan,0,0
1012,-nan,0,0
1013,-nan,0,0
1014,-nan,0,0
1015,-nan,0,0
1016,-nan,0,0
1017,-nan,0,0
1018,-nan,0,0
1019,-nan,0,0
1020,-nan,0,0
1021,-nan,0,0
1022,-nan,0,0
1023,-nan,0,0
1024,-nan,0,0
1025,-nan,0,0
1026,-nan,0,0
1027,-nan,0,0
1028,-nan,0,0
1029,-nan,0,0
1030,-nan,0,0
1031,-nan,0,0
1032,-nan,0,0
1033,-nan,0,0
1034,-nan,0,0
1035,-nan,0,0
1036,-nan,0,0
1037,-nan,0,0
1038,-nan,0,0
1039,-nan,0,0
1040,-nan,0,0
1041,-nan,0,0
1042,-nan,0,0
1043,-nan,0,0
1044,-nan,0,0
1045,-nan,0,0
1046,-nan,0,0
1047,-nan,0,0
1048,-nan,0,0
1049,-nan,0,0
1050,-nan,0,0
1051,-nan,0,0
1052,-nan,0,0
1053,-nan,0,0
1054,-nan,0,0
1055,-nan,0,0
1056,-nan,0,0
1057,-nan,0,0
1058,-nan,0,0
1059,-nan,0,0
1060,-nan,0,0
1061,-nan,0,0
1062,-nan,0,0
1063,-nan,0,0
1064,-nan,0,0
1065,-nan,0,0
1066,-nan,0,0
1067,-nan,0,0
1068,-nan,0,0
1069,-nan,0,0
1070,-nan,0,0
1071,-nan,0,0
1072,-nan,0,0
1073,-nan,0,0
1074,-nan,0,0
1075,-nan,0,0
1076,-nan,0,0
1077,-nan,0,0
1078,-nan,0,0
1079,-nan,0,0
1080,-nan,0,0
1081,-nan,0,0
1082,-nan,0,0
1083,-nan,0,0
1084,-nan,0,0
1085,-nan,0,0
1086,-nan,0,0
1087,-nan,0,0
1088,-nan,0,0
1089,-nan,0,0
1090,-nan,0,0
1091,-nan,0,0
1092,-nan,0,0
1093,-nan,0,0
1094,-nan,0,0
1095,-nan,0,0
1096,-nan,0,0
1097,-nan,0,0
1098,-nan,0,0
1099,-nan,0,0
1100,-nan,0,0
1101,-nan,0,0
1102,-nan,0,0
1103,-nan,0,0
1104,-nan,0,0
1105,-nan,0,0
1106,-nan,0,0
1107,-nan,0,0
1108,-nan,0,0
1109,-nan,0,0
1110,-nan,0,0
1111,-nan,0,0
1112,-nan,0,0
1113,-nan,0,0
1114,-nan,0,0
1115,-nan,0,0
1116,-nan,0,0
1117,-nan,0,0
1118,-nan,0,0
1119,-nan,0,0
1120,-nan,0,0
1121,-nan,0,0
1122,-nan,0,0
1123,-nan,0,0
1124,-nan,0,0
1125,-nan,0,0
1126,-nan,0,0
1127,-nan,0,0
1128,-nan,0,0
1129,-nan,0,0
1130,-nan,0,0
1131,-nan,0,0
1132,-nan,0,0
1133,-nan,0,0
1134,-nan,0,0
1135,-nan,0,0
1136,-nan,0,0
1137,-nan,0,0
1138,-nan,0,0
1139,-nan,0,0
1140,-nan,0,0
1141,-nan,0,0
1142,-nan,0,0
1143,-nan,0,0
1144,-nan,0,0
1145,-nan,0,0
1146,-nan,0,0
1147,-nan,0,0
1148,-nan,0,0
1149,-nan,0,0
1150,-nan,0,0
1151,-nan,0,0
1152,-nan,0,0
1153,-nan,0,0
1154,-nan,0,0
1155,-nan,0,0
1156,-nan,0,0
1157,-nan,0,0
1158,-nan,0,0
1159,-nan,0,0
1160,-nan,0,0
1161,-nan,0,0
1162,-nan,0,0
1163,-nan,0,0
1164,-nan,0,0
1165,-nan,0,0
1166,-nan,0,0
1167,-nan,0,0
1168,-nan,0,0
1169,-nan,0,0
1170,-nan,0,0
1171,-nan,0,0
1172,-nan,0,0
1173,-nan,0,0
1174,-nan,0,0
1175,-nan,0,0
1176,-nan,0,0
1177,-nan,0,0
1178,-nan,0,0
1179,-nan,0,0
1180,-nan,0,0
1181,-nan,0,0
1182,-nan,0,0
1183,-nan,0,0
1184,-nan,0,0
1185,-nan,0,0
1186,-nan,0,0
1187,-nan,0,0
1188,-nan,0,0
1189,-nan,0,0
1190,-nan,0,0
1191,-nan,0,0
1192,-nan,0,0
1193,-nan,0,0
1194,-nan,0,0
1195,-nan,0,0
1196,-nan,0,0
1197,-nan,0,0
1198,-nan,0,0
1199,-nan,0,0
1200,-nan,0,0
1201,-nan,0,0
1202,-nan,0,0
1203,-nan,0,0
1204,-nan,0,0
1205,-nan,0,0
1206,-nan,0,0
1207,-nan,0,0
1208,-nan,0,0
1209,-nan,0,0
1210,-nan,0,0
1211,-nan,0,0
1212,-nan,0,0
1213,-nan,0,0
1214,-nan,0,0
1215,-nan,0,0
1216,-nan,0,0
1217,-nan,0,0
1218,-nan,0,0
1219,-nan,0,0
1220,-nan,0,0
1221,-nan,0,0
1222,-nan,0,0
1223,-nan,0,0
1224,-nan,0,0
1225,-nan,0,0
1226,-nan,0,0
1227,-nan,0,0
1228,-nan,0,0
1229,-nan,0,0
1230,-nan,0,0
1231,-nan,0,0
1232,-nan,0,0
1233,-nan,0,0
1234,-nan,0,0
1235,-nan,0,0
1236,-nan,0,0
1237,-nan,0,0
1238,-nan,0,0
1239,-nan,0,0
1240,-nan,0,0
1241,-nan,0,0
1242,-nan,0,0
1243,-nan,0,0
1244,-nan,0,0
1245,-nan,0,0
1246,-nan,0,0
1247,-nan,0,0
1248,-nan,0,0
1249,-nan,0,0
1250,-nan,0,0
1251,-nan,0,0
1252,-nan,0,0
1253,-nan,0,0
1254,-nan,0,0
1255,-nan,0,0
1256,-nan,0,0
1257,-nan,0,0
1258,-nan,0,0
1259,-nan,0,0
1260,-nan,0,0
1261,-nan,0,0
1262,-nan,0,0
1263,-nan,0,0
1264,-nan,0,0
1265,-nan,0,0
1266,-nan,0,0
1267,-nan,0,0
1268,-nan,0,0
1269,-nan,0,0
1270,-nan,0,0
1271,-nan,0,0
1272,-nan,0,0
1273,-nan,0,0
1274,-nan,0,0
1275,-nan,0,0
1276,-nan,0,0
1277,-nan,0,0
1278,-nan,0,0
1279,-nan,0,0
1280,-nan,0,0
1281,-nan,0,0
1282,-nan,0,0
1283,-nan,0,0
1284,-nan,0,0
1285,-nan,0,0
1286,-nan,0,0
1287,-nan,0,0
1288,-nan,0,0
1289,-nan,0,0
1290,-nan,0,0
1291,-nan,0,0
1292,-nan,0,0
1293,-nan,0,0
1294,-nan,0,0
1295,-nan,0,0
1296,-nan,0,0
1297,-nan,0,0
1298,-nan,0,0
1299,-nan,0,0
1300,-nan,0,0
1301,-nan,0,0
1302,-nan,0,0
1303,-nan,0,0
1304,-nan,0,0
1305,-nan,0,0
1306,-nan,0,0
1307,-nan,0,0
1308,-nan,0,0
1309,-nan,0,0
1310,-nan,0,0
1311,-nan,0,0
1312,-nan,0,0
1313,-nan,0,0
1314,-nan,0,0
1315,-nan,0,0
1316,-nan,0,0
1317,-nan,0,0
1318,-nan,0,0
1319,-nan,0,0
1320,-nan,0,0
1321,-nan,0,0
1322,-nan,0,0
1323,-nan,0,0
1324,-nan,0,0
1325,-nan,0,0
1326,-nan,0,0
1327,-nan,0,0
1328,-nan,0,0
1329,-nan,0,0
1330,-nan,0,0
1331,-nan,0,0
1332,-nan,0,0
1333,-nan,0,0
1334,-nan,0,0
1335,-nan,0,0
1336,-nan,0,0
1337,-nan,0,0
1338,-nan,0,0
1339,-nan,0,0
1340,-nan,0,0
1341,-nan,0,0
1342,-nan,0,0
1343,-nan,0,0
1344,-nan,0,0
1345,-nan,0,0
1346,-nan,0,0
1347,-nan,0,0
1348,-nan,0,0
1349,-nan,0,0
1350,-nan,0,0
1351,-nan,0,0
1352,-nan,0,0
1353,-nan,0,0
1354,-nan,0,0
1355,-nan,0,0
1356,-nan,0,0
1357,-nan,0,0
1358,-nan,0,0
1359,-nan,0,0
1360,-nan,0,0
1361,-nan,0,0
1362,-nan,0,0
1363,-nan,0,0
1364,-nan,0,0
1365,-nan,0,0
1366,-nan,0,0
1367,-nan,0,0
1368,-nan,0,0
1369,-nan,0,0
1370,-nan,0,0
1371,-nan,0,0
1372,-nan,0,0
1373,-nan,0,0
1374,-nan,0,0
1375,-nan,0,0
1376,-nan,0,0
1377,-nan,0,0
1378,-nan,0,0
1379,-nan,0,0
1380,-nan,0,0
1381,-nan,0,0
1382,-nan,0,0
1383,-nan,0,0
1384,-nan,0,0
1385,-nan,0,0
1386,-nan,0,0
1387,-nan,0,0
1388,-nan,0,0
1389,-nan,0,0
1390,-nan,0,0
1391,-nan,0,0
1392,-nan,0,0
1393,-nan,0,0
1394,-nan,0,0
1395,-nan,0,0
1396,-nan,0,0
1397,-nan,0,0
1398,-nan,0,0
1399,-nan,0,0
1400,-nan,0,0
1401,-nan,0,0
1402,-nan,0,0
1403,-nan,0,0
1404,-nan,0,0
1405,-nan,0,0
1406,-nan,0,0
1407,-nan,0,0
1408,-nan,0,0
1409,-nan,0,0
1410,-nan,0,0
1411,-nan,0,0
1412,-nan,0,0
1413,-nan,0,0
1414,-nan,0,0
1415,-nan,0,0
1416,-nan,0,0
1417,-nan,0,0
1418,-nan,0,0
1419,-nan,0,0
1420,-nan,0,0
1421,-nan,0,0
1422,-nan,0,0
1423,-nan,0,0
1424,-nan,0,0
1425,-nan,0,0
1426,-nan,0,0
1427,-nan,0,0
1428,-nan,0,0
1429,-nan,0,0
1430,-nan,0,0
1431,-nan,0,0
1432,-nan,0,0
1433,-nan,0,0
1434,-nan,0,0
1435,-nan,0,0
1436,-nan,0,0
1437,-nan,0,0
1438,-nan,0,0
1439,-nan,0,0
1440,-nan,0,0
1441,-nan,0,0
1442,-nan,0,0
1443,-nan,0,0
1444,-nan,0,0
1445,-nan,0,0
1446,-nan,0,0
1447,-nan,0,0
1448,-nan,0,0
1449,-nan,0,0
1450,-nan,0,0
1451,-nan,0,0
1452,-nan,0,0
1453,-nan,0,0
1454,-nan,0,0
1455,-nan,0,0
1456,-nan,0,0
1457,-nan,0,0
1458,-nan,0,0
1459,-nan,0,0
1460,-nan,0,0
1461,-nan,0,0
1462,-nan,0,0
1463,-nan,0,0
1464,-nan,0,0
1465,-nan,0,0
1466,-nan,0,0
1467,-nan,0,0
1468,-nan,0,0
1469,-nan,0,0
1470,-nan,0,0
1471,-nan,0,0
1472,-nan,0,0
1473,-nan,0,0
1474,-nan,0,0
1475,-nan,0,0
1476,-nan,0,0
1477,-nan,0,0
1478,-nan,0,0
1479,-nan,0,0
1480,-nan,0,0
1481,-nan,0,0
1482,-nan,0,0
1483,-nan,0,0
1484,-nan,0,0
1485,-nan,0,0
1486,-nan,0,0
1487,-nan,0,0
1488,-nan,0,0
1489,-nan,0,0
1490,-nan,0,0
1491,-nan,0,0
1492,-nan,0,0
1493,-nan,0,0
1494,-nan,0,0
1495,-nan,0,0
1496,-nan,0,0
1497,-nan,0,0
1498,-nan,0,0
1499,-nan,0,0
