0
51 143
1
51 143
2
51 143
3
51 143
4
248 119
5
248 119
6
248 119
7
12 15 13 28 14 29 29 14 28 13 15 12 12 15 13 28 14 29 29 14 28 13 15 12 12 15 13 28 14 29 29 14 28 13 15 12 12 15 13 28 14 29 29 14 28 13 15 12 12 15 13 28 14 29 29 14 28 13 15 12 12 15 13 28 14 29 29 14 28 13 15 12 12 15 13 28 14 29 29 14 28 13 15 12 12 15 13 28 14 29 29 14 28 13 15 12 12 15 13 28 14 29 29 14 28 13 15 12 12 15 13 28 14 29 29 14 28 13 15 12 12 15 13 28 14 29 29 14 28 13 15 12 12 15 13 28 14 29 29 13 41 25 14 9 28 40 56 12 15 24 8 15 12 13 28 14 29 29 14 28 13 12 15 15 12 13 28 14 29 29 14 28 13 12 15 15 12 13 28 14 29 29 14 28 13 12 15 15 12 13 28 14 29 29 14 28 13 12 15 15 12 13 28 14 29 29 14 28 13 12 15 15 12 13 28 14 29 29 14 28 13 12 15 15 12 13 28 14 29 29 14 28 13 12 15 15 12 13 28 14 29 29 14 28 13 12 15 15 12 13 28 14 29 29 14 28 13 12 15 15 12 13 28 14 29 29 14 28 13 12 15 15 12 13 28 14 29 29 14 28 13 12 15 15 12 13 28 14 29 29 119 8 15 13 41 14 56 28 12 24 25 248 9 40 13 28 12 14 15 29 29 15 14 12 28 13 13 28 12 14 15 29 29 15 14 12 28 13 13 28 12 14 15 29 29 15 14 12 28 13 13 28 12 14 15 29 29 15 14 12 28 13 13 28 12 14 15 29 29 15 14 12 28 13 13 28 12 14 15 29 29 15 14 12 28 13 13 28 12 14 15 29 29 15 14 12 28 13 13 28 12 14 15 29 29 15 14 12 28 13 13 28 12 14 15 29 29 15 14 12 28 13 13 28 12 14 15 29 29 15 14 12 28 13 13 28 12 14 15 29 29 15 14 12 28 13 13 28 12 14 15 29 29 12 25 24 15 56 14 41 40 13 28 9 8 28 13 12 14 15 29 29 15 14 12 13 28 28 13 12 14 15 29 29 15 14 12 13 28 28 13 12 14 15 29 29 15 14 12 13 28 28 13 12 14 15 29 29 15 14 12 13 28 28 13 12 14 15 29 29 15 14 12 13 28 28 13 12 14 15 29 29 15 14 12 13 28 28 13 12 14 15 29 29 15 14 12 13 28 28 13 12 14 15 29 29 15 14 12 13 28 28 13 12 14 15 29 29 15 14 12 13 28 28 13 12 14 15 29 29 15 14 12 13 28 28 13 12 14 15 29 29 15 14 12 13 28 28 13 12 14 15 29 29 44 62 119 41 60 46
8
74 106 75 107 90 122 122 108 124 107 110 90 174 126 190 106 172 109 111 188 125 74 75 75 74 106 122 107 90 90 188 74 75 122 126 108 111 125 106 174 172 124 110 7 190 57 107 109 107 74 90 122 106 75 75 126 190 122 111 106 188 108 124 74 109 174 110 125 172 107 90 90 107 74 75 122 106 106 125 107 90 75 108 126 110 172 74 188 109 190 111 57 124 7 122 174 122 107 106 75 74 90 90 108 124 75 110 74 125 126 190 107 174 188 111 172 109 122 106 106 122 107 90 75 74 74 172 122 106 90 126 108 111 109 107 125 174 124 110 7 190 57 75 188 75 106 74 90 107 122 122 108 109 90 107 124 190 75 111 126 172 125 106 174 110 188 74 74 106 107 122 90 75 75 124 76 172 78 77 190 188 94 107 110 106 7 125 57 126 122 93 74 174 111 90 92
9
57 7
10
59
11
59
12
31
13
31
14
31
15
31
16
51 143
17
51 143
18
51 143
19
51 143
20
248 119
21
248 119
22
248 119
23
248 119
24
57 7
25
57 7
26
59
27
59
28
31
29
31
31
44 45 46 47 60 61
32
51 143
33
51 143
34
51 143
35
51 143
36
248 119
37
248 119
38
248 119
39
248 119
40
57 7
41
57 7
42
59
43
59
44
63 31
45
63 31
46
63 31
47
63 31
48
51 143
49
51 143
50
51 143
51
64 65 66 67 80 81 82 83 96 97 98 99 112 113
52
248 119
53
248 119
54
248 119
56
57 7
57
26 27 10 11 42 43
59
12 13 14 15 28 29
60
63 31
61
63 31
62
63 31
63
76 77 78 79 92 93 94
64
115 51
65
115 51
66
115 51
67
115 51
68
119
69
119
70
119
71
119
72
121 123
73
121 123
74
123
75
123
76
95
77
95
78
95
79
95
80
115 51
81
115 51
82
115 51
83
115 51
84
119
85
119
86
119
87
119
88
121 123
89
121 123
90
123
91
123
92
95
93
95
94
95
95
108 109 110 111 124 125 126
96
115 51
97
115 51
98
115 51
99
115 51
100
119
101
119
102
119
103
119
104
121 123
105
121 123
106
123
107
123
108
127
109
127
110
127
111
127
112
115 51 51 115 115 51 51 115 115 51 10 27 11 42 26 43
113
115 51
114
115 51
115
68 69 70 71 84 85 86 87 100 101 102 103
119
4 5 6 7 20 21 22 23
120
121 123
121
136 137 152 153
122
123
123
72 73 88 89 104 105
124
127
125
127
126
127
127
156 143 141 142 157 140 140 157 142 141 143 156 171 138 155 139 170 154 156 143 141 142 157 140 140 157 142 141 143 156 154 170 139 155 138 171 156 143 141 142 157 140 140 106 142 75 155 74 107 91 141 139 138 156 90 157 170 122 154 171 143 143 156 142 157 141 140 140 142 154 138 141 155 157 139 170 171 156 143 143 156 140 157 141 142 142 140 155 170 141 138 157 154 171 139 156 143 143 156 157 141 142 140 140 170 120 75 139 157 90 104 141 106 143 155 156 154 107 74 91 122 171 88 138 142 72 142 141 140 157 156 143 143 156 157 140 141 142 154 138 155 139 171 170 142 141 140 157 156 143 143 156 157 140 141 142 170 171 139 155 138 154 142 141 140 157 156 143 143 74 157 91 122 155 142 138 139 107 140 170 106 141 90 171 156 75 154 156 140 141 143 157 142 142 138 171 157 155 143 140 154 139 170 156 141 141 156 140 143 142 157 157 170 154 142 140 155 143 156 171 139 138 141 141 140 156 157 142 143 143 107 136 72 74 154 104 169 88 138 155 142 90 91 139 168 140 170 171 157 75 156 152 120 106 137 122 184
128
160 176 176 160 160 176 176 160 160 176 176 160 160 176 176 160 160 176 176 160 160 176 162 163 178 176 160 160 176 176 160 160 176 176 160 160 176 176 160 160 176 176 160 160 176 176 160 178 163 162 178 163 162 160 176 176 160 160 176 176 160 160 176 176 160 160 176 145 176 160 160 176 176 160 160 176 162 163 178 176 160 160 176 176 160 160 176 176 160 160 176 176 160 160 176 176 160 160 176 176 160 178 163 162 162 163 178 160 176 176 160 160 176 176 160 160 176 176 160 160 176 176 160 160 176 176 160 160 176 162 163 178 176 160 160 176 176 160 145 160 176 176 160 160 176 176 160 160 176 176 160 160 176 176 160 178 163 162 178 163 162 160 176 176 160 160 176 176 160 160 176 176 160 160 176 176 160 160 176 176 160 160 176 162 163 178 176 160 160 176 176 160 160 176 176 160 160 176 194 195 210 176 160 160 176 176 160 160 176 145 176 160 163 162 178 163 162 178 160 176 176 160 160 176 176 160 160 176 176 160 160 176 176 160 160 176 176 160 160 176 178 162 163 176 160 160 176 176 160 160 176 176 160 160 176 176 160 160 176 176 160 160 176 176 160 160 176 163 162 178 178 162 163 176 160 160 176 176 160 160 176 176 160 145 160 176 176 160 160 176 176 160 160 176 176 160 178 162 163 160 176 176 160 160 176 176 160 160 176 176 160 160 176 176 160 160 176 176 160 160 176 163 162 178 163 162 178 176 160 160 176 176 160 160 176 176 160 160 176 164 165 132 148 149 133 176 160 160 176 176 160 160 176 176 160 178 162 163 160 176 145 176 160 160 176 176 160 160 176 176 160 160 176 176 160 160 176 176 160 160 176 163 162 178 162 178 163 176 160 160 176 176 160 160 176 176 160 160 176 176 160 160 176 176 160 160 176 176 160 178 162 163 210 194 195 160 176 176 160 160 176 176 160 160 176 176 160 160 176 176 160 145 160 176 176 160 160 176 178 162 162 163 178 163 176 160 160 176 176 160 160 176 176 160 160 176 176 160 160 176 176 160 160 176 176 160 178 163 162 160 176 176 160 160 176 176 160 160 176 176 160 160 176 176 160 160 176 176 160 160 176 162 163 178 163 162 178 176 160 160 176 176 160 160 176 145 176 160 160 176 176 160 160 176 176 160 160 176 176 160 178 163 162 160 176 176 160 160 176 176 160 160 176 176 160 160 176 176 160 160 176 176 160 160 176 176 160 162 163 178 178 162 163 160 176 176 160 160 176 176 160 160 176 176 160 160 176 176 160 160 176 176 160 145 160 176 178 163 162 176 160 160 176 176 160 160 176 176 160 160 176 176 160 160 176 176 160 160 176 176 160 162 163 178 163 162 178 160 176 176 160 160 176 176 160 160 176 176 160 195 194 210 160 176 176 160 160 176 176 160 160 176 162 163 178 176 160 160 176 176 160 160 176 176 160 160 176 145 176 160 160 176 176 160 160 176 176 160 178 163 162 162 163 178 160 176 176 160 160 176 176 160 192 208
129
145
130
147
131
147
132
128
133
128
134
183 215
135
183 215
138
187
139
187
140
159
141
159
142
159
143
202 218 234 250 250 234 218 202 202 218 234 250 250 234 238 239 253 252 202 218 237 254 236 218 202 234 250 250 234 202 218 218 202 234 250 250 234 237 238 236 239 218 202 252 254 253 202 218 234 250 250 234 218 202 159 202 218 234 250 250 238 237 234 252 218 239 236 254 253 202 202 218 250 234 234 250 218 202 202 218 250 234 234 250 1 238 16 48 254 0 2 218 202 35 49 239 17 33 19 18 3 236 253 34 252 237 32 50 202 234 250 218 218 250 234 202 202 234 250 218 218 250 239 237 252 253 202 234 238 236 254 234 202 250 218 159 218 250 202 234 234 202 250 218 218 250 237 236 238 253 234 202 254 239 252 202 234 250 218 218 250 234 202 202 234 250 218 218 250 254 237 252 236 202 234 253 239 238 234 202 250 218 218 250 202 234 234 202 250 218 218 200 248 3 236 237 33 2 35 159 17 239 34 232 202 0 253 19 250 254 50 18 16 252 48 49 32 238 234 1 216
144
145
145
160 161 176
146
147
147
128
148
128
149
128
150
183 215
151
183 215
154
187
155
187
156
159
157
159
159
172 173 174 175 188 189
160
177
161
177
162
179 128
163
179 128
164
128
165
128
166
183 215
167
183 215
170
187
171
187
172
191 159
173
191 159
174
191 159
175
191 159
176
177
177
192 193 208
178
179 128
179
130 131 146
182
183 215
183
132 148 164 133 149 165
185
154 155 138 139 170 171
187
142 143 140 141 156 157
188
191 159
189
191 159
190
191 159
191
204 205 206 207 220 221 222
194
211
195
211
196
215 247
197
215 247
198
215 247
199
215 247
200
143 251
201
143 251
202
251 255
203
251 255
209
194 210
210
211
211
226 227 242
212
215 247
213
215 247
214
215 247
215
134 135 150 151 166 167 182
216
143 251
217
143 251
218
251 255
219
251 255
223
236 237 238 239 252 253 254
224
128
225
128
226
243
227
243
228
247
229
247
230
247
231
247
232
143 251
233
143 251
234
251 255
235
251 255
236
255
237
255
238
255
239
255
240
128
242
243
243
224 225 240
244
247
245
247
247
242 226 227 227 226 242 242 226 227 227 226 242 242 226 227 227 226 242 242 226 227 227 226 242 242 226 227 227 226 242 242 226 227 227 226 242 242 226 227 227 226 242 242 226 227 227 226 242 242 226 227 227 226 242 242 226 227 227 226 242 242 226 227 245 244 231 229 228 230 227 226 242 242 226 227 227 226 242 242 226 227 227 226 242 242 226 227 227 226 242 214 213 197 212 196 198 199 242 226 227 227 226 242 242 226 227 227 226 242 242 226 227 227 226 242 242 226 227 227 226 242 242 226 227 227 226 242 242 226 227 227 226 242 242 226 227 227 226 242 242 226 227 231 245 230 244 229 228 227 226 242 242 226 227 227 226 242 242 226 227 227 226 242 242 226 227 227 226 242 242 226 227 227 226 242 242 226 227 227 226 242 242 226 227 227 226 242 212 196 199 213 198 197 214 242 226 227 227 226 242 242 226 227 227 226 242 242 226 227 227 226 242 242 226 227 227 226 242 230 231 228 245 244 229 242 226 227 227 226 242 242 226 227 227 226 242 242 226 227 227 226 242 242 226 227 227 226 242 242 226 227 227 226 242 242 226 227 227 226 242 242 226 227 227 226 242 242 226 227 227 226 242 242 226 227 227 226 242 242 226 227 227 226 242 199 212 197 196 214 213 198 242 226 227 227 226 242 244 231 245 230 229 228 242 226 227 227 226 242 242 226 227 227 226 242 242 226 227 227 226 242 242 226 227 227 226 242 242 226 227 227 226 242 242 226 227 227 226 242 242 226 227 227 226 242 242 226 227 227 226 242 242 226 227 227 226 242 242 226 227 227 226 242 242 226 227 228 229 230 245 231 244 227 226 242 242 226 227 227 226 242 242 226 227 227 226 242 196 214 198 212 213 197 199 242 226 227 227 226 242 242 226 227 227 226 242 242 226 227 227 226 242 242 226 227 227 226 242 242 226 227 227 226 242 242 226 227 227 226 242 242 226 227 227 226 242 242 226 227 227 226 242 242 226 227 230 228 244 229 245 231 227 226 242 242 226 227 227 226 242 242 226 227 227 226 242 242 226 227 227 226 242 242 226 227 227 226 242 242 226 227 227 226 242 242 226 227 212 213 199 214 197 198 196 227 226 242 242 226 227 227 226 242 242 226 227 227 226 242 242 226 227 227 226 242 242 226 227 227 226 242 245 228 229 230 231 244 242 226 227 227 226 242 242 226 227 227 226 242 242 226 227 227 226 242 242 226 227 227 226 242 242 226 227 227 226 242 242 226 227 227 226 242 242 226 227 227 226 242 242 226 227 227 226 242 242 226 227 227 226 242 242 226 227 214 197 196 213 198 199 212 227 226 242 242 226 227 227 226 242 229 245 244 228 230 231 242 226 227 227 226 242 242 226 227 227 226 242 242 226 227 227 226 242 242 226 227 227 226 242 242 226 227 227 226 242 242 226 227 227 226 242 242 226 227 227 226 242 242 226 227 227 226 242 242 226 227 227 226 242 242 226 227 227 226 242 242 226 227 231 230 228 244 245 229 227 226 242 242 226 227 227 226 242 242 226 227 196 214 199 197 212 213 198 242 226 227 227 226 242 242 226 227 227 226 242 242 226 227 227 226 242 242 226 227 227 226 242 242 226 227 227 226 242 242 226 227 227 226 242 242 226 227 227 226 242 242 226 227 227 226 242 242 226 227 227 226 242 230 245 228 244 231 229 242 226 227 227 226 242 242 226 227 227 226 242 242 226 227 227 226 242 242 226 227 227 226 242 242 226 227 227 226 242 196 199 198 213 198 196 214 214 212 212 197 227 226 242 242 226 227 227 226 242 242 226 227 227 226 242 242 226 227 227 226 242 242 226 227 227 226 242 242 226 227 227 226 242 228 230 245 244 229 231 242 226 227 227 226 242 242 226 227 227 226 242 242 226 227 227 226 242 242 226 227 227 226 242 242 226 227 227 226 242 242 226 227 227 226 242 242 226 227 227 226 242 242 226 227 227 226 242 242 226 227 227 226 242 214 198 197 199 212 196 213 242 226 227 227 226 242 242 226 227 227 226 242 229 230 244 228 231 245 242 226 227 227 226 242 242 226 227 227 226 242 242 226 227 227 226 242 242 226 227 227 226 242 242 226 227 227 226 242 242 226 227 227 226 242 242 226 227 227 226 242 242 226 227 227 226 242 242 226 227 227 226 242 242 226 227 227 226 242 242 226 227 245 231 228 244 230 229 242 227 226 226 227 242 242 227 226 198 196 197 214 213 212 199 226 227 242 242 227 226 226 227 242 242 227 226 226 227 242 242 227 226 226 227 242 242 227 226 226 227 242 242 227 226 226 227 242 242 227 226 226 227 242 242 227 226 226 227 242 242 227 226 226 227 242 242 227 226 226 227 242 228 244 245 245 244 229 228 231 230 229 231 230
248
52 5 21 36 4 20 54 22 53 39 7 38 6 37 37 53 20 7 4 6 36 38 21 39 52 54 22 5 5 21 6 52 4 22 7 54 20 39 37 36 38 53 53 20 22 37 4 38 52 36 6 39 5 7 54 21 21 54 52 36 37 7 22 53 20 39 6 5 4 38 102 70 86 101 71 69 103 85 68 84 100 87 5 22 4 52 38 7 39 36 54 21 53 20 37 6 6 37 20 53 21 54 36 39 7 38 52 4 22 5 5 6 37 22 222 4 38 39 54 53 206 204 20 21 36 7 52 220 7 37 54 36 5 52 4 6 21 38 39 22 53 20 20 53 4 6 36 22 54 7 37 38 21 39 5 52 71 103 85 68 70 86 84 100 102 101 87 69 54 21 36 39 5 4 38 37 53 7 52 6 22 20 20 52 37 36 22 39 6 21 54 4 53 7 38 5 5 53 21 37 38 36 7 52 20 39 54 4 6 22 22 54 52 21 6 37 4 53 5 36 20 39 7 38 38 20 52 7 6 53 21 39 54 22 37 5 36 4 4 100 39 103 7 54 102 52 71 101 5 206 70 20 85 222 86 69 204 84 21 36 38 6 87 68 22 53 220 37 37 38 7 5 36 22 54 53 21 6 4 52 20 39 39 21 22 4 36 20 5 52 7 6 37 54 53 38 38 7 20 37 36 53 4 54 22 6 39 5 52 21 21 22 53 39 36 52 37 5 20 6 38 4 54 7 7 54 37 5 39 4 53 21 22 6 20 38 36 52 68 69 102 71 84 70 100 86 101 85 103 87 38 53 36 37 52 4 6 5 54 7 21 22 39 20 20 39 22 21 7 54 5 6 4 52 37 36 53 38 38 20 39 53 204 36 52 6 54 21 222 206 22 7 5 4 37 220 4 39 54 5 38 37 36 20 7 52 6 53 21 22 22 21 36 20 5 53 54 4 39 52 7 6 38 37 84 100 86 101 69 102 85 103 68 71 87 70 54 7 5 6 38 36 52 39 21 4 37 20 53 22 22 37 39 5 53 6 20 7 54 36 21 4 52 38 38 21 7 39 52 5 4 37 22 6 54 36 20 53 53 54 37 7 20 39 36 21 38 5 22 6 4 52 52 22 37 4 20 21 7 6 54 53 39 38 5 36 36 206 251 54 84 71 52 85 4 101 204 22 21 70 6 53 69 222 38 20 103 37 143
250
251 255
251
200 201 216 217 232 233
252
255
253
255
254
255
255
202 203 218 219 234 235
