0 2 5 3
2 5
2 3


1 2 5 3
2 5
2 3


2 2 5 3
2 5
2 3


3 2 5 3
2 5
2 3


4 2 5 3
2 5
2 3


5 2 5 3
2 5
2 3


6 2 5 3
2 5
2 3


7 2 5 3
2 5
2 3


8 2 5 3
2 5
2 3


9 2 5 3
2 5
2 3


10 2 5 3
2 5
2 3


11 2 5 3
2 5
2 3


12 2 5 3
2 5
2 3


13 2 5 3
2 5
2 3


14 2 5 3
2 5
2 3


15 2 5 3
2 5
2 3


81 0 5 3
0 5
0 3


82 0 5 3
0 5
0 3


83 0 5 3
0 5
0 3


84 0 5 3
0 5
0 3


85 0 5 3
0 5
0 3


86 0 5 3
0 5
0 3


87 0 5 3
0 5
0 3


88 0 5 3
0 5
0 3


89 0 5 3
0 5
0 3


90 0 5 3
0 5
0 3


91 0 5 3
0 5
0 3


92 0 5 3
0 5
0 3


93 0 5 3
0 5
0 3


94 0 5 3
0 5
0 3


95 0 5 3
0 5
0 3


96 0 5 3
0 5
0 3


243 3 9 12
3 9
3 12


244 3 9 12
3 9
3 12


245 3 9 12
3 9
3 12


246 3 9 12
3 9
3 12


247 3 9 12
3 9
3 12


248 3 9 12
3 9
3 12


249 3 9 12
3 9
3 12


250 3 9 12
3 9
3 12


251 3 9 12
3 9
3 12


252 3 9 12
3 9
3 12


253 3 9 12
3 9
3 12


254 3 9 12
3 9
3 12


255 3 9 12
3 9
3 12


256 3 9 12
3 9
3 12


257 3 9 12
3 9
3 12


258 3 9 12
3 9
3 12


324 0 3 6
0 3
0 6


325 0 3 6
0 3
0 6


326 0 3 6
0 3
0 6


327 0 3 6
0 3
0 6


328 0 3 6
0 3
0 6


329 0 3 6
0 3
0 6


330 0 3 6
0 3
0 6


331 0 3 6
0 3
0 6


332 0 3 6
0 3
0 6


333 0 3 6
0 3
0 6


334 0 3 6
0 3
0 6


335 0 3 6
0 3
0 6


336 0 3 6
0 3
0 6


337 0 3 6
0 3
0 6


338 0 3 6
0 3
0 6


339 0 3 6
0 3
0 6


340 0 3 6
0 3
0 6


341 0 3 6
0 3
0 6


342 0 3 6
0 3
0 6


343 0 3 6
0 3
0 6


344 0 3 6
0 3
0 6


345 0 3 6
0 3
0 6


346 0 3 6
0 3
0 6


347 0 3 6
0 3
0 6


348 0 3 6
0 3
0 6


349 0 3 6
0 3
0 6


350 0 3 6
0 3
0 6


351 0 3 6
0 3
0 6


352 0 3 6
0 3
0 6


353 0 3 6
0 3
0 6


354 0 3 6
0 3
0 6


355 0 3 6
0 3
0 6


356 0 3 6
0 3
0 6


357 0 3 6
0 3
0 6


358 0 3 6
0 3
0 6


359 0 3 6
0 3
0 6


360 0 3 6
0 3
0 6


361 0 3 6
0 3
0 6


362 0 3 6
0 3
0 6


363 0 3 6
0 3
0 6


364 0 3 6
0 3
0 6


365 0 3 6
0 3
0 6


366 0 3 6
0 3
0 6


367 0 3 6
0 3
0 6


368 0 3 6
0 3
0 6


369 0 3 6
0 3
0 6


370 0 3 6
0 3
0 6


371 0 3 6
0 3
0 6


372 0 3 6
0 3
0 6


373 0 3 6
0 3
0 6


374 0 3 6
0 3
0 6


375 0 3 6
0 3
0 6


376 0 3 6
0 3
0 6


377 0 3 6
0 3
0 6


378 0 3 6
0 3
0 6


379 0 3 6
0 3
0 6


380 0 3 6
0 3
0 6


381 0 3 6
0 3
0 6


382 0 3 6
0 3
0 6


383 0 3 6
0 3
0 6


384 0 3 6
0 3
0 6


385 0 3 6
0 3
0 6


386 0 3 6
0 3
0 6


387 0 3 6
0 3
0 6


645 5 10 15
5 10
5 15


646 5 10 15
5 10
5 15


647 5 10 15
5 10
5 15


648 5 10 15
5 10
5 15


649 5 10 15
5 10
5 15


650 5 10 15
5 10
5 15


651 5 10 15
5 10
5 15


652 5 10 15
5 10
5 15


653 5 10 15
5 10
5 15


654 5 10 15
5 10
5 15


655 5 10 15
5 10
5 15


656 5 10 15
5 10
5 15


657 5 10 15
5 10
5 15


658 5 10 15
5 10
5 15


659 5 10 15
5 10
5 15


660 5 10 15
5 10
5 15


661 5 10 15
5 10
5 15


662 5 10 15
5 10
5 15


663 5 10 15
5 10
5 15


664 5 10 15
5 10
5 15


665 5 10 15
5 10
5 15


666 5 10 15
5 10
5 15


667 5 10 15
5 10
5 15


668 5 10 15
5 10
5 15


669 5 10 15
5 10
5 15


670 5 10 15
5 10
5 15


671 5 10 15
5 10
5 15


672 5 10 15
5 10
5 15


673 5 10 15
5 10
5 15


674 5 10 15
5 10
5 15


675 5 10 15
5 10
5 15


676 5 10 15
5 10
5 15


677 5 10 15
5 10
5 15


678 5 10 15
5 10
5 15


679 5 10 15
5 10
5 15


680 5 10 15
5 10
5 15


681 5 10 15
5 10
5 15


682 5 10 15
5 10
5 15


683 5 10 15
5 10
5 15


684 5 10 15
5 10
5 15


685 5 10 15
5 10
5 15


686 5 10 15
5 10
5 15


687 5 10 15
5 10
5 15


688 5 10 15
5 10
5 15


689 5 10 15
5 10
5 15


690 5 10 15
5 10
5 15


691 5 10 15
5 10
5 15


692 5 10 15
5 10
5 15


693 5 10 15
5 10
5 15


694 5 10 15
5 10
5 15


695 5 10 15
5 10
5 15


696 5 10 15
5 10
5 15


697 5 10 15
5 10
5 15


698 5 10 15
5 10
5 15


699 5 10 15
5 10
5 15


700 5 10 15
5 10
5 15


701 5 10 15
5 10
5 15


702 5 10 15
5 10
5 15


703 5 10 15
5 10
5 15


704 5 10 15
5 10
5 15


705 5 10 15
5 10
5 15


706 5 10 15
5 10
5 15


707 5 10 15
5 10
5 15


708 5 10 15
5 10
5 15


709 5 10 15
5 10
5 15


710 5 10 15
5 10
5 15


711 5 10 15
5 10
5 15


712 5 10 15
5 10
5 15


713 5 10 15
5 10
5 15


714 5 10 15
5 10
5 15


715 5 10 15
5 10
5 15


716 5 10 15
5 10
5 15


717 5 10 15
5 10
5 15


718 5 10 15
5 10
5 15


719 5 10 15
5 10
5 15


720 5 10 15
5 10
5 15


721 5 10 15
5 10
5 15


722 5 10 15
5 10
5 15


723 5 10 15
5 10
5 15


724 5 10 15
5 10
5 15


725 5 10 15
5 10
5 15


726 5 10 15
5 10
5 15


727 5 10 15
5 10
5 15


728 5 10 15
5 10
5 15


729 5 10 15
5 10
5 15


730 5 10 15
5 10
5 15


731 5 10 15
5 10
5 15


732 5 10 15
5 10
5 15


733 5 10 15
5 10
5 15


734 5 10 15
5 10
5 15


735 5 10 15
5 10
5 15


736 5 10 15
5 10
5 15


737 5 10 15
5 10
5 15


738 5 10 15
5 10
5 15


739 5 10 15
5 10
5 15


740 5 10 15
5 10
5 15


741 5 10 15
5 10
5 15


742 5 10 15
5 10
5 15


743 5 10 15
5 10
5 15


744 5 10 15
5 10
5 15


745 5 10 15
5 10
5 15


746 5 10 15
5 10
5 15


747 5 10 15
5 10
5 15


748 5 10 15
5 10
5 15


749 5 10 15
5 10
5 15


750 5 10 15
5 10
5 15


751 5 10 15
5 10
5 15


752 5 10 15
5 10
5 15


753 5 10 15
5 10
5 15


754 5 10 15
5 10
5 15


755 5 10 15
5 10
5 15


756 5 10 15
5 10
5 15


757 5 10 15
5 10
5 15


758 5 10 15
5 10
5 15


759 5 10 15
5 10
5 15


760 5 10 15
5 10
5 15


761 5 10 15
5 10
5 15


762 5 10 15
5 10
5 15


763 5 10 15
5 10
5 15


764 5 10 15
5 10
5 15


765 5 10 15
5 10
5 15


766 5 10 15
5 10
5 15


767 5 10 15
5 10
5 15


768 5 10 15
5 10
5 15


769 5 10 15
5 10
5 15


770 5 10 15
5 10
5 15


771 5 10 15
5 10
5 15


772 5 10 15
5 10
5 15


1034 9 0 5
9 0
9 5


1035 9 0 5
9 0
9 5


1036 9 0 5
9 0
9 5


1037 9 0 5
9 0
9 5


1038 9 0 5
9 0
9 5


1039 9 0 5
9 0
9 5


1040 9 0 5
9 0
9 5


1041 9 0 5
9 0
9 5


1042 9 0 5
9 0
9 5


1043 9 0 5
9 0
9 5


1044 9 0 5
9 0
9 5


1045 9 0 5
9 0
9 5


1046 9 0 5
9 0
9 5


1047 9 0 5
9 0
9 5


1048 9 0 5
9 0
9 5


1049 9 0 5
9 0
9 5


1115 12 3 6
12 3
12 6


1116 12 3 6
12 3
12 6


1117 12 3 6
12 3
12 6


1118 12 3 6
12 3
12 6


1119 12 3 6
12 3
12 6


1120 12 3 6
12 3
12 6


1121 12 3 6
12 3
12 6


1122 12 3 6
12 3
12 6


1123 12 3 6
12 3
12 6


1124 12 3 6
12 3
12 6


1125 12 3 6
12 3
12 6


1126 12 3 6
12 3
12 6


1127 12 3 6
12 3
12 6


1128 12 3 6
12 3
12 6


1129 12 3 6
12 3
12 6


1130 12 3 6
12 3
12 6


1972 9 3 6
9 3
9 6


1973 9 3 6
9 3
9 6


1974 9 3 6
9 3
9 6


1975 9 3 6
9 3
9 6


1976 9 3 6
9 3
9 6


1977 9 3 6
9 3
9 6


1978 9 3 6
9 3
9 6


1979 9 3 6
9 3
9 6


1980 9 3 6
9 3
9 6


1981 9 3 6
9 3
9 6


1982 9 3 6
9 3
9 6


1983 9 3 6
9 3
9 6


1984 9 3 6
9 3
9 6


1985 9 3 6
9 3
9 6


1986 9 3 6
9 3
9 6


1987 9 3 6
9 3
9 6


1988 9 3 6
9 3
9 6


1989 9 3 6
9 3
9 6


1990 9 3 6
9 3
9 6


1991 9 3 6
9 3
9 6


1992 9 3 6
9 3
9 6


1993 9 3 6
9 3
9 6


1994 9 3 6
9 3
9 6


1995 9 3 6
9 3
9 6


1996 9 3 6
9 3
9 6


1997 9 3 6
9 3
9 6


1998 9 3 6
9 3
9 6


1999 9 3 6
9 3
9 6


2000 9 3 6
9 3
9 6


2001 9 3 6
9 3
9 6


2002 9 3 6
9 3
9 6


2003 9 3 6
9 3
9 6


2004 9 3 6
9 3
9 6


2005 9 3 6
9 3
9 6


2006 9 3 6
9 3
9 6


2007 9 3 6
9 3
9 6


2008 9 3 6
9 3
9 6


2009 9 3 6
9 3
9 6


2010 9 3 6
9 3
9 6


2011 9 3 6
9 3
9 6


2012 9 3 6
9 3
9 6


2013 9 3 6
9 3
9 6


2014 9 3 6
9 3
9 6


2015 9 3 6
9 3
9 6


2016 9 3 6
9 3
9 6


2017 9 3 6
9 3
9 6


2018 9 3 6
9 3
9 6


2019 9 3 6
9 3
9 6


2020 9 3 6
9 3
9 6


2021 9 3 6
9 3
9 6


2022 9 3 6
9 3
9 6


2023 9 3 6
9 3
9 6


2024 9 3 6
9 3
9 6


2025 9 3 6
9 3
9 6


2026 9 3 6
9 3
9 6


2027 9 3 6
9 3
9 6


2028 9 3 6
9 3
9 6


2029 9 3 6
9 3
9 6


2030 9 3 6
9 3
9 6


2031 9 3 6
9 3
9 6


2032 9 3 6
9 3
9 6


2033 9 3 6
9 3
9 6


2034 9 3 6
9 3
9 6


2035 9 3 6
9 3
9 6


2036 9 3 6
9 3
9 6


2037 9 3 6
9 3
9 6


2038 9 3 6
9 3
9 6


2039 9 3 6
9 3
9 6


2040 9 3 6
9 3
9 6


2041 9 3 6
9 3
9 6


2042 9 3 6
9 3
9 6


2043 9 3 6
9 3
9 6


2044 9 3 6
9 3
9 6


2045 9 3 6
9 3
9 6


2046 9 3 6
9 3
9 6


2047 9 3 6
9 3
9 6


2048 9 3 6
9 3
9 6


2049 9 3 6
9 3
9 6


2050 9 3 6
9 3
9 6


2051 9 3 6
9 3
9 6


2052 9 3 6
9 3
9 6


2053 9 3 6
9 3
9 6


2054 9 3 6
9 3
9 6


2055 9 3 6
9 3
9 6


2056 9 3 6
9 3
9 6


2057 9 3 6
9 3
9 6


2058 9 3 6
9 3
9 6


2059 9 3 6
9 3
9 6


2060 9 3 6
9 3
9 6


2061 9 3 6
9 3
9 6


2062 9 3 6
9 3
9 6


2063 9 3 6
9 3
9 6


2064 9 3 6
9 3
9 6


2065 9 3 6
9 3
9 6


2066 9 3 6
9 3
9 6


2067 9 3 6
9 3
9 6


2068 9 3 6
9 3
9 6


2069 9 3 6
9 3
9 6


2070 9 3 6
9 3
9 6


2071 9 3 6
9 3
9 6


2072 9 3 6
9 3
9 6


2073 9 3 6
9 3
9 6


2074 9 3 6
9 3
9 6


2075 9 3 6
9 3
9 6


2076 9 3 6
9 3
9 6


2077 9 3 6
9 3
9 6


2078 9 3 6
9 3
9 6


2079 9 3 6
9 3
9 6


2080 9 3 6
9 3
9 6


2081 9 3 6
9 3
9 6


2082 9 3 6
9 3
9 6


2083 9 3 6
9 3
9 6


2084 9 3 6
9 3
9 6


2085 9 3 6
9 3
9 6


2086 9 3 6
9 3
9 6


2087 9 3 6
9 3
9 6


2088 9 3 6
9 3
9 6


2089 9 3 6
9 3
9 6


2090 9 3 6
9 3
9 6


2091 9 3 6
9 3
9 6


2092 9 3 6
9 3
9 6


2093 9 3 6
9 3
9 6


2094 9 3 6
9 3
9 6


2095 9 3 6
9 3
9 6


2096 9 3 6
9 3
9 6


2097 9 3 6
9 3
9 6


2098 9 3 6
9 3
9 6


2099 9 3 6
9 3
9 6


3400 0 6 10
0 6
0 10


3401 0 6 10
0 6
0 10


3402 0 6 10
0 6
0 10


3403 0 6 10
0 6
0 10


3404 0 6 10
0 6
0 10


3405 0 6 10
0 6
0 10


3406 0 6 10
0 6
0 10


3407 0 6 10
0 6
0 10


3408 0 6 10
0 6
0 10


3409 0 6 10
0 6
0 10


3410 0 6 10
0 6
0 10


3411 0 6 10
0 6
0 10


3412 0 6 10
0 6
0 10


3413 0 6 10
0 6
0 10


3414 0 6 10
0 6
0 10


3415 0 6 10
0 6
0 10


3416 0 6 10
0 6
0 10


3417 0 6 10
0 6
0 10


3418 0 6 10
0 6
0 10


3419 0 6 10
0 6
0 10


3420 0 6 10
0 6
0 10


3421 0 6 10
0 6
0 10


3422 0 6 10
0 6
0 10


3423 0 6 10
0 6
0 10


3424 0 6 10
0 6
0 10


3425 0 6 10
0 6
0 10


3426 0 6 10
0 6
0 10


3427 0 6 10
0 6
0 10


3428 0 6 10
0 6
0 10


3429 0 6 10
0 6
0 10


3430 0 6 10
0 6
0 10


3431 0 6 10
0 6
0 10


3432 0 6 10
0 6
0 10


3433 0 6 10
0 6
0 10


3434 0 6 10
0 6
0 10


3435 0 6 10
0 6
0 10


3436 0 6 10
0 6
0 10


3437 0 6 10
0 6
0 10


3438 0 6 10
0 6
0 10


3439 0 6 10
0 6
0 10


3440 0 6 10
0 6
0 10


3441 0 6 10
0 6
0 10


3442 0 6 10
0 6
0 10


3443 0 6 10
0 6
0 10


3444 0 6 10
0 6
0 10


3445 0 6 10
0 6
0 10


3446 0 6 10
0 6
0 10


3447 0 6 10
0 6
0 10


3448 0 6 10
0 6
0 10


3449 0 6 10
0 6
0 10


3450 0 6 10
0 6
0 10


3451 0 6 10
0 6
0 10


3452 0 6 10
0 6
0 10


3453 0 6 10
0 6
0 10


3454 0 6 10
0 6
0 10


3455 0 6 10
0 6
0 10


3456 0 6 10
0 6
0 10


3457 0 6 10
0 6
0 10


3458 0 6 10
0 6
0 10


3459 0 6 10
0 6
0 10


3460 0 6 10
0 6
0 10


3461 0 6 10
0 6
0 10


3462 0 6 10
0 6
0 10


3463 0 6 10
0 6
0 10


3464 0 6 10
0 6
0 10


3465 0 6 10
0 6
0 10


3466 0 6 10
0 6
0 10


3467 0 6 10
0 6
0 10


3468 0 6 10
0 6
0 10


3469 0 6 10
0 6
0 10


3470 0 6 10
0 6
0 10


3471 0 6 10
0 6
0 10


3472 0 6 10
0 6
0 10


3473 0 6 10
0 6
0 10


3474 0 6 10
0 6
0 10


3475 0 6 10
0 6
0 10


3476 0 6 10
0 6
0 10


3477 0 6 10
0 6
0 10


3478 0 6 10
0 6
0 10


3479 0 6 10
0 6
0 10


3480 0 6 10
0 6
0 10


3481 0 6 10
0 6
0 10


3482 0 6 10
0 6
0 10


3483 0 6 10
0 6
0 10


3484 0 6 10
0 6
0 10


3485 0 6 10
0 6
0 10


3486 0 6 10
0 6
0 10


3487 0 6 10
0 6
0 10


3488 0 6 10
0 6
0 10


3489 0 6 10
0 6
0 10


3490 0 6 10
0 6
0 10


3491 0 6 10
0 6
0 10


3492 0 6 10
0 6
0 10


3493 0 6 10
0 6
0 10


3494 0 6 10
0 6
0 10


3495 0 6 10
0 6
0 10


3496 0 6 10
0 6
0 10


3497 0 6 10
0 6
0 10


3498 0 6 10
0 6
0 10


3499 0 6 10
0 6
0 10


3500 0 6 10
0 6
0 10


3501 0 6 10
0 6
0 10


3502 0 6 10
0 6
0 10


3503 0 6 10
0 6
0 10


3504 0 6 10
0 6
0 10


3505 0 6 10
0 6
0 10


3506 0 6 10
0 6
0 10


3507 0 6 10
0 6
0 10


3508 0 6 10
0 6
0 10


3509 0 6 10
0 6
0 10


3510 0 6 10
0 6
0 10


3511 0 6 10
0 6
0 10


3512 0 6 10
0 6
0 10


3513 0 6 10
0 6
0 10


3514 0 6 10
0 6
0 10


3515 0 6 10
0 6
0 10


3516 0 6 10
0 6
0 10


3517 0 6 10
0 6
0 10


3518 0 6 10
0 6
0 10


3519 0 6 10
0 6
0 10


3520 0 6 10
0 6
0 10


3521 0 6 10
0 6
0 10


3522 0 6 10
0 6
0 10


3523 0 6 10
0 6
0 10


3524 0 6 10
0 6
0 10


3525 0 6 10
0 6
0 10


3526 0 6 10
0 6
0 10


3527 0 6 10
0 6
0 10


4828 15 0 5
15 0
15 5


4829 15 0 5
15 0
15 5


4830 15 0 5
15 0
15 5


4831 15 0 5
15 0
15 5


4832 15 0 5
15 0
15 5


4833 15 0 5
15 0
15 5


4834 15 0 5
15 0
15 5


4835 15 0 5
15 0
15 5


4836 15 0 5
15 0
15 5


4837 15 0 5
15 0
15 5


4838 15 0 5
15 0
15 5


4839 15 0 5
15 0
15 5


4840 15 0 5
15 0
15 5


4841 15 0 5
15 0
15 5


4842 15 0 5
15 0
15 5


4843 15 0 5
15 0
15 5


4844 15 0 5
15 0
15 5


4845 15 0 5
15 0
15 5


4846 15 0 5
15 0
15 5


4847 15 0 5
15 0
15 5


4848 15 0 5
15 0
15 5


4849 15 0 5
15 0
15 5


4850 15 0 5
15 0
15 5


4851 15 0 5
15 0
15 5


4852 15 0 5
15 0
15 5


4853 15 0 5
15 0
15 5


4854 15 0 5
15 0
15 5


4855 15 0 5
15 0
15 5


4856 15 0 5
15 0
15 5


4857 15 0 5
15 0
15 5


4858 15 0 5
15 0
15 5


4859 15 0 5
15 0
15 5


4860 15 0 5
15 0
15 5


4861 15 0 5
15 0
15 5


4862 15 0 5
15 0
15 5


4863 15 0 5
15 0
15 5


4864 15 0 5
15 0
15 5


4865 15 0 5
15 0
15 5


4866 15 0 5
15 0
15 5


4867 15 0 5
15 0
15 5


4868 15 0 5
15 0
15 5


4869 15 0 5
15 0
15 5


4870 15 0 5
15 0
15 5


4871 15 0 5
15 0
15 5


4872 15 0 5
15 0
15 5


4873 15 0 5
15 0
15 5


4874 15 0 5
15 0
15 5


4875 15 0 5
15 0
15 5


4876 15 0 5
15 0
15 5


4877 15 0 5
15 0
15 5


4878 15 0 5
15 0
15 5


4879 15 0 5
15 0
15 5


4880 15 0 5
15 0
15 5


4881 15 0 5
15 0
15 5


4882 15 0 5
15 0
15 5


4883 15 0 5
15 0
15 5


4884 15 0 5
15 0
15 5


4885 15 0 5
15 0
15 5


4886 15 0 5
15 0
15 5


4887 15 0 5
15 0
15 5


4888 15 0 5
15 0
15 5


4889 15 0 5
15 0
15 5


4890 15 0 5
15 0
15 5


4891 15 0 5
15 0
15 5


4892 15 0 5
15 0
15 5


4893 15 0 5
15 0
15 5


4894 15 0 5
15 0
15 5


4895 15 0 5
15 0
15 5


4896 15 0 5
15 0
15 5


4897 15 0 5
15 0
15 5


4898 15 0 5
15 0
15 5


4899 15 0 5
15 0
15 5


4900 15 0 5
15 0
15 5


4901 15 0 5
15 0
15 5


4902 15 0 5
15 0
15 5


4903 15 0 5
15 0
15 5


4904 15 0 5
15 0
15 5


4905 15 0 5
15 0
15 5


4906 15 0 5
15 0
15 5


4907 15 0 5
15 0
15 5


4908 15 0 5
15 0
15 5


4909 15 0 5
15 0
15 5


4910 15 0 5
15 0
15 5


4911 15 0 5
15 0
15 5


4912 15 0 5
15 0
15 5


4913 15 0 5
15 0
15 5


4914 15 0 5
15 0
15 5


4915 15 0 5
15 0
15 5


4916 15 0 5
15 0
15 5


4917 15 0 5
15 0
15 5


4918 15 0 5
15 0
15 5


4919 15 0 5
15 0
15 5


4920 15 0 5
15 0
15 5


4921 15 0 5
15 0
15 5


4922 15 0 5
15 0
15 5


4923 15 0 5
15 0
15 5


4924 15 0 5
15 0
15 5


4925 15 0 5
15 0
15 5


4926 15 0 5
15 0
15 5


4927 15 0 5
15 0
15 5


4928 15 0 5
15 0
15 5


4929 15 0 5
15 0
15 5


4930 15 0 5
15 0
15 5


4931 15 0 5
15 0
15 5


4932 15 0 5
15 0
15 5


4933 15 0 5
15 0
15 5


4934 15 0 5
15 0
15 5


4935 15 0 5
15 0
15 5


4936 15 0 5
15 0
15 5


4937 15 0 5
15 0
15 5


4938 15 0 5
15 0
15 5


4939 15 0 5
15 0
15 5


4940 15 0 5
15 0
15 5


4941 15 0 5
15 0
15 5


4942 15 0 5
15 0
15 5


4943 15 0 5
15 0
15 5


4944 15 0 5
15 0
15 5


4945 15 0 5
15 0
15 5


4946 15 0 5
15 0
15 5


4947 15 0 5
15 0
15 5


4948 15 0 5
15 0
15 5


4949 15 0 5
15 0
15 5


4950 15 0 5
15 0
15 5


4951 15 0 5
15 0
15 5


4952 15 0 5
15 0
15 5


4953 15 0 5
15 0
15 5


4954 15 0 5
15 0
15 5


4955 15 0 5
15 0
15 5


6256 5 15 9
5 15
5 9


6257 5 15 9
5 15
5 9


6258 5 15 9
5 15
5 9


6259 5 15 9
5 15
5 9


6260 5 15 9
5 15
5 9


6261 5 15 9
5 15
5 9


6262 5 15 9
5 15
5 9


6263 5 15 9
5 15
5 9


6264 5 15 9
5 15
5 9


6265 5 15 9
5 15
5 9


6266 5 15 9
5 15
5 9


6267 5 15 9
5 15
5 9


6268 5 15 9
5 15
5 9


6269 5 15 9
5 15
5 9


6270 5 15 9
5 15
5 9


6271 5 15 9
5 15
5 9


6272 5 15 9
5 15
5 9


6273 5 15 9
5 15
5 9


6274 5 15 9
5 15
5 9


6275 5 15 9
5 15
5 9


6276 5 15 9
5 15
5 9


6277 5 15 9
5 15
5 9


6278 5 15 9
5 15
5 9


6279 5 15 9
5 15
5 9


6280 5 15 9
5 15
5 9


6281 5 15 9
5 15
5 9


6282 5 15 9
5 15
5 9


6283 5 15 9
5 15
5 9


6284 5 15 9
5 15
5 9


6285 5 15 9
5 15
5 9


6286 5 15 9
5 15
5 9


6287 5 15 9
5 15
5 9


6288 5 15 9
5 15
5 9


6289 5 15 9
5 15
5 9


6290 5 15 9
5 15
5 9


6291 5 15 9
5 15
5 9


6292 5 15 9
5 15
5 9


6293 5 15 9
5 15
5 9


6294 5 15 9
5 15
5 9


6295 5 15 9
5 15
5 9


6296 5 15 9
5 15
5 9


6297 5 15 9
5 15
5 9


6298 5 15 9
5 15
5 9


6299 5 15 9
5 15
5 9


6300 5 15 9
5 15
5 9


6301 5 15 9
5 15
5 9


6302 5 15 9
5 15
5 9


6303 5 15 9
5 15
5 9


6304 5 15 9
5 15
5 9


6305 5 15 9
5 15
5 9


6306 5 15 9
5 15
5 9


6307 5 15 9
5 15
5 9


6308 5 15 9
5 15
5 9


6309 5 15 9
5 15
5 9


6310 5 15 9
5 15
5 9


6311 5 15 9
5 15
5 9


6312 5 15 9
5 15
5 9


6313 5 15 9
5 15
5 9


6314 5 15 9
5 15
5 9


6315 5 15 9
5 15
5 9


6316 5 15 9
5 15
5 9


6317 5 15 9
5 15
5 9


6318 5 15 9
5 15
5 9


6319 5 15 9
5 15
5 9


6320 5 15 9
5 15
5 9


6321 5 15 9
5 15
5 9


6322 5 15 9
5 15
5 9


6323 5 15 9
5 15
5 9


6324 5 15 9
5 15
5 9


6325 5 15 9
5 15
5 9


6326 5 15 9
5 15
5 9


6327 5 15 9
5 15
5 9


6328 5 15 9
5 15
5 9


6329 5 15 9
5 15
5 9


6330 5 15 9
5 15
5 9


6331 5 15 9
5 15
5 9


6332 5 15 9
5 15
5 9


6333 5 15 9
5 15
5 9


6334 5 15 9
5 15
5 9


6335 5 15 9
5 15
5 9


6336 5 15 9
5 15
5 9


6337 5 15 9
5 15
5 9


6338 5 15 9
5 15
5 9


6339 5 15 9
5 15
5 9


6340 5 15 9
5 15
5 9


6341 5 15 9
5 15
5 9


6342 5 15 9
5 15
5 9


6343 5 15 9
5 15
5 9


6344 5 15 9
5 15
5 9


6345 5 15 9
5 15
5 9


6346 5 15 9
5 15
5 9


6347 5 15 9
5 15
5 9


6348 5 15 9
5 15
5 9


6349 5 15 9
5 15
5 9


6350 5 15 9
5 15
5 9


6351 5 15 9
5 15
5 9


6352 5 15 9
5 15
5 9


6353 5 15 9
5 15
5 9


6354 5 15 9
5 15
5 9


6355 5 15 9
5 15
5 9


6356 5 15 9
5 15
5 9


6357 5 15 9
5 15
5 9


6358 5 15 9
5 15
5 9


6359 5 15 9
5 15
5 9


6360 5 15 9
5 15
5 9


6361 5 15 9
5 15
5 9


6362 5 15 9
5 15
5 9


6363 5 15 9
5 15
5 9


6364 5 15 9
5 15
5 9


6365 5 15 9
5 15
5 9


6366 5 15 9
5 15
5 9


6367 5 15 9
5 15
5 9


6368 5 15 9
5 15
5 9


6369 5 15 9
5 15
5 9


6370 5 15 9
5 15
5 9


6371 5 15 9
5 15
5 9


6372 5 15 9
5 15
5 9


6373 5 15 9
5 15
5 9


6374 5 15 9
5 15
5 9


6375 5 15 9
5 15
5 9


6376 5 15 9
5 15
5 9


6377 5 15 9
5 15
5 9


6378 5 15 9
5 15
5 9


6379 5 15 9
5 15
5 9


6380 5 15 9
5 15
5 9


6381 5 15 9
5 15
5 9


6382 5 15 9
5 15
5 9


6383 5 15 9
5 15
5 9


