0 4 0 1
4 0
4 1


1 4 0 1
4 0
4 1


2 4 0 1
4 0
4 1


3 4 0 1
4 0
4 1


4 4 0 1
4 0
4 1


5 4 0 1
4 0
4 1


6 4 0 1
4 0
4 1


7 4 0 1
4 0
4 1


8 4 0 1
4 0
4 1


9 4 0 1
4 0
4 1


10 4 0 1
4 0
4 1


11 4 0 1
4 0
4 1


12 4 0 1
4 0
4 1


13 4 0 1
4 0
4 1


14 4 0 1
4 0
4 1


15 4 0 1
4 0
4 1


81 9 46 54
9 46
9 54


82 9 46 54
9 46
9 54


83 9 46 54
9 46
9 54


84 9 46 54
9 46
9 54


85 9 46 54
9 46
9 54


86 9 46 54
9 46
9 54


87 9 46 54
9 46
9 54


88 9 46 54
9 46
9 54


89 9 46 54
9 46
9 54


90 9 46 54
9 46
9 54


91 9 46 54
9 46
9 54


92 9 46 54
9 46
9 54


93 9 46 54
9 46
9 54


94 9 46 54
9 46
9 54


95 9 46 54
9 46
9 54


96 9 46 54
9 46
9 54


162 47 11 10
47 11
47 10


163 47 11 10
47 11
47 10


164 47 11 10
47 11
47 10


165 47 11 10
47 11
47 10


166 47 11 10
47 11
47 10


167 47 11 10
47 11
47 10


168 47 11 10
47 11
47 10


169 47 11 10
47 11
47 10


170 47 11 10
47 11
47 10


171 47 11 10
47 11
47 10


172 47 11 10
47 11
47 10


173 47 11 10
47 11
47 10


174 47 11 10
47 11
47 10


175 47 11 10
47 11
47 10


176 47 11 10
47 11
47 10


177 47 11 10
47 11
47 10


243 19 30 29
19 30
19 29


244 19 30 29
19 30
19 29


245 19 30 29
19 30
19 29


246 19 30 29
19 30
19 29


247 19 30 29
19 30
19 29


248 19 30 29
19 30
19 29


249 19 30 29
19 30
19 29


250 19 30 29
19 30
19 29


251 19 30 29
19 30
19 29


252 19 30 29
19 30
19 29


253 19 30 29
19 30
19 29


254 19 30 29
19 30
19 29


255 19 30 29
19 30
19 29


256 19 30 29
19 30
19 29


257 19 30 29
19 30
19 29


258 19 30 29
19 30
19 29


324 23 21 20
23 21
23 20


325 23 21 20
23 21
23 20


326 23 21 20
23 21
23 20


327 23 21 20
23 21
23 20


328 23 21 20
23 21
23 20


329 23 21 20
23 21
23 20


330 23 21 20
23 21
23 20


331 23 21 20
23 21
23 20


332 23 21 20
23 21
23 20


333 23 21 20
23 21
23 20


334 23 21 20
23 21
23 20


335 23 21 20
23 21
23 20


336 23 21 20
23 21
23 20


337 23 21 20
23 21
23 20


338 23 21 20
23 21
23 20


339 23 21 20
23 21
23 20


340 23 21 20
23 21
23 20


341 23 21 20
23 21
23 20


342 23 21 20
23 21
23 20


343 23 21 20
23 21
23 20


344 23 21 20
23 21
23 20


345 23 21 20
23 21
23 20


346 23 21 20
23 21
23 20


347 23 21 20
23 21
23 20


348 23 21 20
23 21
23 20


349 23 21 20
23 21
23 20


350 23 21 20
23 21
23 20


351 23 21 20
23 21
23 20


352 23 21 20
23 21
23 20


353 23 21 20
23 21
23 20


354 23 21 20
23 21
23 20


355 23 21 20
23 21
23 20


356 23 21 20
23 21
23 20


357 23 21 20
23 21
23 20


358 23 21 20
23 21
23 20


359 23 21 20
23 21
23 20


360 23 21 20
23 21
23 20


361 23 21 20
23 21
23 20


362 23 21 20
23 21
23 20


363 23 21 20
23 21
23 20


364 23 21 20
23 21
23 20


365 23 21 20
23 21
23 20


366 23 21 20
23 21
23 20


367 23 21 20
23 21
23 20


368 23 21 20
23 21
23 20


369 23 21 20
23 21
23 20


370 23 21 20
23 21
23 20


371 23 21 20
23 21
23 20


372 23 21 20
23 21
23 20


373 23 21 20
23 21
23 20


374 23 21 20
23 21
23 20


375 23 21 20
23 21
23 20


376 23 21 20
23 21
23 20


377 23 21 20
23 21
23 20


378 23 21 20
23 21
23 20


379 23 21 20
23 21
23 20


380 23 21 20
23 21
23 20


381 23 21 20
23 21
23 20


382 23 21 20
23 21
23 20


383 23 21 20
23 21
23 20


384 23 21 20
23 21
23 20


385 23 21 20
23 21
23 20


386 23 21 20
23 21
23 20


387 23 21 20
23 21
23 20


645 28 36 44
28 36
28 44


646 28 36 44
28 36
28 44


647 28 36 44
28 36
28 44


648 28 36 44
28 36
28 44


649 28 36 44
28 36
28 44


650 28 36 44
28 36
28 44


651 28 36 44
28 36
28 44


652 28 36 44
28 36
28 44


653 28 36 44
28 36
28 44


654 28 36 44
28 36
28 44


655 28 36 44
28 36
28 44


656 28 36 44
28 36
28 44


657 28 36 44
28 36
28 44


658 28 36 44
28 36
28 44


659 28 36 44
28 36
28 44


660 28 36 44
28 36
28 44


661 28 36 44
28 36
28 44


662 28 36 44
28 36
28 44


663 28 36 44
28 36
28 44


664 28 36 44
28 36
28 44


665 28 36 44
28 36
28 44


666 28 36 44
28 36
28 44


667 28 36 44
28 36
28 44


668 28 36 44
28 36
28 44


669 28 36 44
28 36
28 44


670 28 36 44
28 36
28 44


671 28 36 44
28 36
28 44


672 28 36 44
28 36
28 44


673 28 36 44
28 36
28 44


674 28 36 44
28 36
28 44


675 28 36 44
28 36
28 44


676 28 36 44
28 36
28 44


677 28 36 44
28 36
28 44


678 28 36 44
28 36
28 44


679 28 36 44
28 36
28 44


680 28 36 44
28 36
28 44


681 28 36 44
28 36
28 44


682 28 36 44
28 36
28 44


683 28 36 44
28 36
28 44


684 28 36 44
28 36
28 44


685 28 36 44
28 36
28 44


686 28 36 44
28 36
28 44


687 28 36 44
28 36
28 44


688 28 36 44
28 36
28 44


689 28 36 44
28 36
28 44


690 28 36 44
28 36
28 44


691 28 36 44
28 36
28 44


692 28 36 44
28 36
28 44


693 28 36 44
28 36
28 44


694 28 36 44
28 36
28 44


695 28 36 44
28 36
28 44


696 28 36 44
28 36
28 44


697 28 36 44
28 36
28 44


698 28 36 44
28 36
28 44


699 28 36 44
28 36
28 44


700 28 36 44
28 36
28 44


701 28 36 44
28 36
28 44


702 28 36 44
28 36
28 44


703 28 36 44
28 36
28 44


704 28 36 44
28 36
28 44


705 28 36 44
28 36
28 44


706 28 36 44
28 36
28 44


707 28 36 44
28 36
28 44


708 28 36 44
28 36
28 44


709 28 36 44
28 36
28 44


710 28 36 44
28 36
28 44


711 28 36 44
28 36
28 44


712 28 36 44
28 36
28 44


713 28 36 44
28 36
28 44


714 28 36 44
28 36
28 44


715 28 36 44
28 36
28 44


716 28 36 44
28 36
28 44


717 28 36 44
28 36
28 44


718 28 36 44
28 36
28 44


719 28 36 44
28 36
28 44


720 28 36 44
28 36
28 44


721 28 36 44
28 36
28 44


722 28 36 44
28 36
28 44


723 28 36 44
28 36
28 44


724 28 36 44
28 36
28 44


725 28 36 44
28 36
28 44


726 28 36 44
28 36
28 44


727 28 36 44
28 36
28 44


728 28 36 44
28 36
28 44


729 28 36 44
28 36
28 44


730 28 36 44
28 36
28 44


731 28 36 44
28 36
28 44


732 28 36 44
28 36
28 44


733 28 36 44
28 36
28 44


734 28 36 44
28 36
28 44


735 28 36 44
28 36
28 44


736 28 36 44
28 36
28 44


737 28 36 44
28 36
28 44


738 28 36 44
28 36
28 44


739 28 36 44
28 36
28 44


740 28 36 44
28 36
28 44


741 28 36 44
28 36
28 44


742 28 36 44
28 36
28 44


743 28 36 44
28 36
28 44


744 28 36 44
28 36
28 44


745 28 36 44
28 36
28 44


746 28 36 44
28 36
28 44


747 28 36 44
28 36
28 44


748 28 36 44
28 36
28 44


749 28 36 44
28 36
28 44


750 28 36 44
28 36
28 44


751 28 36 44
28 36
28 44


752 28 36 44
28 36
28 44


753 28 36 44
28 36
28 44


754 28 36 44
28 36
28 44


755 28 36 44
28 36
28 44


756 28 36 44
28 36
28 44


757 28 36 44
28 36
28 44


758 28 36 44
28 36
28 44


759 28 36 44
28 36
28 44


760 28 36 44
28 36
28 44


761 28 36 44
28 36
28 44


762 28 36 44
28 36
28 44


763 28 36 44
28 36
28 44


764 28 36 44
28 36
28 44


765 28 36 44
28 36
28 44


766 28 36 44
28 36
28 44


767 28 36 44
28 36
28 44


768 28 36 44
28 36
28 44


769 28 36 44
28 36
28 44


770 28 36 44
28 36
28 44


771 28 36 44
28 36
28 44


772 28 36 44
28 36
28 44


1034 45 37 38
45 37
45 38


1035 45 37 38
45 37
45 38


1036 45 37 38
45 37
45 38


1037 45 37 38
45 37
45 38


1038 45 37 38
45 37
45 38


1039 45 37 38
45 37
45 38


1040 45 37 38
45 37
45 38


1041 45 37 38
45 37
45 38


1042 45 37 38
45 37
45 38


1043 45 37 38
45 37
45 38


1044 45 37 38
45 37
45 38


1045 45 37 38
45 37
45 38


1046 45 37 38
45 37
45 38


1047 45 37 38
45 37
45 38


1048 45 37 38
45 37
45 38


1049 45 37 38
45 37
45 38


1115 47 54 55
47 54
47 55


1116 47 54 55
47 54
47 55


1117 47 54 55
47 54
47 55


1118 47 54 55
47 54
47 55


1119 47 54 55
47 54
47 55


1120 47 54 55
47 54
47 55


1121 47 54 55
47 54
47 55


1122 47 54 55
47 54
47 55


1123 47 54 55
47 54
47 55


1124 47 54 55
47 54
47 55


1125 47 54 55
47 54
47 55


1126 47 54 55
47 54
47 55


1127 47 54 55
47 54
47 55


1128 47 54 55
47 54
47 55


1129 47 54 55
47 54
47 55


1130 47 54 55
47 54
47 55


1973 17 27 19
17 27
17 19


1974 17 27 19
17 27
17 19


1975 17 27 19
17 27
17 19


1976 17 27 19
17 27
17 19


1977 17 27 19
17 27
17 19


1978 17 27 19
17 27
17 19


1979 17 27 19
17 27
17 19


1980 17 27 19
17 27
17 19


1981 17 27 19
17 27
17 19


1982 17 27 19
17 27
17 19


1983 17 27 19
17 27
17 19


1984 17 27 19
17 27
17 19


1985 17 27 19
17 27
17 19


1986 17 27 19
17 27
17 19


1987 17 27 19
17 27
17 19


1988 17 27 19
17 27
17 19


1989 17 27 19
17 27
17 19


1990 17 27 19
17 27
17 19


1991 17 27 19
17 27
17 19


1992 17 27 19
17 27
17 19


1993 17 27 19
17 27
17 19


1994 17 27 19
17 27
17 19


1995 17 27 19
17 27
17 19


1996 17 27 19
17 27
17 19


1997 17 27 19
17 27
17 19


1998 17 27 19
17 27
17 19


1999 17 27 19
17 27
17 19


2000 17 27 19
17 27
17 19


2001 17 27 19
17 27
17 19


2002 17 27 19
17 27
17 19


2003 17 27 19
17 27
17 19


2004 17 27 19
17 27
17 19


2005 17 27 19
17 27
17 19


2006 17 27 19
17 27
17 19


2007 17 27 19
17 27
17 19


2008 17 27 19
17 27
17 19


2009 17 27 19
17 27
17 19


2010 17 27 19
17 27
17 19


2011 17 27 19
17 27
17 19


2012 17 27 19
17 27
17 19


2013 17 27 19
17 27
17 19


2014 17 27 19
17 27
17 19


2015 17 27 19
17 27
17 19


2016 17 27 19
17 27
17 19


2017 17 27 19
17 27
17 19


2018 17 27 19
17 27
17 19


2019 17 27 19
17 27
17 19


2020 17 27 19
17 27
17 19


2021 17 27 19
17 27
17 19


2022 17 27 19
17 27
17 19


2023 17 27 19
17 27
17 19


2024 17 27 19
17 27
17 19


2025 17 27 19
17 27
17 19


2026 17 27 19
17 27
17 19


2027 17 27 19
17 27
17 19


2028 17 27 19
17 27
17 19


2029 17 27 19
17 27
17 19


2030 17 27 19
17 27
17 19


2031 17 27 19
17 27
17 19


2032 17 27 19
17 27
17 19


2033 17 27 19
17 27
17 19


2034 17 27 19
17 27
17 19


2035 17 27 19
17 27
17 19


2036 17 27 19
17 27
17 19


2037 17 27 19
17 27
17 19


2038 17 27 19
17 27
17 19


2039 17 27 19
17 27
17 19


2040 17 27 19
17 27
17 19


2041 17 27 19
17 27
17 19


2042 17 27 19
17 27
17 19


2043 17 27 19
17 27
17 19


2044 17 27 19
17 27
17 19


2045 17 27 19
17 27
17 19


2046 17 27 19
17 27
17 19


2047 17 27 19
17 27
17 19


2048 17 27 19
17 27
17 19


2049 17 27 19
17 27
17 19


2050 17 27 19
17 27
17 19


2051 17 27 19
17 27
17 19


2052 17 27 19
17 27
17 19


2053 17 27 19
17 27
17 19


2054 17 27 19
17 27
17 19


2055 17 27 19
17 27
17 19


2056 17 27 19
17 27
17 19


2057 17 27 19
17 27
17 19


2058 17 27 19
17 27
17 19


2059 17 27 19
17 27
17 19


2060 17 27 19
17 27
17 19


2061 17 27 19
17 27
17 19


2062 17 27 19
17 27
17 19


2063 17 27 19
17 27
17 19


2064 17 27 19
17 27
17 19


2065 17 27 19
17 27
17 19


2066 17 27 19
17 27
17 19


2067 17 27 19
17 27
17 19


2068 17 27 19
17 27
17 19


2069 17 27 19
17 27
17 19


2070 17 27 19
17 27
17 19


2071 17 27 19
17 27
17 19


2072 17 27 19
17 27
17 19


2073 17 27 19
17 27
17 19


2074 17 27 19
17 27
17 19


2075 17 27 19
17 27
17 19


2076 17 27 19
17 27
17 19


2077 17 27 19
17 27
17 19


2078 17 27 19
17 27
17 19


2079 17 27 19
17 27
17 19


2080 17 27 19
17 27
17 19


2081 17 27 19
17 27
17 19


2082 17 27 19
17 27
17 19


2083 17 27 19
17 27
17 19


2084 17 27 19
17 27
17 19


2085 17 27 19
17 27
17 19


2086 17 27 19
17 27
17 19


2087 17 27 19
17 27
17 19


2088 17 27 19
17 27
17 19


2089 17 27 19
17 27
17 19


2090 17 27 19
17 27
17 19


2091 17 27 19
17 27
17 19


2092 17 27 19
17 27
17 19


2093 17 27 19
17 27
17 19


2094 17 27 19
17 27
17 19


2095 17 27 19
17 27
17 19


2096 17 27 19
17 27
17 19


2097 17 27 19
17 27
17 19


2098 17 27 19
17 27
17 19


2099 17 27 19
17 27
17 19


2100 17 27 19
17 27
17 19


3401 20 36 44
20 36
20 44


3402 20 36 44
20 36
20 44


3403 20 36 44
20 36
20 44


3404 20 36 44
20 36
20 44


3405 20 36 44
20 36
20 44


3406 20 36 44
20 36
20 44


3407 20 36 44
20 36
20 44


3408 20 36 44
20 36
20 44


3409 20 36 44
20 36
20 44


3410 20 36 44
20 36
20 44


3411 20 36 44
20 36
20 44


3412 20 36 44
20 36
20 44


3413 20 36 44
20 36
20 44


3414 20 36 44
20 36
20 44


3415 20 36 44
20 36
20 44


3416 20 36 44
20 36
20 44


3417 20 36 44
20 36
20 44


3418 20 36 44
20 36
20 44


3419 20 36 44
20 36
20 44


3420 20 36 44
20 36
20 44


3421 20 36 44
20 36
20 44


3422 20 36 44
20 36
20 44


3423 20 36 44
20 36
20 44


3424 20 36 44
20 36
20 44


3425 20 36 44
20 36
20 44


3426 20 36 44
20 36
20 44


3427 20 36 44
20 36
20 44


3428 20 36 44
20 36
20 44


3429 20 36 44
20 36
20 44


3430 20 36 44
20 36
20 44


3431 20 36 44
20 36
20 44


3432 20 36 44
20 36
20 44


3433 20 36 44
20 36
20 44


3434 20 36 44
20 36
20 44


3435 20 36 44
20 36
20 44


3436 20 36 44
20 36
20 44


3437 20 36 44
20 36
20 44


3438 20 36 44
20 36
20 44


3439 20 36 44
20 36
20 44


3440 20 36 44
20 36
20 44


3441 20 36 44
20 36
20 44


3442 20 36 44
20 36
20 44


3443 20 36 44
20 36
20 44


3444 20 36 44
20 36
20 44


3445 20 36 44
20 36
20 44


3446 20 36 44
20 36
20 44


3447 20 36 44
20 36
20 44


3448 20 36 44
20 36
20 44


3449 20 36 44
20 36
20 44


3450 20 36 44
20 36
20 44


3451 20 36 44
20 36
20 44


3452 20 36 44
20 36
20 44


3453 20 36 44
20 36
20 44


3454 20 36 44
20 36
20 44


3455 20 36 44
20 36
20 44


3456 20 36 44
20 36
20 44


3457 20 36 44
20 36
20 44


3458 20 36 44
20 36
20 44


3459 20 36 44
20 36
20 44


3460 20 36 44
20 36
20 44


3461 20 36 44
20 36
20 44


3462 20 36 44
20 36
20 44


3463 20 36 44
20 36
20 44


3464 20 36 44
20 36
20 44


3465 20 36 44
20 36
20 44


3466 20 36 44
20 36
20 44


3467 20 36 44
20 36
20 44


3468 20 36 44
20 36
20 44


3469 20 36 44
20 36
20 44


3470 20 36 44
20 36
20 44


3471 20 36 44
20 36
20 44


3472 20 36 44
20 36
20 44


3473 20 36 44
20 36
20 44


3474 20 36 44
20 36
20 44


3475 20 36 44
20 36
20 44


3476 20 36 44
20 36
20 44


3477 20 36 44
20 36
20 44


3478 20 36 44
20 36
20 44


3479 20 36 44
20 36
20 44


3480 20 36 44
20 36
20 44


3481 20 36 44
20 36
20 44


3482 20 36 44
20 36
20 44


3483 20 36 44
20 36
20 44


3484 20 36 44
20 36
20 44


3485 20 36 44
20 36
20 44


3486 20 36 44
20 36
20 44


3487 20 36 44
20 36
20 44


3488 20 36 44
20 36
20 44


3489 20 36 44
20 36
20 44


3490 20 36 44
20 36
20 44


3491 20 36 44
20 36
20 44


3492 20 36 44
20 36
20 44


3493 20 36 44
20 36
20 44


3494 20 36 44
20 36
20 44


3495 20 36 44
20 36
20 44


3496 20 36 44
20 36
20 44


3497 20 36 44
20 36
20 44


3498 20 36 44
20 36
20 44


3499 20 36 44
20 36
20 44


3500 20 36 44
20 36
20 44


3501 20 36 44
20 36
20 44


3502 20 36 44
20 36
20 44


3503 20 36 44
20 36
20 44


3504 20 36 44
20 36
20 44


3505 20 36 44
20 36
20 44


3506 20 36 44
20 36
20 44


3507 20 36 44
20 36
20 44


3508 20 36 44
20 36
20 44


3509 20 36 44
20 36
20 44


3510 20 36 44
20 36
20 44


3511 20 36 44
20 36
20 44


3512 20 36 44
20 36
20 44


3513 20 36 44
20 36
20 44


3514 20 36 44
20 36
20 44


3515 20 36 44
20 36
20 44


3516 20 36 44
20 36
20 44


3517 20 36 44
20 36
20 44


3518 20 36 44
20 36
20 44


3519 20 36 44
20 36
20 44


3520 20 36 44
20 36
20 44


3521 20 36 44
20 36
20 44


3522 20 36 44
20 36
20 44


3523 20 36 44
20 36
20 44


3524 20 36 44
20 36
20 44


3525 20 36 44
20 36
20 44


3526 20 36 44
20 36
20 44


3527 20 36 44
20 36
20 44


3528 20 36 44
20 36
20 44


4829 43 41 33
43 41
43 33


4830 43 41 33
43 41
43 33


4831 43 41 33
43 41
43 33


4832 43 41 33
43 41
43 33


4833 43 41 33
43 41
43 33


4834 43 41 33
43 41
43 33


4835 43 41 33
43 41
43 33


4836 43 41 33
43 41
43 33


4837 43 41 33
43 41
43 33


4838 43 41 33
43 41
43 33


4839 43 41 33
43 41
43 33


4840 43 41 33
43 41
43 33


4841 43 41 33
43 41
43 33


4842 43 41 33
43 41
43 33


4843 43 41 33
43 41
43 33


4844 43 41 33
43 41
43 33


4845 43 41 33
43 41
43 33


4846 43 41 33
43 41
43 33


4847 43 41 33
43 41
43 33


4848 43 41 33
43 41
43 33


4849 43 41 33
43 41
43 33


4850 43 41 33
43 41
43 33


4851 43 41 33
43 41
43 33


4852 43 41 33
43 41
43 33


4853 43 41 33
43 41
43 33


4854 43 41 33
43 41
43 33


4855 43 41 33
43 41
43 33


4856 43 41 33
43 41
43 33


4857 43 41 33
43 41
43 33


4858 43 41 33
43 41
43 33


4859 43 41 33
43 41
43 33


4860 43 41 33
43 41
43 33


4861 43 41 33
43 41
43 33


4862 43 41 33
43 41
43 33


4863 43 41 33
43 41
43 33


4864 43 41 33
43 41
43 33


4865 43 41 33
43 41
43 33


4866 43 41 33
43 41
43 33


4867 43 41 33
43 41
43 33


4868 43 41 33
43 41
43 33


4869 43 41 33
43 41
43 33


4870 43 41 33
43 41
43 33


4871 43 41 33
43 41
43 33


4872 43 41 33
43 41
43 33


4873 43 41 33
43 41
43 33


4874 43 41 33
43 41
43 33


4875 43 41 33
43 41
43 33


4876 43 41 33
43 41
43 33


4877 43 41 33
43 41
43 33


4878 43 41 33
43 41
43 33


4879 43 41 33
43 41
43 33


4880 43 41 33
43 41
43 33


4881 43 41 33
43 41
43 33


4882 43 41 33
43 41
43 33


4883 43 41 33
43 41
43 33


4884 43 41 33
43 41
43 33


4885 43 41 33
43 41
43 33


4886 43 41 33
43 41
43 33


4887 43 41 33
43 41
43 33


4888 43 41 33
43 41
43 33


4889 43 41 33
43 41
43 33


4890 43 41 33
43 41
43 33


4891 43 41 33
43 41
43 33


4892 43 41 33
43 41
43 33


4893 43 41 33
43 41
43 33


4894 43 41 33
43 41
43 33


4895 43 41 33
43 41
43 33


4896 43 41 33
43 41
43 33


4897 43 41 33
43 41
43 33


4898 43 41 33
43 41
43 33


4899 43 41 33
43 41
43 33


4900 43 41 33
43 41
43 33


4901 43 41 33
43 41
43 33


4902 43 41 33
43 41
43 33


4903 43 41 33
43 41
43 33


4904 43 41 33
43 41
43 33


4905 43 41 33
43 41
43 33


4906 43 41 33
43 41
43 33


4907 43 41 33
43 41
43 33


4908 43 41 33
43 41
43 33


4909 43 41 33
43 41
43 33


4910 43 41 33
43 41
43 33


4911 43 41 33
43 41
43 33


4912 43 41 33
43 41
43 33


4913 43 41 33
43 41
43 33


4914 43 41 33
43 41
43 33


4915 43 41 33
43 41
43 33


4916 43 41 33
43 41
43 33


4917 43 41 33
43 41
43 33


4918 43 41 33
43 41
43 33


4919 43 41 33
43 41
43 33


4920 43 41 33
43 41
43 33


4921 43 41 33
43 41
43 33


4922 43 41 33
43 41
43 33


4923 43 41 33
43 41
43 33


4924 43 41 33
43 41
43 33


4925 43 41 33
43 41
43 33


4926 43 41 33
43 41
43 33


4927 43 41 33
43 41
43 33


4928 43 41 33
43 41
43 33


4929 43 41 33
43 41
43 33


4930 43 41 33
43 41
43 33


4931 43 41 33
43 41
43 33


4932 43 41 33
43 41
43 33


4933 43 41 33
43 41
43 33


4934 43 41 33
43 41
43 33


4935 43 41 33
43 41
43 33


4936 43 41 33
43 41
43 33


4937 43 41 33
43 41
43 33


4938 43 41 33
43 41
43 33


4939 43 41 33
43 41
43 33


4940 43 41 33
43 41
43 33


4941 43 41 33
43 41
43 33


4942 43 41 33
43 41
43 33


4943 43 41 33
43 41
43 33


4944 43 41 33
43 41
43 33


4945 43 41 33
43 41
43 33


4946 43 41 33
43 41
43 33


4947 43 41 33
43 41
43 33


4948 43 41 33
43 41
43 33


4949 43 41 33
43 41
43 33


4950 43 41 33
43 41
43 33


4951 43 41 33
43 41
43 33


4952 43 41 33
43 41
43 33


4953 43 41 33
43 41
43 33


4954 43 41 33
43 41
43 33


4955 43 41 33
43 41
43 33


4956 43 41 33
43 41
43 33


6257 18 12 13
18 12
18 13


6258 18 12 13
18 12
18 13


6259 18 12 13
18 12
18 13


6260 18 12 13
18 12
18 13


6261 18 12 13
18 12
18 13


6262 18 12 13
18 12
18 13


6263 18 12 13
18 12
18 13


6264 18 12 13
18 12
18 13


6265 18 12 13
18 12
18 13


6266 18 12 13
18 12
18 13


6267 18 12 13
18 12
18 13


6268 18 12 13
18 12
18 13


6269 18 12 13
18 12
18 13


6270 18 12 13
18 12
18 13


6271 18 12 13
18 12
18 13


6272 18 12 13
18 12
18 13


6273 18 12 13
18 12
18 13


6274 18 12 13
18 12
18 13


6275 18 12 13
18 12
18 13


6276 18 12 13
18 12
18 13


6277 18 12 13
18 12
18 13


6278 18 12 13
18 12
18 13


6279 18 12 13
18 12
18 13


6280 18 12 13
18 12
18 13


6281 18 12 13
18 12
18 13


6282 18 12 13
18 12
18 13


6283 18 12 13
18 12
18 13


6284 18 12 13
18 12
18 13


6285 18 12 13
18 12
18 13


6286 18 12 13
18 12
18 13


6287 18 12 13
18 12
18 13


6288 18 12 13
18 12
18 13


6289 18 12 13
18 12
18 13


6290 18 12 13
18 12
18 13


6291 18 12 13
18 12
18 13


6292 18 12 13
18 12
18 13


6293 18 12 13
18 12
18 13


6294 18 12 13
18 12
18 13


6295 18 12 13
18 12
18 13


6296 18 12 13
18 12
18 13


6297 18 12 13
18 12
18 13


6298 18 12 13
18 12
18 13


6299 18 12 13
18 12
18 13


6300 18 12 13
18 12
18 13


6301 18 12 13
18 12
18 13


6302 18 12 13
18 12
18 13


6303 18 12 13
18 12
18 13


6304 18 12 13
18 12
18 13


6305 18 12 13
18 12
18 13


6306 18 12 13
18 12
18 13


6307 18 12 13
18 12
18 13


6308 18 12 13
18 12
18 13


6309 18 12 13
18 12
18 13


6310 18 12 13
18 12
18 13


6311 18 12 13
18 12
18 13


6312 18 12 13
18 12
18 13


6313 18 12 13
18 12
18 13


6314 18 12 13
18 12
18 13


6315 18 12 13
18 12
18 13


6316 18 12 13
18 12
18 13


6317 18 12 13
18 12
18 13


6318 18 12 13
18 12
18 13


6319 18 12 13
18 12
18 13


6320 18 12 13
18 12
18 13


6321 18 12 13
18 12
18 13


6322 18 12 13
18 12
18 13


6323 18 12 13
18 12
18 13


6324 18 12 13
18 12
18 13


6325 18 12 13
18 12
18 13


6326 18 12 13
18 12
18 13


6327 18 12 13
18 12
18 13


6328 18 12 13
18 12
18 13


6329 18 12 13
18 12
18 13


6330 18 12 13
18 12
18 13


6331 18 12 13
18 12
18 13


6332 18 12 13
18 12
18 13


6333 18 12 13
18 12
18 13


6334 18 12 13
18 12
18 13


6335 18 12 13
18 12
18 13


6336 18 12 13
18 12
18 13


6337 18 12 13
18 12
18 13


6338 18 12 13
18 12
18 13


6339 18 12 13
18 12
18 13


6340 18 12 13
18 12
18 13


6341 18 12 13
18 12
18 13


6342 18 12 13
18 12
18 13


6343 18 12 13
18 12
18 13


6344 18 12 13
18 12
18 13


6345 18 12 13
18 12
18 13


6346 18 12 13
18 12
18 13


6347 18 12 13
18 12
18 13


6348 18 12 13
18 12
18 13


6349 18 12 13
18 12
18 13


6350 18 12 13
18 12
18 13


6351 18 12 13
18 12
18 13


6352 18 12 13
18 12
18 13


6353 18 12 13
18 12
18 13


6354 18 12 13
18 12
18 13


6355 18 12 13
18 12
18 13


6356 18 12 13
18 12
18 13


6357 18 12 13
18 12
18 13


6358 18 12 13
18 12
18 13


6359 18 12 13
18 12
18 13


6360 18 12 13
18 12
18 13


6361 18 12 13
18 12
18 13


6362 18 12 13
18 12
18 13


6363 18 12 13
18 12
18 13


6364 18 12 13
18 12
18 13


6365 18 12 13
18 12
18 13


6366 18 12 13
18 12
18 13


6367 18 12 13
18 12
18 13


6368 18 12 13
18 12
18 13


6369 18 12 13
18 12
18 13


6370 18 12 13
18 12
18 13


6371 18 12 13
18 12
18 13


6372 18 12 13
18 12
18 13


6373 18 12 13
18 12
18 13


6374 18 12 13
18 12
18 13


6375 18 12 13
18 12
18 13


6376 18 12 13
18 12
18 13


6377 18 12 13
18 12
18 13


6378 18 12 13
18 12
18 13


6379 18 12 13
18 12
18 13


6380 18 12 13
18 12
18 13


6381 18 12 13
18 12
18 13


6382 18 12 13
18 12
18 13


6383 18 12 13
18 12
18 13


6384 18 12 13
18 12
18 13


