0 3 1 7
3 1
3 7


1 3 1 7
3 1
3 7


2 3 1 7
3 1
3 7


3 3 1 7
3 1
3 7


4 3 1 7
3 1
3 7


5 3 1 7
3 1
3 7


6 3 1 7
3 1
3 7


7 3 1 7
3 1
3 7


8 3 1 7
3 1
3 7


9 3 1 7
3 1
3 7


10 3 1 7
3 1
3 7


11 3 1 7
3 1
3 7


12 3 1 7
3 1
3 7


13 3 1 7
3 1
3 7


14 3 1 7
3 1
3 7


15 3 1 7
3 1
3 7


81 0 19 13
0 19
0 13


82 0 19 13
0 19
0 13


83 0 19 13
0 19
0 13


84 0 19 13
0 19
0 13


85 0 19 13
0 19
0 13


86 0 19 13
0 19
0 13


87 0 19 13
0 19
0 13


88 0 19 13
0 19
0 13


89 0 19 13
0 19
0 13


90 0 19 13
0 19
0 13


91 0 19 13
0 19
0 13


92 0 19 13
0 19
0 13


93 0 19 13
0 19
0 13


94 0 19 13
0 19
0 13


95 0 19 13
0 19
0 13


96 0 19 13
0 19
0 13


162 6 20 21
6 20
6 21


163 6 20 21
6 20
6 21


164 6 20 21
6 20
6 21


165 6 20 21
6 20
6 21


166 6 20 21
6 20
6 21


167 6 20 21
6 20
6 21


168 6 20 21
6 20
6 21


169 6 20 21
6 20
6 21


170 6 20 21
6 20
6 21


171 6 20 21
6 20
6 21


172 6 20 21
6 20
6 21


173 6 20 21
6 20
6 21


174 6 20 21
6 20
6 21


175 6 20 21
6 20
6 21


176 6 20 21
6 20
6 21


177 6 20 21
6 20
6 21


243 14 9 8
14 9
14 8


244 14 9 8
14 9
14 8


245 14 9 8
14 9
14 8


246 14 9 8
14 9
14 8


247 14 9 8
14 9
14 8


248 14 9 8
14 9
14 8


249 14 9 8
14 9
14 8


250 14 9 8
14 9
14 8


251 14 9 8
14 9
14 8


252 14 9 8
14 9
14 8


253 14 9 8
14 9
14 8


254 14 9 8
14 9
14 8


255 14 9 8
14 9
14 8


256 14 9 8
14 9
14 8


257 14 9 8
14 9
14 8


258 14 9 8
14 9
14 8


324 15 10 11
15 10
15 11


325 15 10 11
15 10
15 11


326 15 10 11
15 10
15 11


327 15 10 11
15 10
15 11


328 15 10 11
15 10
15 11


329 15 10 11
15 10
15 11


330 15 10 11
15 10
15 11


331 15 10 11
15 10
15 11


332 15 10 11
15 10
15 11


333 15 10 11
15 10
15 11


334 15 10 11
15 10
15 11


335 15 10 11
15 10
15 11


336 15 10 11
15 10
15 11


337 15 10 11
15 10
15 11


338 15 10 11
15 10
15 11


339 15 10 11
15 10
15 11


340 15 10 11
15 10
15 11


341 15 10 11
15 10
15 11


342 15 10 11
15 10
15 11


343 15 10 11
15 10
15 11


344 15 10 11
15 10
15 11


345 15 10 11
15 10
15 11


346 15 10 11
15 10
15 11


347 15 10 11
15 10
15 11


348 15 10 11
15 10
15 11


349 15 10 11
15 10
15 11


350 15 10 11
15 10
15 11


351 15 10 11
15 10
15 11


352 15 10 11
15 10
15 11


353 15 10 11
15 10
15 11


354 15 10 11
15 10
15 11


355 15 10 11
15 10
15 11


356 15 10 11
15 10
15 11


357 15 10 11
15 10
15 11


358 15 10 11
15 10
15 11


359 15 10 11
15 10
15 11


360 15 10 11
15 10
15 11


361 15 10 11
15 10
15 11


362 15 10 11
15 10
15 11


363 15 10 11
15 10
15 11


364 15 10 11
15 10
15 11


365 15 10 11
15 10
15 11


366 15 10 11
15 10
15 11


367 15 10 11
15 10
15 11


368 15 10 11
15 10
15 11


369 15 10 11
15 10
15 11


370 15 10 11
15 10
15 11


371 15 10 11
15 10
15 11


372 15 10 11
15 10
15 11


373 15 10 11
15 10
15 11


374 15 10 11
15 10
15 11


375 15 10 11
15 10
15 11


376 15 10 11
15 10
15 11


377 15 10 11
15 10
15 11


378 15 10 11
15 10
15 11


379 15 10 11
15 10
15 11


380 15 10 11
15 10
15 11


381 15 10 11
15 10
15 11


382 15 10 11
15 10
15 11


383 15 10 11
15 10
15 11


384 15 10 11
15 10
15 11


385 15 10 11
15 10
15 11


386 15 10 11
15 10
15 11


387 15 10 11
15 10
15 11


645 4 16 22
4 16
4 22


646 4 16 22
4 16
4 22


647 4 16 22
4 16
4 22


648 4 16 22
4 16
4 22


649 4 16 22
4 16
4 22


650 4 16 22
4 16
4 22


651 4 16 22
4 16
4 22


652 4 16 22
4 16
4 22


653 4 16 22
4 16
4 22


654 4 16 22
4 16
4 22


655 4 16 22
4 16
4 22


656 4 16 22
4 16
4 22


657 4 16 22
4 16
4 22


658 4 16 22
4 16
4 22


659 4 16 22
4 16
4 22


660 4 16 22
4 16
4 22


661 4 16 22
4 16
4 22


662 4 16 22
4 16
4 22


663 4 16 22
4 16
4 22


664 4 16 22
4 16
4 22


665 4 16 22
4 16
4 22


666 4 16 22
4 16
4 22


667 4 16 22
4 16
4 22


668 4 16 22
4 16
4 22


669 4 16 22
4 16
4 22


670 4 16 22
4 16
4 22


671 4 16 22
4 16
4 22


672 4 16 22
4 16
4 22


673 4 16 22
4 16
4 22


674 4 16 22
4 16
4 22


675 4 16 22
4 16
4 22


676 4 16 22
4 16
4 22


677 4 16 22
4 16
4 22


678 4 16 22
4 16
4 22


679 4 16 22
4 16
4 22


680 4 16 22
4 16
4 22


681 4 16 22
4 16
4 22


682 4 16 22
4 16
4 22


683 4 16 22
4 16
4 22


684 4 16 22
4 16
4 22


685 4 16 22
4 16
4 22


686 4 16 22
4 16
4 22


687 4 16 22
4 16
4 22


688 4 16 22
4 16
4 22


689 4 16 22
4 16
4 22


690 4 16 22
4 16
4 22


691 4 16 22
4 16
4 22


692 4 16 22
4 16
4 22


693 4 16 22
4 16
4 22


694 4 16 22
4 16
4 22


695 4 16 22
4 16
4 22


696 4 16 22
4 16
4 22


697 4 16 22
4 16
4 22


698 4 16 22
4 16
4 22


699 4 16 22
4 16
4 22


700 4 16 22
4 16
4 22


701 4 16 22
4 16
4 22


702 4 16 22
4 16
4 22


703 4 16 22
4 16
4 22


704 4 16 22
4 16
4 22


705 4 16 22
4 16
4 22


706 4 16 22
4 16
4 22


707 4 16 22
4 16
4 22


708 4 16 22
4 16
4 22


709 4 16 22
4 16
4 22


710 4 16 22
4 16
4 22


711 4 16 22
4 16
4 22


712 4 16 22
4 16
4 22


713 4 16 22
4 16
4 22


714 4 16 22
4 16
4 22


715 4 16 22
4 16
4 22


716 4 16 22
4 16
4 22


717 4 16 22
4 16
4 22


718 4 16 22
4 16
4 22


719 4 16 22
4 16
4 22


720 4 16 22
4 16
4 22


721 4 16 22
4 16
4 22


722 4 16 22
4 16
4 22


723 4 16 22
4 16
4 22


724 4 16 22
4 16
4 22


725 4 16 22
4 16
4 22


726 4 16 22
4 16
4 22


727 4 16 22
4 16
4 22


728 4 16 22
4 16
4 22


729 4 16 22
4 16
4 22


730 4 16 22
4 16
4 22


731 4 16 22
4 16
4 22


732 4 16 22
4 16
4 22


733 4 16 22
4 16
4 22


734 4 16 22
4 16
4 22


735 4 16 22
4 16
4 22


736 4 16 22
4 16
4 22


737 4 16 22
4 16
4 22


738 4 16 22
4 16
4 22


739 4 16 22
4 16
4 22


740 4 16 22
4 16
4 22


741 4 16 22
4 16
4 22


742 4 16 22
4 16
4 22


743 4 16 22
4 16
4 22


744 4 16 22
4 16
4 22


745 4 16 22
4 16
4 22


746 4 16 22
4 16
4 22


747 4 16 22
4 16
4 22


748 4 16 22
4 16
4 22


749 4 16 22
4 16
4 22


750 4 16 22
4 16
4 22


751 4 16 22
4 16
4 22


752 4 16 22
4 16
4 22


753 4 16 22
4 16
4 22


754 4 16 22
4 16
4 22


755 4 16 22
4 16
4 22


756 4 16 22
4 16
4 22


757 4 16 22
4 16
4 22


758 4 16 22
4 16
4 22


759 4 16 22
4 16
4 22


760 4 16 22
4 16
4 22


761 4 16 22
4 16
4 22


762 4 16 22
4 16
4 22


763 4 16 22
4 16
4 22


764 4 16 22
4 16
4 22


765 4 16 22
4 16
4 22


766 4 16 22
4 16
4 22


767 4 16 22
4 16
4 22


768 4 16 22
4 16
4 22


769 4 16 22
4 16
4 22


770 4 16 22
4 16
4 22


771 4 16 22
4 16
4 22


772 4 16 22
4 16
4 22


1034 5 34 35
5 34
5 35


1035 5 34 35
5 34
5 35


1036 5 34 35
5 34
5 35


1037 5 34 35
5 34
5 35


1038 5 34 35
5 34
5 35


1039 5 34 35
5 34
5 35


1040 5 34 35
5 34
5 35


1041 5 34 35
5 34
5 35


1042 5 34 35
5 34
5 35


1043 5 34 35
5 34
5 35


1044 5 34 35
5 34
5 35


1045 5 34 35
5 34
5 35


1046 5 34 35
5 34
5 35


1047 5 34 35
5 34
5 35


1048 5 34 35
5 34
5 35


1049 5 34 35
5 34
5 35


1115 28 27 26
28 27
28 26


1116 28 27 26
28 27
28 26


1117 28 27 26
28 27
28 26


1118 28 27 26
28 27
28 26


1119 28 27 26
28 27
28 26


1120 28 27 26
28 27
28 26


1121 28 27 26
28 27
28 26


1122 28 27 26
28 27
28 26


1123 28 27 26
28 27
28 26


1124 28 27 26
28 27
28 26


1125 28 27 26
28 27
28 26


1126 28 27 26
28 27
28 26


1127 28 27 26
28 27
28 26


1128 28 27 26
28 27
28 26


1129 28 27 26
28 27
28 26


1130 28 27 26
28 27
28 26


