0 3 1 7
3 1
3 7


1 3 1 7
3 1
3 7


2 3 1 7
3 1
3 7


3 3 1 7
3 1
3 7


4 3 1 7
3 1
3 7


5 3 1 7
3 1
3 7


6 3 1 7
3 1
3 7


7 3 1 7
3 1
3 7


8 3 1 7
3 1
3 7


9 3 1 7
3 1
3 7


10 3 1 7
3 1
3 7


11 3 1 7
3 1
3 7


12 3 1 7
3 1
3 7


13 3 1 7
3 1
3 7


14 3 1 7
3 1
3 7


15 3 1 7
3 1
3 7


81 0 14 20
0 14
0 20


82 0 14 20
0 14
0 20


83 0 14 20
0 14
0 20


84 0 14 20
0 14
0 20


85 0 14 20
0 14
0 20


86 0 14 20
0 14
0 20


87 0 14 20
0 14
0 20


88 0 14 20
0 14
0 20


89 0 14 20
0 14
0 20


90 0 14 20
0 14
0 20


91 0 14 20
0 14
0 20


92 0 14 20
0 14
0 20


93 0 14 20
0 14
0 20


94 0 14 20
0 14
0 20


95 0 14 20
0 14
0 20


96 0 14 20
0 14
0 20


162 13 8 4
13 8
13 4


163 13 8 4
13 8
13 4


164 13 8 4
13 8
13 4


165 13 8 4
13 8
13 4


166 13 8 4
13 8
13 4


167 13 8 4
13 8
13 4


168 13 8 4
13 8
13 4


169 13 8 4
13 8
13 4


170 13 8 4
13 8
13 4


171 13 8 4
13 8
13 4


172 13 8 4
13 8
13 4


173 13 8 4
13 8
13 4


174 13 8 4
13 8
13 4


175 13 8 4
13 8
13 4


176 13 8 4
13 8
13 4


177 13 8 4
13 8
13 4


243 9 26 31
9 26
9 31


244 9 26 31
9 26
9 31


245 9 26 31
9 26
9 31


246 9 26 31
9 26
9 31


247 9 26 31
9 26
9 31


248 9 26 31
9 26
9 31


249 9 26 31
9 26
9 31


250 9 26 31
9 26
9 31


251 9 26 31
9 26
9 31


252 9 26 31
9 26
9 31


253 9 26 31
9 26
9 31


254 9 26 31
9 26
9 31


255 9 26 31
9 26
9 31


256 9 26 31
9 26
9 31


257 9 26 31
9 26
9 31


258 9 26 31
9 26
9 31


324 27 24 30
27 24
27 30


325 27 24 30
27 24
27 30


326 27 24 30
27 24
27 30


327 27 24 30
27 24
27 30


328 27 24 30
27 24
27 30


329 27 24 30
27 24
27 30


330 27 24 30
27 24
27 30


331 27 24 30
27 24
27 30


332 27 24 30
27 24
27 30


333 27 24 30
27 24
27 30


334 27 24 30
27 24
27 30


335 27 24 30
27 24
27 30


336 27 24 30
27 24
27 30


337 27 24 30
27 24
27 30


338 27 24 30
27 24
27 30


339 27 24 30
27 24
27 30


340 27 24 30
27 24
27 30


341 27 24 30
27 24
27 30


342 27 24 30
27 24
27 30


343 27 24 30
27 24
27 30


344 27 24 30
27 24
27 30


345 27 24 30
27 24
27 30


346 27 24 30
27 24
27 30


347 27 24 30
27 24
27 30


348 27 24 30
27 24
27 30


349 27 24 30
27 24
27 30


350 27 24 30
27 24
27 30


351 27 24 30
27 24
27 30


352 27 24 30
27 24
27 30


353 27 24 30
27 24
27 30


354 27 24 30
27 24
27 30


355 27 24 30
27 24
27 30


356 27 24 30
27 24
27 30


357 27 24 30
27 24
27 30


358 27 24 30
27 24
27 30


359 27 24 30
27 24
27 30


360 27 24 30
27 24
27 30


361 27 24 30
27 24
27 30


362 27 24 30
27 24
27 30


363 27 24 30
27 24
27 30


364 27 24 30
27 24
27 30


365 27 24 30
27 24
27 30


366 27 24 30
27 24
27 30


367 27 24 30
27 24
27 30


368 27 24 30
27 24
27 30


369 27 24 30
27 24
27 30


370 27 24 30
27 24
27 30


371 27 24 30
27 24
27 30


372 27 24 30
27 24
27 30


373 27 24 30
27 24
27 30


374 27 24 30
27 24
27 30


375 27 24 30
27 24
27 30


376 27 24 30
27 24
27 30


377 27 24 30
27 24
27 30


378 27 24 30
27 24
27 30


379 27 24 30
27 24
27 30


380 27 24 30
27 24
27 30


381 27 24 30
27 24
27 30


382 27 24 30
27 24
27 30


383 27 24 30
27 24
27 30


384 27 24 30
27 24
27 30


385 27 24 30
27 24
27 30


386 27 24 30
27 24
27 30


387 27 24 30
27 24
27 30


645 25 1 7
25 1
25 7


646 25 1 7
25 1
25 7


647 25 1 7
25 1
25 7


648 25 1 7
25 1
25 7


649 25 1 7
25 1
25 7


650 25 1 7
25 1
25 7


651 25 1 7
25 1
25 7


652 25 1 7
25 1
25 7


653 25 1 7
25 1
25 7


654 25 1 7
25 1
25 7


655 25 1 7
25 1
25 7


656 25 1 7
25 1
25 7


657 25 1 7
25 1
25 7


658 25 1 7
25 1
25 7


659 25 1 7
25 1
25 7


660 25 1 7
25 1
25 7


661 25 1 7
25 1
25 7


662 25 1 7
25 1
25 7


663 25 1 7
25 1
25 7


664 25 1 7
25 1
25 7


665 25 1 7
25 1
25 7


666 25 1 7
25 1
25 7


667 25 1 7
25 1
25 7


668 25 1 7
25 1
25 7


669 25 1 7
25 1
25 7


670 25 1 7
25 1
25 7


671 25 1 7
25 1
25 7


672 25 1 7
25 1
25 7


673 25 1 7
25 1
25 7


674 25 1 7
25 1
25 7


675 25 1 7
25 1
25 7


676 25 1 7
25 1
25 7


677 25 1 7
25 1
25 7


678 25 1 7
25 1
25 7


679 25 1 7
25 1
25 7


680 25 1 7
25 1
25 7


681 25 1 7
25 1
25 7


682 25 1 7
25 1
25 7


683 25 1 7
25 1
25 7


684 25 1 7
25 1
25 7


685 25 1 7
25 1
25 7


686 25 1 7
25 1
25 7


687 25 1 7
25 1
25 7


688 25 1 7
25 1
25 7


689 25 1 7
25 1
25 7


690 25 1 7
25 1
25 7


691 25 1 7
25 1
25 7


692 25 1 7
25 1
25 7


693 25 1 7
25 1
25 7


694 25 1 7
25 1
25 7


695 25 1 7
25 1
25 7


696 25 1 7
25 1
25 7


697 25 1 7
25 1
25 7


698 25 1 7
25 1
25 7


699 25 1 7
25 1
25 7


700 25 1 7
25 1
25 7


701 25 1 7
25 1
25 7


702 25 1 7
25 1
25 7


703 25 1 7
25 1
25 7


704 25 1 7
25 1
25 7


705 25 1 7
25 1
25 7


706 25 1 7
25 1
25 7


707 25 1 7
25 1
25 7


708 25 1 7
25 1
25 7


709 25 1 7
25 1
25 7


710 25 1 7
25 1
25 7


711 25 1 7
25 1
25 7


712 25 1 7
25 1
25 7


713 25 1 7
25 1
25 7


714 25 1 7
25 1
25 7


715 25 1 7
25 1
25 7


716 25 1 7
25 1
25 7


717 25 1 7
25 1
25 7


718 25 1 7
25 1
25 7


719 25 1 7
25 1
25 7


720 25 1 7
25 1
25 7


721 25 1 7
25 1
25 7


722 25 1 7
25 1
25 7


723 25 1 7
25 1
25 7


724 25 1 7
25 1
25 7


725 25 1 7
25 1
25 7


726 25 1 7
25 1
25 7


727 25 1 7
25 1
25 7


728 25 1 7
25 1
25 7


729 25 1 7
25 1
25 7


730 25 1 7
25 1
25 7


731 25 1 7
25 1
25 7


732 25 1 7
25 1
25 7


733 25 1 7
25 1
25 7


734 25 1 7
25 1
25 7


735 25 1 7
25 1
25 7


736 25 1 7
25 1
25 7


737 25 1 7
25 1
25 7


738 25 1 7
25 1
25 7


739 25 1 7
25 1
25 7


740 25 1 7
25 1
25 7


741 25 1 7
25 1
25 7


742 25 1 7
25 1
25 7


743 25 1 7
25 1
25 7


744 25 1 7
25 1
25 7


745 25 1 7
25 1
25 7


746 25 1 7
25 1
25 7


747 25 1 7
25 1
25 7


748 25 1 7
25 1
25 7


749 25 1 7
25 1
25 7


750 25 1 7
25 1
25 7


751 25 1 7
25 1
25 7


752 25 1 7
25 1
25 7


753 25 1 7
25 1
25 7


754 25 1 7
25 1
25 7


755 25 1 7
25 1
25 7


756 25 1 7
25 1
25 7


757 25 1 7
25 1
25 7


758 25 1 7
25 1
25 7


759 25 1 7
25 1
25 7


760 25 1 7
25 1
25 7


761 25 1 7
25 1
25 7


762 25 1 7
25 1
25 7


763 25 1 7
25 1
25 7


764 25 1 7
25 1
25 7


765 25 1 7
25 1
25 7


766 25 1 7
25 1
25 7


767 25 1 7
25 1
25 7


768 25 1 7
25 1
25 7


769 25 1 7
25 1
25 7


770 25 1 7
25 1
25 7


771 25 1 7
25 1
25 7


772 25 1 7
25 1
25 7


1034 0 19 13
0 19
0 13


1035 0 19 13
0 19
0 13


1036 0 19 13
0 19
0 13


1037 0 19 13
0 19
0 13


1038 0 19 13
0 19
0 13


1039 0 19 13
0 19
0 13


1040 0 19 13
0 19
0 13


1041 0 19 13
0 19
0 13


1042 0 19 13
0 19
0 13


1043 0 19 13
0 19
0 13


1044 0 19 13
0 19
0 13


1045 0 19 13
0 19
0 13


1046 0 19 13
0 19
0 13


1047 0 19 13
0 19
0 13


1048 0 19 13
0 19
0 13


1049 0 19 13
0 19
0 13


1115 6 20 21
6 20
6 21


1116 6 20 21
6 20
6 21


1117 6 20 21
6 20
6 21


1118 6 20 21
6 20
6 21


1119 6 20 21
6 20
6 21


1120 6 20 21
6 20
6 21


1121 6 20 21
6 20
6 21


1122 6 20 21
6 20
6 21


1123 6 20 21
6 20
6 21


1124 6 20 21
6 20
6 21


1125 6 20 21
6 20
6 21


1126 6 20 21
6 20
6 21


1127 6 20 21
6 20
6 21


1128 6 20 21
6 20
6 21


1129 6 20 21
6 20
6 21


1130 6 20 21
6 20
6 21


1973 14 9 8
14 9
14 8


1974 14 9 8
14 9
14 8


1975 14 9 8
14 9
14 8


1976 14 9 8
14 9
14 8


1977 14 9 8
14 9
14 8


1978 14 9 8
14 9
14 8


1979 14 9 8
14 9
14 8


1980 14 9 8
14 9
14 8


1981 14 9 8
14 9
14 8


1982 14 9 8
14 9
14 8


1983 14 9 8
14 9
14 8


1984 14 9 8
14 9
14 8


1985 14 9 8
14 9
14 8


1986 14 9 8
14 9
14 8


1987 14 9 8
14 9
14 8


1988 14 9 8
14 9
14 8


1989 14 9 8
14 9
14 8


1990 14 9 8
14 9
14 8


1991 14 9 8
14 9
14 8


1992 14 9 8
14 9
14 8


1993 14 9 8
14 9
14 8


1994 14 9 8
14 9
14 8


1995 14 9 8
14 9
14 8


1996 14 9 8
14 9
14 8


1997 14 9 8
14 9
14 8


1998 14 9 8
14 9
14 8


1999 14 9 8
14 9
14 8


2000 14 9 8
14 9
14 8


2001 14 9 8
14 9
14 8


2002 14 9 8
14 9
14 8


2003 14 9 8
14 9
14 8


2004 14 9 8
14 9
14 8


2005 14 9 8
14 9
14 8


2006 14 9 8
14 9
14 8


2007 14 9 8
14 9
14 8


2008 14 9 8
14 9
14 8


2009 14 9 8
14 9
14 8


2010 14 9 8
14 9
14 8


2011 14 9 8
14 9
14 8


2012 14 9 8
14 9
14 8


2013 14 9 8
14 9
14 8


2014 14 9 8
14 9
14 8


2015 14 9 8
14 9
14 8


2016 14 9 8
14 9
14 8


2017 14 9 8
14 9
14 8


2018 14 9 8
14 9
14 8


2019 14 9 8
14 9
14 8


2020 14 9 8
14 9
14 8


2021 14 9 8
14 9
14 8


2022 14 9 8
14 9
14 8


2023 14 9 8
14 9
14 8


2024 14 9 8
14 9
14 8


2025 14 9 8
14 9
14 8


2026 14 9 8
14 9
14 8


2027 14 9 8
14 9
14 8


2028 14 9 8
14 9
14 8


2029 14 9 8
14 9
14 8


2030 14 9 8
14 9
14 8


2031 14 9 8
14 9
14 8


2032 14 9 8
14 9
14 8


2033 14 9 8
14 9
14 8


2034 14 9 8
14 9
14 8


2035 14 9 8
14 9
14 8


2036 14 9 8
14 9
14 8


2037 14 9 8
14 9
14 8


2038 14 9 8
14 9
14 8


2039 14 9 8
14 9
14 8


2040 14 9 8
14 9
14 8


2041 14 9 8
14 9
14 8


2042 14 9 8
14 9
14 8


2043 14 9 8
14 9
14 8


2044 14 9 8
14 9
14 8


2045 14 9 8
14 9
14 8


2046 14 9 8
14 9
14 8


2047 14 9 8
14 9
14 8


2048 14 9 8
14 9
14 8


2049 14 9 8
14 9
14 8


2050 14 9 8
14 9
14 8


2051 14 9 8
14 9
14 8


2052 14 9 8
14 9
14 8


2053 14 9 8
14 9
14 8


2054 14 9 8
14 9
14 8


2055 14 9 8
14 9
14 8


2056 14 9 8
14 9
14 8


2057 14 9 8
14 9
14 8


2058 14 9 8
14 9
14 8


2059 14 9 8
14 9
14 8


2060 14 9 8
14 9
14 8


2061 14 9 8
14 9
14 8


2062 14 9 8
14 9
14 8


2063 14 9 8
14 9
14 8


2064 14 9 8
14 9
14 8


2065 14 9 8
14 9
14 8


2066 14 9 8
14 9
14 8


2067 14 9 8
14 9
14 8


2068 14 9 8
14 9
14 8


2069 14 9 8
14 9
14 8


2070 14 9 8
14 9
14 8


2071 14 9 8
14 9
14 8


2072 14 9 8
14 9
14 8


2073 14 9 8
14 9
14 8


2074 14 9 8
14 9
14 8


2075 14 9 8
14 9
14 8


2076 14 9 8
14 9
14 8


2077 14 9 8
14 9
14 8


2078 14 9 8
14 9
14 8


2079 14 9 8
14 9
14 8


2080 14 9 8
14 9
14 8


2081 14 9 8
14 9
14 8


2082 14 9 8
14 9
14 8


2083 14 9 8
14 9
14 8


2084 14 9 8
14 9
14 8


2085 14 9 8
14 9
14 8


2086 14 9 8
14 9
14 8


2087 14 9 8
14 9
14 8


2088 14 9 8
14 9
14 8


2089 14 9 8
14 9
14 8


2090 14 9 8
14 9
14 8


2091 14 9 8
14 9
14 8


2092 14 9 8
14 9
14 8


2093 14 9 8
14 9
14 8


2094 14 9 8
14 9
14 8


2095 14 9 8
14 9
14 8


2096 14 9 8
14 9
14 8


2097 14 9 8
14 9
14 8


2098 14 9 8
14 9
14 8


2099 14 9 8
14 9
14 8


2100 14 9 8
14 9
14 8


3401 31 0 1
31 0
31 1


3402 31 0 1
31 0
31 1


3403 31 0 1
31 0
31 1


3404 31 0 1
31 0
31 1


3405 31 0 1
31 0
31 1


3406 31 0 1
31 0
31 1


3407 31 0 1
31 0
31 1


3408 31 0 1
31 0
31 1


3409 31 0 1
31 0
31 1


3410 31 0 1
31 0
31 1


3411 31 0 1
31 0
31 1


3412 31 0 1
31 0
31 1


3413 31 0 1
31 0
31 1


3414 31 0 1
31 0
31 1


3415 31 0 1
31 0
31 1


3416 31 0 1
31 0
31 1


3417 31 0 1
31 0
31 1


3418 31 0 1
31 0
31 1


3419 31 0 1
31 0
31 1


3420 31 0 1
31 0
31 1


3421 31 0 1
31 0
31 1


3422 31 0 1
31 0
31 1


3423 31 0 1
31 0
31 1


3424 31 0 1
31 0
31 1


3425 31 0 1
31 0
31 1


3426 31 0 1
31 0
31 1


3427 31 0 1
31 0
31 1


3428 31 0 1
31 0
31 1


3429 31 0 1
31 0
31 1


3430 31 0 1
31 0
31 1


3431 31 0 1
31 0
31 1


3432 31 0 1
31 0
31 1


3433 31 0 1
31 0
31 1


3434 31 0 1
31 0
31 1


3435 31 0 1
31 0
31 1


3436 31 0 1
31 0
31 1


3437 31 0 1
31 0
31 1


3438 31 0 1
31 0
31 1


3439 31 0 1
31 0
31 1


3440 31 0 1
31 0
31 1


3441 31 0 1
31 0
31 1


3442 31 0 1
31 0
31 1


3443 31 0 1
31 0
31 1


3444 31 0 1
31 0
31 1


3445 31 0 1
31 0
31 1


3446 31 0 1
31 0
31 1


3447 31 0 1
31 0
31 1


3448 31 0 1
31 0
31 1


3449 31 0 1
31 0
31 1


3450 31 0 1
31 0
31 1


3451 31 0 1
31 0
31 1


3452 31 0 1
31 0
31 1


3453 31 0 1
31 0
31 1


3454 31 0 1
31 0
31 1


3455 31 0 1
31 0
31 1


3456 31 0 1
31 0
31 1


3457 31 0 1
31 0
31 1


3458 31 0 1
31 0
31 1


3459 31 0 1
31 0
31 1


3460 31 0 1
31 0
31 1


3461 31 0 1
31 0
31 1


3462 31 0 1
31 0
31 1


3463 31 0 1
31 0
31 1


3464 31 0 1
31 0
31 1


3465 31 0 1
31 0
31 1


3466 31 0 1
31 0
31 1


3467 31 0 1
31 0
31 1


3468 31 0 1
31 0
31 1


3469 31 0 1
31 0
31 1


3470 31 0 1
31 0
31 1


3471 31 0 1
31 0
31 1


3472 31 0 1
31 0
31 1


3473 31 0 1
31 0
31 1


3474 31 0 1
31 0
31 1


3475 31 0 1
31 0
31 1


3476 31 0 1
31 0
31 1


3477 31 0 1
31 0
31 1


3478 31 0 1
31 0
31 1


3479 31 0 1
31 0
31 1


3480 31 0 1
31 0
31 1


3481 31 0 1
31 0
31 1


3482 31 0 1
31 0
31 1


3483 31 0 1
31 0
31 1


3484 31 0 1
31 0
31 1


3485 31 0 1
31 0
31 1


3486 31 0 1
31 0
31 1


3487 31 0 1
31 0
31 1


3488 31 0 1
31 0
31 1


3489 31 0 1
31 0
31 1


3490 31 0 1
31 0
31 1


3491 31 0 1
31 0
31 1


3492 31 0 1
31 0
31 1


3493 31 0 1
31 0
31 1


3494 31 0 1
31 0
31 1


3495 31 0 1
31 0
31 1


3496 31 0 1
31 0
31 1


3497 31 0 1
31 0
31 1


3498 31 0 1
31 0
31 1


3499 31 0 1
31 0
31 1


3500 31 0 1
31 0
31 1


3501 31 0 1
31 0
31 1


3502 31 0 1
31 0
31 1


3503 31 0 1
31 0
31 1


3504 31 0 1
31 0
31 1


3505 31 0 1
31 0
31 1


3506 31 0 1
31 0
31 1


3507 31 0 1
31 0
31 1


3508 31 0 1
31 0
31 1


3509 31 0 1
31 0
31 1


3510 31 0 1
31 0
31 1


3511 31 0 1
31 0
31 1


3512 31 0 1
31 0
31 1


3513 31 0 1
31 0
31 1


3514 31 0 1
31 0
31 1


3515 31 0 1
31 0
31 1


3516 31 0 1
31 0
31 1


3517 31 0 1
31 0
31 1


3518 31 0 1
31 0
31 1


3519 31 0 1
31 0
31 1


3520 31 0 1
31 0
31 1


3521 31 0 1
31 0
31 1


3522 31 0 1
31 0
31 1


3523 31 0 1
31 0
31 1


3524 31 0 1
31 0
31 1


3525 31 0 1
31 0
31 1


3526 31 0 1
31 0
31 1


3527 31 0 1
31 0
31 1


3528 31 0 1
31 0
31 1


4829 22 29 27
22 29
22 27


4830 22 29 27
22 29
22 27


4831 22 29 27
22 29
22 27


4832 22 29 27
22 29
22 27


4833 22 29 27
22 29
22 27


4834 22 29 27
22 29
22 27


4835 22 29 27
22 29
22 27


4836 22 29 27
22 29
22 27


4837 22 29 27
22 29
22 27


4838 22 29 27
22 29
22 27


4839 22 29 27
22 29
22 27


4840 22 29 27
22 29
22 27


4841 22 29 27
22 29
22 27


4842 22 29 27
22 29
22 27


4843 22 29 27
22 29
22 27


4844 22 29 27
22 29
22 27


4845 22 29 27
22 29
22 27


4846 22 29 27
22 29
22 27


4847 22 29 27
22 29
22 27


4848 22 29 27
22 29
22 27


4849 22 29 27
22 29
22 27


4850 22 29 27
22 29
22 27


4851 22 29 27
22 29
22 27


4852 22 29 27
22 29
22 27


4853 22 29 27
22 29
22 27


4854 22 29 27
22 29
22 27


4855 22 29 27
22 29
22 27


4856 22 29 27
22 29
22 27


4857 22 29 27
22 29
22 27


4858 22 29 27
22 29
22 27


4859 22 29 27
22 29
22 27


4860 22 29 27
22 29
22 27


4861 22 29 27
22 29
22 27


4862 22 29 27
22 29
22 27


4863 22 29 27
22 29
22 27


4864 22 29 27
22 29
22 27


4865 22 29 27
22 29
22 27


4866 22 29 27
22 29
22 27


4867 22 29 27
22 29
22 27


4868 22 29 27
22 29
22 27


4869 22 29 27
22 29
22 27


4870 22 29 27
22 29
22 27


4871 22 29 27
22 29
22 27


4872 22 29 27
22 29
22 27


4873 22 29 27
22 29
22 27


4874 22 29 27
22 29
22 27


4875 22 29 27
22 29
22 27


4876 22 29 27
22 29
22 27


4877 22 29 27
22 29
22 27


4878 22 29 27
22 29
22 27


4879 22 29 27
22 29
22 27


4880 22 29 27
22 29
22 27


4881 22 29 27
22 29
22 27


4882 22 29 27
22 29
22 27


4883 22 29 27
22 29
22 27


4884 22 29 27
22 29
22 27


4885 22 29 27
22 29
22 27


4886 22 29 27
22 29
22 27


4887 22 29 27
22 29
22 27


4888 22 29 27
22 29
22 27


4889 22 29 27
22 29
22 27


4890 22 29 27
22 29
22 27


4891 22 29 27
22 29
22 27


4892 22 29 27
22 29
22 27


4893 22 29 27
22 29
22 27


4894 22 29 27
22 29
22 27


4895 22 29 27
22 29
22 27


4896 22 29 27
22 29
22 27


4897 22 29 27
22 29
22 27


4898 22 29 27
22 29
22 27


4899 22 29 27
22 29
22 27


4900 22 29 27
22 29
22 27


4901 22 29 27
22 29
22 27


4902 22 29 27
22 29
22 27


4903 22 29 27
22 29
22 27


4904 22 29 27
22 29
22 27


4905 22 29 27
22 29
22 27


4906 22 29 27
22 29
22 27


4907 22 29 27
22 29
22 27


4908 22 29 27
22 29
22 27


4909 22 29 27
22 29
22 27


4910 22 29 27
22 29
22 27


4911 22 29 27
22 29
22 27


4912 22 29 27
22 29
22 27


4913 22 29 27
22 29
22 27


4914 22 29 27
22 29
22 27


4915 22 29 27
22 29
22 27


4916 22 29 27
22 29
22 27


4917 22 29 27
22 29
22 27


4918 22 29 27
22 29
22 27


4919 22 29 27
22 29
22 27


4920 22 29 27
22 29
22 27


4921 22 29 27
22 29
22 27


4922 22 29 27
22 29
22 27


4923 22 29 27
22 29
22 27


4924 22 29 27
22 29
22 27


4925 22 29 27
22 29
22 27


4926 22 29 27
22 29
22 27


4927 22 29 27
22 29
22 27


4928 22 29 27
22 29
22 27


4929 22 29 27
22 29
22 27


4930 22 29 27
22 29
22 27


4931 22 29 27
22 29
22 27


4932 22 29 27
22 29
22 27


4933 22 29 27
22 29
22 27


4934 22 29 27
22 29
22 27


4935 22 29 27
22 29
22 27


4936 22 29 27
22 29
22 27


4937 22 29 27
22 29
22 27


4938 22 29 27
22 29
22 27


4939 22 29 27
22 29
22 27


4940 22 29 27
22 29
22 27


4941 22 29 27
22 29
22 27


4942 22 29 27
22 29
22 27


4943 22 29 27
22 29
22 27


4944 22 29 27
22 29
22 27


4945 22 29 27
22 29
22 27


4946 22 29 27
22 29
22 27


4947 22 29 27
22 29
22 27


4948 22 29 27
22 29
22 27


4949 22 29 27
22 29
22 27


4950 22 29 27
22 29
22 27


4951 22 29 27
22 29
22 27


4952 22 29 27
22 29
22 27


4953 22 29 27
22 29
22 27


4954 22 29 27
22 29
22 27


4955 22 29 27
22 29
22 27


4956 22 29 27
22 29
22 27


6257 20 11 5
20 11
20 5


6258 20 11 5
20 11
20 5


6259 20 11 5
20 11
20 5


6260 20 11 5
20 11
20 5


6261 20 11 5
20 11
20 5


6262 20 11 5
20 11
20 5


6263 20 11 5
20 11
20 5


6264 20 11 5
20 11
20 5


6265 20 11 5
20 11
20 5


6266 20 11 5
20 11
20 5


6267 20 11 5
20 11
20 5


6268 20 11 5
20 11
20 5


6269 20 11 5
20 11
20 5


6270 20 11 5
20 11
20 5


6271 20 11 5
20 11
20 5


6272 20 11 5
20 11
20 5


6273 20 11 5
20 11
20 5


6274 20 11 5
20 11
20 5


6275 20 11 5
20 11
20 5


6276 20 11 5
20 11
20 5


6277 20 11 5
20 11
20 5


6278 20 11 5
20 11
20 5


6279 20 11 5
20 11
20 5


6280 20 11 5
20 11
20 5


6281 20 11 5
20 11
20 5


6282 20 11 5
20 11
20 5


6283 20 11 5
20 11
20 5


6284 20 11 5
20 11
20 5


6285 20 11 5
20 11
20 5


6286 20 11 5
20 11
20 5


6287 20 11 5
20 11
20 5


6288 20 11 5
20 11
20 5


6289 20 11 5
20 11
20 5


6290 20 11 5
20 11
20 5


6291 20 11 5
20 11
20 5


6292 20 11 5
20 11
20 5


6293 20 11 5
20 11
20 5


6294 20 11 5
20 11
20 5


6295 20 11 5
20 11
20 5


6296 20 11 5
20 11
20 5


6297 20 11 5
20 11
20 5


6298 20 11 5
20 11
20 5


6299 20 11 5
20 11
20 5


6300 20 11 5
20 11
20 5


6301 20 11 5
20 11
20 5


6302 20 11 5
20 11
20 5


6303 20 11 5
20 11
20 5


6304 20 11 5
20 11
20 5


6305 20 11 5
20 11
20 5


6306 20 11 5
20 11
20 5


6307 20 11 5
20 11
20 5


6308 20 11 5
20 11
20 5


6309 20 11 5
20 11
20 5


6310 20 11 5
20 11
20 5


6311 20 11 5
20 11
20 5


6312 20 11 5
20 11
20 5


6313 20 11 5
20 11
20 5


6314 20 11 5
20 11
20 5


6315 20 11 5
20 11
20 5


6316 20 11 5
20 11
20 5


6317 20 11 5
20 11
20 5


6318 20 11 5
20 11
20 5


6319 20 11 5
20 11
20 5


6320 20 11 5
20 11
20 5


6321 20 11 5
20 11
20 5


6322 20 11 5
20 11
20 5


6323 20 11 5
20 11
20 5


6324 20 11 5
20 11
20 5


6325 20 11 5
20 11
20 5


6326 20 11 5
20 11
20 5


6327 20 11 5
20 11
20 5


6328 20 11 5
20 11
20 5


6329 20 11 5
20 11
20 5


6330 20 11 5
20 11
20 5


6331 20 11 5
20 11
20 5


6332 20 11 5
20 11
20 5


6333 20 11 5
20 11
20 5


6334 20 11 5
20 11
20 5


6335 20 11 5
20 11
20 5


6336 20 11 5
20 11
20 5


6337 20 11 5
20 11
20 5


6338 20 11 5
20 11
20 5


6339 20 11 5
20 11
20 5


6340 20 11 5
20 11
20 5


6341 20 11 5
20 11
20 5


6342 20 11 5
20 11
20 5


6343 20 11 5
20 11
20 5


6344 20 11 5
20 11
20 5


6345 20 11 5
20 11
20 5


6346 20 11 5
20 11
20 5


6347 20 11 5
20 11
20 5


6348 20 11 5
20 11
20 5


6349 20 11 5
20 11
20 5


6350 20 11 5
20 11
20 5


6351 20 11 5
20 11
20 5


6352 20 11 5
20 11
20 5


6353 20 11 5
20 11
20 5


6354 20 11 5
20 11
20 5


6355 20 11 5
20 11
20 5


6356 20 11 5
20 11
20 5


6357 20 11 5
20 11
20 5


6358 20 11 5
20 11
20 5


6359 20 11 5
20 11
20 5


6360 20 11 5
20 11
20 5


6361 20 11 5
20 11
20 5


6362 20 11 5
20 11
20 5


6363 20 11 5
20 11
20 5


6364 20 11 5
20 11
20 5


6365 20 11 5
20 11
20 5


6366 20 11 5
20 11
20 5


6367 20 11 5
20 11
20 5


6368 20 11 5
20 11
20 5


6369 20 11 5
20 11
20 5


6370 20 11 5
20 11
20 5


6371 20 11 5
20 11
20 5


6372 20 11 5
20 11
20 5


6373 20 11 5
20 11
20 5


6374 20 11 5
20 11
20 5


6375 20 11 5
20 11
20 5


6376 20 11 5
20 11
20 5


6377 20 11 5
20 11
20 5


6378 20 11 5
20 11
20 5


6379 20 11 5
20 11
20 5


6380 20 11 5
20 11
20 5


6381 20 11 5
20 11
20 5


6382 20 11 5
20 11
20 5


6383 20 11 5
20 11
20 5


6384 20 11 5
20 11
20 5


