0 8 16 17
8 16
8 17


1 8 16 17
8 16
8 17


2 8 16 17
8 16
8 17


3 8 16 17
8 16
8 17


4 8 16 17
8 16
8 17


5 8 16 17
8 16
8 17


6 8 16 17
8 16
8 17


7 8 16 17
8 16
8 17


8 8 16 17
8 16
8 17


9 8 16 17
8 16
8 17


10 8 16 17
8 16
8 17


11 8 16 17
8 16
8 17


12 8 16 17
8 16
8 17


13 8 16 17
8 16
8 17


14 8 16 17
8 16
8 17


15 8 16 17
8 16
8 17


16 8 16 17
8 16
8 17


17 8 16 17
8 16
8 17


18 8 16 17
8 16
8 17


19 8 16 17
8 16
8 17


20 8 16 17
8 16
8 17


21 8 16 17
8 16
8 17


22 8 16 17
8 16
8 17


23 8 16 17
8 16
8 17


24 8 16 17
8 16
8 17


25 8 16 17
8 16
8 17


26 8 16 17
8 16
8 17


27 8 16 17
8 16
8 17


28 8 16 17
8 16
8 17


29 8 16 17
8 16
8 17


30 8 16 17
8 16
8 17


31 8 16 17
8 16
8 17


32 8 16 17
8 16
8 17


33 8 16 17
8 16
8 17


34 8 16 17
8 16
8 17


35 8 16 17
8 16
8 17


36 8 16 17
8 16
8 17


37 8 16 17
8 16
8 17


38 8 16 17
8 16
8 17


39 8 16 17
8 16
8 17


40 8 16 17
8 16
8 17


41 8 16 17
8 16
8 17


42 8 16 17
8 16
8 17


43 8 16 17
8 16
8 17


44 8 16 17
8 16
8 17


45 8 16 17
8 16
8 17


46 8 16 17
8 16
8 17


47 8 16 17
8 16
8 17


48 8 16 17
8 16
8 17


49 8 16 17
8 16
8 17


50 8 16 17
8 16
8 17


51 8 16 17
8 16
8 17


52 8 16 17
8 16
8 17


53 8 16 17
8 16
8 17


54 8 16 17
8 16
8 17


55 8 16 17
8 16
8 17


56 8 16 17
8 16
8 17


57 8 16 17
8 16
8 17


58 8 16 17
8 16
8 17


59 8 16 17
8 16
8 17


60 8 16 17
8 16
8 17


61 8 16 17
8 16
8 17


62 8 16 17
8 16
8 17


63 8 16 17
8 16
8 17


324 0 2 3
0 2
0 3


325 0 2 3
0 2
0 3


326 0 2 3
0 2
0 3


327 0 2 3
0 2
0 3


328 0 2 3
0 2
0 3


329 0 2 3
0 2
0 3


330 0 2 3
0 2
0 3


331 0 2 3
0 2
0 3


332 0 2 3
0 2
0 3


333 0 2 3
0 2
0 3


334 0 2 3
0 2
0 3


335 0 2 3
0 2
0 3


336 0 2 3
0 2
0 3


337 0 2 3
0 2
0 3


338 0 2 3
0 2
0 3


339 0 2 3
0 2
0 3


340 0 2 3
0 2
0 3


341 0 2 3
0 2
0 3


342 0 2 3
0 2
0 3


343 0 2 3
0 2
0 3


344 0 2 3
0 2
0 3


345 0 2 3
0 2
0 3


346 0 2 3
0 2
0 3


347 0 2 3
0 2
0 3


348 0 2 3
0 2
0 3


349 0 2 3
0 2
0 3


350 0 2 3
0 2
0 3


351 0 2 3
0 2
0 3


352 0 2 3
0 2
0 3


353 0 2 3
0 2
0 3


354 0 2 3
0 2
0 3


355 0 2 3
0 2
0 3


356 0 2 3
0 2
0 3


357 0 2 3
0 2
0 3


358 0 2 3
0 2
0 3


359 0 2 3
0 2
0 3


360 0 2 3
0 2
0 3


361 0 2 3
0 2
0 3


362 0 2 3
0 2
0 3


363 0 2 3
0 2
0 3


364 0 2 3
0 2
0 3


365 0 2 3
0 2
0 3


366 0 2 3
0 2
0 3


367 0 2 3
0 2
0 3


368 0 2 3
0 2
0 3


369 0 2 3
0 2
0 3


370 0 2 3
0 2
0 3


371 0 2 3
0 2
0 3


372 0 2 3
0 2
0 3


373 0 2 3
0 2
0 3


374 0 2 3
0 2
0 3


375 0 2 3
0 2
0 3


376 0 2 3
0 2
0 3


377 0 2 3
0 2
0 3


378 0 2 3
0 2
0 3


379 0 2 3
0 2
0 3


380 0 2 3
0 2
0 3


381 0 2 3
0 2
0 3


382 0 2 3
0 2
0 3


383 0 2 3
0 2
0 3


384 0 2 3
0 2
0 3


385 0 2 3
0 2
0 3


386 0 2 3
0 2
0 3


387 0 2 3
0 2
0 3


648 1 18 34
1 18
1 34


649 1 18 34
1 18
1 34


650 1 18 34
1 18
1 34


651 1 18 34
1 18
1 34


652 1 18 34
1 18
1 34


653 1 18 34
1 18
1 34


654 1 18 34
1 18
1 34


655 1 18 34
1 18
1 34


656 1 18 34
1 18
1 34


657 1 18 34
1 18
1 34


658 1 18 34
1 18
1 34


659 1 18 34
1 18
1 34


660 1 18 34
1 18
1 34


661 1 18 34
1 18
1 34


662 1 18 34
1 18
1 34


663 1 18 34
1 18
1 34


664 1 18 34
1 18
1 34


665 1 18 34
1 18
1 34


666 1 18 34
1 18
1 34


667 1 18 34
1 18
1 34


668 1 18 34
1 18
1 34


669 1 18 34
1 18
1 34


670 1 18 34
1 18
1 34


671 1 18 34
1 18
1 34


672 1 18 34
1 18
1 34


673 1 18 34
1 18
1 34


674 1 18 34
1 18
1 34


675 1 18 34
1 18
1 34


676 1 18 34
1 18
1 34


677 1 18 34
1 18
1 34


678 1 18 34
1 18
1 34


679 1 18 34
1 18
1 34


680 1 18 34
1 18
1 34


681 1 18 34
1 18
1 34


682 1 18 34
1 18
1 34


683 1 18 34
1 18
1 34


684 1 18 34
1 18
1 34


685 1 18 34
1 18
1 34


686 1 18 34
1 18
1 34


687 1 18 34
1 18
1 34


688 1 18 34
1 18
1 34


689 1 18 34
1 18
1 34


690 1 18 34
1 18
1 34


691 1 18 34
1 18
1 34


692 1 18 34
1 18
1 34


693 1 18 34
1 18
1 34


694 1 18 34
1 18
1 34


695 1 18 34
1 18
1 34


696 1 18 34
1 18
1 34


697 1 18 34
1 18
1 34


698 1 18 34
1 18
1 34


699 1 18 34
1 18
1 34


700 1 18 34
1 18
1 34


701 1 18 34
1 18
1 34


702 1 18 34
1 18
1 34


703 1 18 34
1 18
1 34


704 1 18 34
1 18
1 34


705 1 18 34
1 18
1 34


706 1 18 34
1 18
1 34


707 1 18 34
1 18
1 34


708 1 18 34
1 18
1 34


709 1 18 34
1 18
1 34


710 1 18 34
1 18
1 34


711 1 18 34
1 18
1 34


972 19 51 50
19 51
19 50


973 19 51 50
19 51
19 50


974 19 51 50
19 51
19 50


975 19 51 50
19 51
19 50


976 19 51 50
19 51
19 50


977 19 51 50
19 51
19 50


978 19 51 50
19 51
19 50


979 19 51 50
19 51
19 50


980 19 51 50
19 51
19 50


981 19 51 50
19 51
19 50


982 19 51 50
19 51
19 50


983 19 51 50
19 51
19 50


984 19 51 50
19 51
19 50


985 19 51 50
19 51
19 50


986 19 51 50
19 51
19 50


987 19 51 50
19 51
19 50


988 19 51 50
19 51
19 50


989 19 51 50
19 51
19 50


990 19 51 50
19 51
19 50


991 19 51 50
19 51
19 50


992 19 51 50
19 51
19 50


993 19 51 50
19 51
19 50


994 19 51 50
19 51
19 50


995 19 51 50
19 51
19 50


996 19 51 50
19 51
19 50


997 19 51 50
19 51
19 50


998 19 51 50
19 51
19 50


999 19 51 50
19 51
19 50


1000 19 51 50
19 51
19 50


1001 19 51 50
19 51
19 50


1002 19 51 50
19 51
19 50


1003 19 51 50
19 51
19 50


1004 19 51 50
19 51
19 50


1005 19 51 50
19 51
19 50


1006 19 51 50
19 51
19 50


1007 19 51 50
19 51
19 50


1008 19 51 50
19 51
19 50


1009 19 51 50
19 51
19 50


1010 19 51 50
19 51
19 50


1011 19 51 50
19 51
19 50


1012 19 51 50
19 51
19 50


1013 19 51 50
19 51
19 50


1014 19 51 50
19 51
19 50


1015 19 51 50
19 51
19 50


1016 19 51 50
19 51
19 50


1017 19 51 50
19 51
19 50


1018 19 51 50
19 51
19 50


1019 19 51 50
19 51
19 50


1020 19 51 50
19 51
19 50


1021 19 51 50
19 51
19 50


1022 19 51 50
19 51
19 50


1023 19 51 50
19 51
19 50


1024 19 51 50
19 51
19 50


1025 19 51 50
19 51
19 50


1026 19 51 50
19 51
19 50


1027 19 51 50
19 51
19 50


1028 19 51 50
19 51
19 50


1029 19 51 50
19 51
19 50


1030 19 51 50
19 51
19 50


1031 19 51 50
19 51
19 50


1032 19 51 50
19 51
19 50


1033 19 51 50
19 51
19 50


1034 19 51 50
19 51
19 50


1035 19 51 50
19 51
19 50


1296 35 33 32
35 33
35 32


1297 35 33 32
35 33
35 32


1298 35 33 32
35 33
35 32


1299 35 33 32
35 33
35 32


1300 35 33 32
35 33
35 32


1301 35 33 32
35 33
35 32


1302 35 33 32
35 33
35 32


1303 35 33 32
35 33
35 32


1304 35 33 32
35 33
35 32


1305 35 33 32
35 33
35 32


1306 35 33 32
35 33
35 32


1307 35 33 32
35 33
35 32


1308 35 33 32
35 33
35 32


1309 35 33 32
35 33
35 32


1310 35 33 32
35 33
35 32


1311 35 33 32
35 33
35 32


1312 35 33 32
35 33
35 32


1313 35 33 32
35 33
35 32


1314 35 33 32
35 33
35 32


1315 35 33 32
35 33
35 32


1316 35 33 32
35 33
35 32


1317 35 33 32
35 33
35 32


1318 35 33 32
35 33
35 32


1319 35 33 32
35 33
35 32


1320 35 33 32
35 33
35 32


1321 35 33 32
35 33
35 32


1322 35 33 32
35 33
35 32


1323 35 33 32
35 33
35 32


1324 35 33 32
35 33
35 32


1325 35 33 32
35 33
35 32


1326 35 33 32
35 33
35 32


1327 35 33 32
35 33
35 32


1328 35 33 32
35 33
35 32


1329 35 33 32
35 33
35 32


1330 35 33 32
35 33
35 32


1331 35 33 32
35 33
35 32


1332 35 33 32
35 33
35 32


1333 35 33 32
35 33
35 32


1334 35 33 32
35 33
35 32


1335 35 33 32
35 33
35 32


1336 35 33 32
35 33
35 32


1337 35 33 32
35 33
35 32


1338 35 33 32
35 33
35 32


1339 35 33 32
35 33
35 32


1340 35 33 32
35 33
35 32


1341 35 33 32
35 33
35 32


1342 35 33 32
35 33
35 32


1343 35 33 32
35 33
35 32


1344 35 33 32
35 33
35 32


1345 35 33 32
35 33
35 32


1346 35 33 32
35 33
35 32


1347 35 33 32
35 33
35 32


1348 35 33 32
35 33
35 32


1349 35 33 32
35 33
35 32


1350 35 33 32
35 33
35 32


1351 35 33 32
35 33
35 32


1352 35 33 32
35 33
35 32


1353 35 33 32
35 33
35 32


1354 35 33 32
35 33
35 32


1355 35 33 32
35 33
35 32


1356 35 33 32
35 33
35 32


1357 35 33 32
35 33
35 32


1358 35 33 32
35 33
35 32


1359 35 33 32
35 33
35 32


1360 35 33 32
35 33
35 32


1361 35 33 32
35 33
35 32


1362 35 33 32
35 33
35 32


1363 35 33 32
35 33
35 32


1364 35 33 32
35 33
35 32


1365 35 33 32
35 33
35 32


1366 35 33 32
35 33
35 32


1367 35 33 32
35 33
35 32


1368 35 33 32
35 33
35 32


1369 35 33 32
35 33
35 32


1370 35 33 32
35 33
35 32


1371 35 33 32
35 33
35 32


1372 35 33 32
35 33
35 32


1373 35 33 32
35 33
35 32


1374 35 33 32
35 33
35 32


1375 35 33 32
35 33
35 32


1376 35 33 32
35 33
35 32


1377 35 33 32
35 33
35 32


1378 35 33 32
35 33
35 32


1379 35 33 32
35 33
35 32


1380 35 33 32
35 33
35 32


1381 35 33 32
35 33
35 32


1382 35 33 32
35 33
35 32


1383 35 33 32
35 33
35 32


1384 35 33 32
35 33
35 32


1385 35 33 32
35 33
35 32


1386 35 33 32
35 33
35 32


1387 35 33 32
35 33
35 32


1388 35 33 32
35 33
35 32


1389 35 33 32
35 33
35 32


1390 35 33 32
35 33
35 32


1391 35 33 32
35 33
35 32


1392 35 33 32
35 33
35 32


1393 35 33 32
35 33
35 32


1394 35 33 32
35 33
35 32


1395 35 33 32
35 33
35 32


1396 35 33 32
35 33
35 32


1397 35 33 32
35 33
35 32


1398 35 33 32
35 33
35 32


1399 35 33 32
35 33
35 32


1400 35 33 32
35 33
35 32


1401 35 33 32
35 33
35 32


1402 35 33 32
35 33
35 32


1403 35 33 32
35 33
35 32


1404 35 33 32
35 33
35 32


1405 35 33 32
35 33
35 32


1406 35 33 32
35 33
35 32


1407 35 33 32
35 33
35 32


1408 35 33 32
35 33
35 32


1409 35 33 32
35 33
35 32


1410 35 33 32
35 33
35 32


1411 35 33 32
35 33
35 32


1412 35 33 32
35 33
35 32


1413 35 33 32
35 33
35 32


1414 35 33 32
35 33
35 32


1415 35 33 32
35 33
35 32


1416 35 33 32
35 33
35 32


1417 35 33 32
35 33
35 32


1418 35 33 32
35 33
35 32


1419 35 33 32
35 33
35 32


1420 35 33 32
35 33
35 32


1421 35 33 32
35 33
35 32


1422 35 33 32
35 33
35 32


1423 35 33 32
35 33
35 32


1424 35 33 32
35 33
35 32


1425 35 33 32
35 33
35 32


1426 35 33 32
35 33
35 32


1427 35 33 32
35 33
35 32


1428 35 33 32
35 33
35 32


1429 35 33 32
35 33
35 32


1430 35 33 32
35 33
35 32


1431 35 33 32
35 33
35 32


1432 35 33 32
35 33
35 32


1433 35 33 32
35 33
35 32


1434 35 33 32
35 33
35 32


1435 35 33 32
35 33
35 32


1436 35 33 32
35 33
35 32


1437 35 33 32
35 33
35 32


1438 35 33 32
35 33
35 32


1439 35 33 32
35 33
35 32


1440 35 33 32
35 33
35 32


1441 35 33 32
35 33
35 32


1442 35 33 32
35 33
35 32


1443 35 33 32
35 33
35 32


1444 35 33 32
35 33
35 32


1445 35 33 32
35 33
35 32


1446 35 33 32
35 33
35 32


1447 35 33 32
35 33
35 32


1448 35 33 32
35 33
35 32


1449 35 33 32
35 33
35 32


1450 35 33 32
35 33
35 32


1451 35 33 32
35 33
35 32


1452 35 33 32
35 33
35 32


1453 35 33 32
35 33
35 32


1454 35 33 32
35 33
35 32


1455 35 33 32
35 33
35 32


1456 35 33 32
35 33
35 32


1457 35 33 32
35 33
35 32


1458 35 33 32
35 33
35 32


1459 35 33 32
35 33
35 32


1460 35 33 32
35 33
35 32


1461 35 33 32
35 33
35 32


1462 35 33 32
35 33
35 32


1463 35 33 32
35 33
35 32


1464 35 33 32
35 33
35 32


1465 35 33 32
35 33
35 32


1466 35 33 32
35 33
35 32


1467 35 33 32
35 33
35 32


1468 35 33 32
35 33
35 32


1469 35 33 32
35 33
35 32


1470 35 33 32
35 33
35 32


1471 35 33 32
35 33
35 32


1472 35 33 32
35 33
35 32


1473 35 33 32
35 33
35 32


1474 35 33 32
35 33
35 32


1475 35 33 32
35 33
35 32


1476 35 33 32
35 33
35 32


1477 35 33 32
35 33
35 32


1478 35 33 32
35 33
35 32


1479 35 33 32
35 33
35 32


1480 35 33 32
35 33
35 32


1481 35 33 32
35 33
35 32


1482 35 33 32
35 33
35 32


1483 35 33 32
35 33
35 32


1484 35 33 32
35 33
35 32


1485 35 33 32
35 33
35 32


1486 35 33 32
35 33
35 32


1487 35 33 32
35 33
35 32


1488 35 33 32
35 33
35 32


1489 35 33 32
35 33
35 32


1490 35 33 32
35 33
35 32


1491 35 33 32
35 33
35 32


1492 35 33 32
35 33
35 32


1493 35 33 32
35 33
35 32


1494 35 33 32
35 33
35 32


1495 35 33 32
35 33
35 32


1496 35 33 32
35 33
35 32


1497 35 33 32
35 33
35 32


1498 35 33 32
35 33
35 32


1499 35 33 32
35 33
35 32


1500 35 33 32
35 33
35 32


1501 35 33 32
35 33
35 32


1502 35 33 32
35 33
35 32


1503 35 33 32
35 33
35 32


1504 35 33 32
35 33
35 32


1505 35 33 32
35 33
35 32


1506 35 33 32
35 33
35 32


1507 35 33 32
35 33
35 32


1508 35 33 32
35 33
35 32


1509 35 33 32
35 33
35 32


1510 35 33 32
35 33
35 32


1511 35 33 32
35 33
35 32


1512 35 33 32
35 33
35 32


1513 35 33 32
35 33
35 32


1514 35 33 32
35 33
35 32


1515 35 33 32
35 33
35 32


1516 35 33 32
35 33
35 32


1517 35 33 32
35 33
35 32


1518 35 33 32
35 33
35 32


1519 35 33 32
35 33
35 32


1520 35 33 32
35 33
35 32


1521 35 33 32
35 33
35 32


1522 35 33 32
35 33
35 32


1523 35 33 32
35 33
35 32


1524 35 33 32
35 33
35 32


1525 35 33 32
35 33
35 32


1526 35 33 32
35 33
35 32


1527 35 33 32
35 33
35 32


1528 35 33 32
35 33
35 32


1529 35 33 32
35 33
35 32


1530 35 33 32
35 33
35 32


1531 35 33 32
35 33
35 32


1532 35 33 32
35 33
35 32


1533 35 33 32
35 33
35 32


1534 35 33 32
35 33
35 32


1535 35 33 32
35 33
35 32


1536 35 33 32
35 33
35 32


1537 35 33 32
35 33
35 32


1538 35 33 32
35 33
35 32


1539 35 33 32
35 33
35 32


1540 35 33 32
35 33
35 32


1541 35 33 32
35 33
35 32


1542 35 33 32
35 33
35 32


1543 35 33 32
35 33
35 32


1544 35 33 32
35 33
35 32


1545 35 33 32
35 33
35 32


1546 35 33 32
35 33
35 32


1547 35 33 32
35 33
35 32


1548 35 33 32
35 33
35 32


1549 35 33 32
35 33
35 32


1550 35 33 32
35 33
35 32


1551 35 33 32
35 33
35 32


2580 49 64 65
49 64
49 65


2581 49 64 65
49 64
49 65


2582 49 64 65
49 64
49 65


2583 49 64 65
49 64
49 65


2584 49 64 65
49 64
49 65


2585 49 64 65
49 64
49 65


2586 49 64 65
49 64
49 65


2587 49 64 65
49 64
49 65


2588 49 64 65
49 64
49 65


2589 49 64 65
49 64
49 65


2590 49 64 65
49 64
49 65


2591 49 64 65
49 64
49 65


2592 49 64 65
49 64
49 65


2593 49 64 65
49 64
49 65


2594 49 64 65
49 64
49 65


2595 49 64 65
49 64
49 65


2596 49 64 65
49 64
49 65


2597 49 64 65
49 64
49 65


2598 49 64 65
49 64
49 65


2599 49 64 65
49 64
49 65


2600 49 64 65
49 64
49 65


2601 49 64 65
49 64
49 65


2602 49 64 65
49 64
49 65


2603 49 64 65
49 64
49 65


2604 49 64 65
49 64
49 65


2605 49 64 65
49 64
49 65


2606 49 64 65
49 64
49 65


2607 49 64 65
49 64
49 65


2608 49 64 65
49 64
49 65


2609 49 64 65
49 64
49 65


2610 49 64 65
49 64
49 65


2611 49 64 65
49 64
49 65


2612 49 64 65
49 64
49 65


2613 49 64 65
49 64
49 65


2614 49 64 65
49 64
49 65


2615 49 64 65
49 64
49 65


2616 49 64 65
49 64
49 65


2617 49 64 65
49 64
49 65


2618 49 64 65
49 64
49 65


2619 49 64 65
49 64
49 65


2620 49 64 65
49 64
49 65


2621 49 64 65
49 64
49 65


2622 49 64 65
49 64
49 65


2623 49 64 65
49 64
49 65


2624 49 64 65
49 64
49 65


2625 49 64 65
49 64
49 65


2626 49 64 65
49 64
49 65


2627 49 64 65
49 64
49 65


2628 49 64 65
49 64
49 65


2629 49 64 65
49 64
49 65


2630 49 64 65
49 64
49 65


2631 49 64 65
49 64
49 65


2632 49 64 65
49 64
49 65


2633 49 64 65
49 64
49 65


2634 49 64 65
49 64
49 65


2635 49 64 65
49 64
49 65


2636 49 64 65
49 64
49 65


2637 49 64 65
49 64
49 65


2638 49 64 65
49 64
49 65


2639 49 64 65
49 64
49 65


2640 49 64 65
49 64
49 65


2641 49 64 65
49 64
49 65


2642 49 64 65
49 64
49 65


2643 49 64 65
49 64
49 65


2644 49 64 65
49 64
49 65


2645 49 64 65
49 64
49 65


2646 49 64 65
49 64
49 65


2647 49 64 65
49 64
49 65


2648 49 64 65
49 64
49 65


2649 49 64 65
49 64
49 65


2650 49 64 65
49 64
49 65


2651 49 64 65
49 64
49 65


2652 49 64 65
49 64
49 65


2653 49 64 65
49 64
49 65


2654 49 64 65
49 64
49 65


2655 49 64 65
49 64
49 65


2656 49 64 65
49 64
49 65


2657 49 64 65
49 64
49 65


2658 49 64 65
49 64
49 65


2659 49 64 65
49 64
49 65


2660 49 64 65
49 64
49 65


2661 49 64 65
49 64
49 65


2662 49 64 65
49 64
49 65


2663 49 64 65
49 64
49 65


2664 49 64 65
49 64
49 65


2665 49 64 65
49 64
49 65


2666 49 64 65
49 64
49 65


2667 49 64 65
49 64
49 65


2668 49 64 65
49 64
49 65


2669 49 64 65
49 64
49 65


2670 49 64 65
49 64
49 65


2671 49 64 65
49 64
49 65


2672 49 64 65
49 64
49 65


2673 49 64 65
49 64
49 65


2674 49 64 65
49 64
49 65


2675 49 64 65
49 64
49 65


2676 49 64 65
49 64
49 65


2677 49 64 65
49 64
49 65


2678 49 64 65
49 64
49 65


2679 49 64 65
49 64
49 65


2680 49 64 65
49 64
49 65


2681 49 64 65
49 64
49 65


2682 49 64 65
49 64
49 65


2683 49 64 65
49 64
49 65


2684 49 64 65
49 64
49 65


2685 49 64 65
49 64
49 65


2686 49 64 65
49 64
49 65


2687 49 64 65
49 64
49 65


2688 49 64 65
49 64
49 65


2689 49 64 65
49 64
49 65


2690 49 64 65
49 64
49 65


2691 49 64 65
49 64
49 65


2692 49 64 65
49 64
49 65


2693 49 64 65
49 64
49 65


2694 49 64 65
49 64
49 65


2695 49 64 65
49 64
49 65


2696 49 64 65
49 64
49 65


2697 49 64 65
49 64
49 65


2698 49 64 65
49 64
49 65


2699 49 64 65
49 64
49 65


2700 49 64 65
49 64
49 65


2701 49 64 65
49 64
49 65


2702 49 64 65
49 64
49 65


2703 49 64 65
49 64
49 65


2704 49 64 65
49 64
49 65


2705 49 64 65
49 64
49 65


2706 49 64 65
49 64
49 65


2707 49 64 65
49 64
49 65


2708 49 64 65
49 64
49 65


2709 49 64 65
49 64
49 65


2710 49 64 65
49 64
49 65


2711 49 64 65
49 64
49 65


2712 49 64 65
49 64
49 65


2713 49 64 65
49 64
49 65


2714 49 64 65
49 64
49 65


2715 49 64 65
49 64
49 65


2716 49 64 65
49 64
49 65


2717 49 64 65
49 64
49 65


2718 49 64 65
49 64
49 65


2719 49 64 65
49 64
49 65


2720 49 64 65
49 64
49 65


2721 49 64 65
49 64
49 65


2722 49 64 65
49 64
49 65


2723 49 64 65
49 64
49 65


2724 49 64 65
49 64
49 65


2725 49 64 65
49 64
49 65


2726 49 64 65
49 64
49 65


2727 49 64 65
49 64
49 65


2728 49 64 65
49 64
49 65


2729 49 64 65
49 64
49 65


2730 49 64 65
49 64
49 65


2731 49 64 65
49 64
49 65


2732 49 64 65
49 64
49 65


2733 49 64 65
49 64
49 65


2734 49 64 65
49 64
49 65


2735 49 64 65
49 64
49 65


2736 49 64 65
49 64
49 65


2737 49 64 65
49 64
49 65


2738 49 64 65
49 64
49 65


2739 49 64 65
49 64
49 65


2740 49 64 65
49 64
49 65


2741 49 64 65
49 64
49 65


2742 49 64 65
49 64
49 65


2743 49 64 65
49 64
49 65


2744 49 64 65
49 64
49 65


2745 49 64 65
49 64
49 65


2746 49 64 65
49 64
49 65


2747 49 64 65
49 64
49 65


2748 49 64 65
49 64
49 65


2749 49 64 65
49 64
49 65


2750 49 64 65
49 64
49 65


2751 49 64 65
49 64
49 65


2752 49 64 65
49 64
49 65


2753 49 64 65
49 64
49 65


2754 49 64 65
49 64
49 65


2755 49 64 65
49 64
49 65


2756 49 64 65
49 64
49 65


2757 49 64 65
49 64
49 65


2758 49 64 65
49 64
49 65


2759 49 64 65
49 64
49 65


2760 49 64 65
49 64
49 65


2761 49 64 65
49 64
49 65


2762 49 64 65
49 64
49 65


2763 49 64 65
49 64
49 65


2764 49 64 65
49 64
49 65


2765 49 64 65
49 64
49 65


2766 49 64 65
49 64
49 65


2767 49 64 65
49 64
49 65


2768 49 64 65
49 64
49 65


2769 49 64 65
49 64
49 65


2770 49 64 65
49 64
49 65


2771 49 64 65
49 64
49 65


2772 49 64 65
49 64
49 65


2773 49 64 65
49 64
49 65


2774 49 64 65
49 64
49 65


2775 49 64 65
49 64
49 65


2776 49 64 65
49 64
49 65


2777 49 64 65
49 64
49 65


2778 49 64 65
49 64
49 65


2779 49 64 65
49 64
49 65


2780 49 64 65
49 64
49 65


2781 49 64 65
49 64
49 65


2782 49 64 65
49 64
49 65


2783 49 64 65
49 64
49 65


2784 49 64 65
49 64
49 65


2785 49 64 65
49 64
49 65


2786 49 64 65
49 64
49 65


2787 49 64 65
49 64
49 65


2788 49 64 65
49 64
49 65


2789 49 64 65
49 64
49 65


2790 49 64 65
49 64
49 65


2791 49 64 65
49 64
49 65


2792 49 64 65
49 64
49 65


2793 49 64 65
49 64
49 65


2794 49 64 65
49 64
49 65


2795 49 64 65
49 64
49 65


2796 49 64 65
49 64
49 65


2797 49 64 65
49 64
49 65


2798 49 64 65
49 64
49 65


2799 49 64 65
49 64
49 65


2800 49 64 65
49 64
49 65


2801 49 64 65
49 64
49 65


2802 49 64 65
49 64
49 65


2803 49 64 65
49 64
49 65


2804 49 64 65
49 64
49 65


2805 49 64 65
49 64
49 65


2806 49 64 65
49 64
49 65


2807 49 64 65
49 64
49 65


2808 49 64 65
49 64
49 65


2809 49 64 65
49 64
49 65


2810 49 64 65
49 64
49 65


2811 49 64 65
49 64
49 65


2812 49 64 65
49 64
49 65


2813 49 64 65
49 64
49 65


2814 49 64 65
49 64
49 65


2815 49 64 65
49 64
49 65


2816 49 64 65
49 64
49 65


2817 49 64 65
49 64
49 65


2818 49 64 65
49 64
49 65


2819 49 64 65
49 64
49 65


2820 49 64 65
49 64
49 65


2821 49 64 65
49 64
49 65


2822 49 64 65
49 64
49 65


2823 49 64 65
49 64
49 65


2824 49 64 65
49 64
49 65


2825 49 64 65
49 64
49 65


2826 49 64 65
49 64
49 65


2827 49 64 65
49 64
49 65


2828 49 64 65
49 64
49 65


2829 49 64 65
49 64
49 65


2830 49 64 65
49 64
49 65


2831 49 64 65
49 64
49 65


2832 49 64 65
49 64
49 65


2833 49 64 65
49 64
49 65


2834 49 64 65
49 64
49 65


2835 49 64 65
49 64
49 65


2836 49 64 65
49 64
49 65


2837 49 64 65
49 64
49 65


2838 49 64 65
49 64
49 65


2839 49 64 65
49 64
49 65


2840 49 64 65
49 64
49 65


2841 49 64 65
49 64
49 65


2842 49 64 65
49 64
49 65


2843 49 64 65
49 64
49 65


2844 49 64 65
49 64
49 65


2845 49 64 65
49 64
49 65


2846 49 64 65
49 64
49 65


2847 49 64 65
49 64
49 65


2848 49 64 65
49 64
49 65


2849 49 64 65
49 64
49 65


2850 49 64 65
49 64
49 65


2851 49 64 65
49 64
49 65


2852 49 64 65
49 64
49 65


2853 49 64 65
49 64
49 65


2854 49 64 65
49 64
49 65


2855 49 64 65
49 64
49 65


2856 49 64 65
49 64
49 65


2857 49 64 65
49 64
49 65


2858 49 64 65
49 64
49 65


2859 49 64 65
49 64
49 65


2860 49 64 65
49 64
49 65


2861 49 64 65
49 64
49 65


2862 49 64 65
49 64
49 65


2863 49 64 65
49 64
49 65


2864 49 64 65
49 64
49 65


2865 49 64 65
49 64
49 65


2866 49 64 65
49 64
49 65


2867 49 64 65
49 64
49 65


2868 49 64 65
49 64
49 65


2869 49 64 65
49 64
49 65


2870 49 64 65
49 64
49 65


2871 49 64 65
49 64
49 65


2872 49 64 65
49 64
49 65


2873 49 64 65
49 64
49 65


2874 49 64 65
49 64
49 65


2875 49 64 65
49 64
49 65


2876 49 64 65
49 64
49 65


2877 49 64 65
49 64
49 65


2878 49 64 65
49 64
49 65


2879 49 64 65
49 64
49 65


2880 49 64 65
49 64
49 65


2881 49 64 65
49 64
49 65


2882 49 64 65
49 64
49 65


2883 49 64 65
49 64
49 65


2884 49 64 65
49 64
49 65


2885 49 64 65
49 64
49 65


2886 49 64 65
49 64
49 65


2887 49 64 65
49 64
49 65


2888 49 64 65
49 64
49 65


2889 49 64 65
49 64
49 65


2890 49 64 65
49 64
49 65


2891 49 64 65
49 64
49 65


2892 49 64 65
49 64
49 65


2893 49 64 65
49 64
49 65


2894 49 64 65
49 64
49 65


2895 49 64 65
49 64
49 65


2896 49 64 65
49 64
49 65


2897 49 64 65
49 64
49 65


2898 49 64 65
49 64
49 65


2899 49 64 65
49 64
49 65


2900 49 64 65
49 64
49 65


2901 49 64 65
49 64
49 65


2902 49 64 65
49 64
49 65


2903 49 64 65
49 64
49 65


2904 49 64 65
49 64
49 65


2905 49 64 65
49 64
49 65


2906 49 64 65
49 64
49 65


2907 49 64 65
49 64
49 65


2908 49 64 65
49 64
49 65


2909 49 64 65
49 64
49 65


2910 49 64 65
49 64
49 65


2911 49 64 65
49 64
49 65


2912 49 64 65
49 64
49 65


2913 49 64 65
49 64
49 65


2914 49 64 65
49 64
49 65


2915 49 64 65
49 64
49 65


2916 49 64 65
49 64
49 65


2917 49 64 65
49 64
49 65


2918 49 64 65
49 64
49 65


2919 49 64 65
49 64
49 65


2920 49 64 65
49 64
49 65


2921 49 64 65
49 64
49 65


2922 49 64 65
49 64
49 65


2923 49 64 65
49 64
49 65


2924 49 64 65
49 64
49 65


2925 49 64 65
49 64
49 65


2926 49 64 65
49 64
49 65


2927 49 64 65
49 64
49 65


2928 49 64 65
49 64
49 65


2929 49 64 65
49 64
49 65


2930 49 64 65
49 64
49 65


2931 49 64 65
49 64
49 65


2932 49 64 65
49 64
49 65


2933 49 64 65
49 64
49 65


2934 49 64 65
49 64
49 65


2935 49 64 65
49 64
49 65


2936 49 64 65
49 64
49 65


2937 49 64 65
49 64
49 65


2938 49 64 65
49 64
49 65


2939 49 64 65
49 64
49 65


2940 49 64 65
49 64
49 65


2941 49 64 65
49 64
49 65


2942 49 64 65
49 64
49 65


2943 49 64 65
49 64
49 65


2944 49 64 65
49 64
49 65


2945 49 64 65
49 64
49 65


2946 49 64 65
49 64
49 65


2947 49 64 65
49 64
49 65


2948 49 64 65
49 64
49 65


2949 49 64 65
49 64
49 65


2950 49 64 65
49 64
49 65


2951 49 64 65
49 64
49 65


2952 49 64 65
49 64
49 65


2953 49 64 65
49 64
49 65


2954 49 64 65
49 64
49 65


2955 49 64 65
49 64
49 65


2956 49 64 65
49 64
49 65


2957 49 64 65
49 64
49 65


2958 49 64 65
49 64
49 65


2959 49 64 65
49 64
49 65


2960 49 64 65
49 64
49 65


2961 49 64 65
49 64
49 65


2962 49 64 65
49 64
49 65


2963 49 64 65
49 64
49 65


2964 49 64 65
49 64
49 65


2965 49 64 65
49 64
49 65


2966 49 64 65
49 64
49 65


2967 49 64 65
49 64
49 65


2968 49 64 65
49 64
49 65


2969 49 64 65
49 64
49 65


2970 49 64 65
49 64
49 65


2971 49 64 65
49 64
49 65


2972 49 64 65
49 64
49 65


2973 49 64 65
49 64
49 65


2974 49 64 65
49 64
49 65


2975 49 64 65
49 64
49 65


2976 49 64 65
49 64
49 65


2977 49 64 65
49 64
49 65


2978 49 64 65
49 64
49 65


2979 49 64 65
49 64
49 65


2980 49 64 65
49 64
49 65


2981 49 64 65
49 64
49 65


2982 49 64 65
49 64
49 65


2983 49 64 65
49 64
49 65


2984 49 64 65
49 64
49 65


2985 49 64 65
49 64
49 65


2986 49 64 65
49 64
49 65


2987 49 64 65
49 64
49 65


2988 49 64 65
49 64
49 65


2989 49 64 65
49 64
49 65


2990 49 64 65
49 64
49 65


2991 49 64 65
49 64
49 65


2992 49 64 65
49 64
49 65


2993 49 64 65
49 64
49 65


2994 49 64 65
49 64
49 65


2995 49 64 65
49 64
49 65


2996 49 64 65
49 64
49 65


2997 49 64 65
49 64
49 65


2998 49 64 65
49 64
49 65


2999 49 64 65
49 64
49 65


3000 49 64 65
49 64
49 65


3001 49 64 65
49 64
49 65


3002 49 64 65
49 64
49 65


3003 49 64 65
49 64
49 65


3004 49 64 65
49 64
49 65


3005 49 64 65
49 64
49 65


3006 49 64 65
49 64
49 65


3007 49 64 65
49 64
49 65


3008 49 64 65
49 64
49 65


3009 49 64 65
49 64
49 65


3010 49 64 65
49 64
49 65


3011 49 64 65
49 64
49 65


3012 49 64 65
49 64
49 65


3013 49 64 65
49 64
49 65


3014 49 64 65
49 64
49 65


3015 49 64 65
49 64
49 65


3016 49 64 65
49 64
49 65


3017 49 64 65
49 64
49 65


3018 49 64 65
49 64
49 65


3019 49 64 65
49 64
49 65


3020 49 64 65
49 64
49 65


3021 49 64 65
49 64
49 65


3022 49 64 65
49 64
49 65


3023 49 64 65
49 64
49 65


3024 49 64 65
49 64
49 65


3025 49 64 65
49 64
49 65


3026 49 64 65
49 64
49 65


3027 49 64 65
49 64
49 65


3028 49 64 65
49 64
49 65


3029 49 64 65
49 64
49 65


3030 49 64 65
49 64
49 65


3031 49 64 65
49 64
49 65


3032 49 64 65
49 64
49 65


3033 49 64 65
49 64
49 65


3034 49 64 65
49 64
49 65


3035 49 64 65
49 64
49 65


3036 49 64 65
49 64
49 65


3037 49 64 65
49 64
49 65


3038 49 64 65
49 64
49 65


3039 49 64 65
49 64
49 65


3040 49 64 65
49 64
49 65


3041 49 64 65
49 64
49 65


3042 49 64 65
49 64
49 65


3043 49 64 65
49 64
49 65


3044 49 64 65
49 64
49 65


3045 49 64 65
49 64
49 65


3046 49 64 65
49 64
49 65


3047 49 64 65
49 64
49 65


3048 49 64 65
49 64
49 65


3049 49 64 65
49 64
49 65


3050 49 64 65
49 64
49 65


3051 49 64 65
49 64
49 65


3052 49 64 65
49 64
49 65


3053 49 64 65
49 64
49 65


3054 49 64 65
49 64
49 65


3055 49 64 65
49 64
49 65


3056 49 64 65
49 64
49 65


3057 49 64 65
49 64
49 65


3058 49 64 65
49 64
49 65


3059 49 64 65
49 64
49 65


3060 49 64 65
49 64
49 65


3061 49 64 65
49 64
49 65


3062 49 64 65
49 64
49 65


3063 49 64 65
49 64
49 65


3064 49 64 65
49 64
49 65


3065 49 64 65
49 64
49 65


3066 49 64 65
49 64
49 65


3067 49 64 65
49 64
49 65


3068 49 64 65
49 64
49 65


3069 49 64 65
49 64
49 65


3070 49 64 65
49 64
49 65


3071 49 64 65
49 64
49 65


3072 49 64 65
49 64
49 65


3073 49 64 65
49 64
49 65


3074 49 64 65
49 64
49 65


3075 49 64 65
49 64
49 65


3076 49 64 65
49 64
49 65


3077 49 64 65
49 64
49 65


3078 49 64 65
49 64
49 65


3079 49 64 65
49 64
49 65


3080 49 64 65
49 64
49 65


3081 49 64 65
49 64
49 65


3082 49 64 65
49 64
49 65


3083 49 64 65
49 64
49 65


3084 49 64 65
49 64
49 65


3085 49 64 65
49 64
49 65


3086 49 64 65
49 64
49 65


3087 49 64 65
49 64
49 65


3088 49 64 65
49 64
49 65


3089 49 64 65
49 64
49 65


3090 49 64 65
49 64
49 65


3091 49 64 65
49 64
49 65


4136 48 80 96
48 80
48 96


4137 48 80 96
48 80
48 96


4138 48 80 96
48 80
48 96


4139 48 80 96
48 80
48 96


4140 48 80 96
48 80
48 96


4141 48 80 96
48 80
48 96


4142 48 80 96
48 80
48 96


4143 48 80 96
48 80
48 96


4144 48 80 96
48 80
48 96


4145 48 80 96
48 80
48 96


4146 48 80 96
48 80
48 96


4147 48 80 96
48 80
48 96


4148 48 80 96
48 80
48 96


4149 48 80 96
48 80
48 96


4150 48 80 96
48 80
48 96


4151 48 80 96
48 80
48 96


4152 48 80 96
48 80
48 96


4153 48 80 96
48 80
48 96


4154 48 80 96
48 80
48 96


4155 48 80 96
48 80
48 96


4156 48 80 96
48 80
48 96


4157 48 80 96
48 80
48 96


4158 48 80 96
48 80
48 96


4159 48 80 96
48 80
48 96


4160 48 80 96
48 80
48 96


4161 48 80 96
48 80
48 96


4162 48 80 96
48 80
48 96


4163 48 80 96
48 80
48 96


4164 48 80 96
48 80
48 96


4165 48 80 96
48 80
48 96


4166 48 80 96
48 80
48 96


4167 48 80 96
48 80
48 96


4168 48 80 96
48 80
48 96


4169 48 80 96
48 80
48 96


4170 48 80 96
48 80
48 96


4171 48 80 96
48 80
48 96


4172 48 80 96
48 80
48 96


4173 48 80 96
48 80
48 96


4174 48 80 96
48 80
48 96


4175 48 80 96
48 80
48 96


4176 48 80 96
48 80
48 96


4177 48 80 96
48 80
48 96


4178 48 80 96
48 80
48 96


4179 48 80 96
48 80
48 96


4180 48 80 96
48 80
48 96


4181 48 80 96
48 80
48 96


4182 48 80 96
48 80
48 96


4183 48 80 96
48 80
48 96


4184 48 80 96
48 80
48 96


4185 48 80 96
48 80
48 96


4186 48 80 96
48 80
48 96


4187 48 80 96
48 80
48 96


4188 48 80 96
48 80
48 96


4189 48 80 96
48 80
48 96


4190 48 80 96
48 80
48 96


4191 48 80 96
48 80
48 96


4192 48 80 96
48 80
48 96


4193 48 80 96
48 80
48 96


4194 48 80 96
48 80
48 96


4195 48 80 96
48 80
48 96


4196 48 80 96
48 80
48 96


4197 48 80 96
48 80
48 96


4198 48 80 96
48 80
48 96


4199 48 80 96
48 80
48 96


4460 81 97 98
81 97
81 98


4461 81 97 98
81 97
81 98


4462 81 97 98
81 97
81 98


4463 81 97 98
81 97
81 98


4464 81 97 98
81 97
81 98


4465 81 97 98
81 97
81 98


4466 81 97 98
81 97
81 98


4467 81 97 98
81 97
81 98


4468 81 97 98
81 97
81 98


4469 81 97 98
81 97
81 98


4470 81 97 98
81 97
81 98


4471 81 97 98
81 97
81 98


4472 81 97 98
81 97
81 98


4473 81 97 98
81 97
81 98


4474 81 97 98
81 97
81 98


4475 81 97 98
81 97
81 98


4476 81 97 98
81 97
81 98


4477 81 97 98
81 97
81 98


4478 81 97 98
81 97
81 98


4479 81 97 98
81 97
81 98


4480 81 97 98
81 97
81 98


4481 81 97 98
81 97
81 98


4482 81 97 98
81 97
81 98


4483 81 97 98
81 97
81 98


4484 81 97 98
81 97
81 98


4485 81 97 98
81 97
81 98


4486 81 97 98
81 97
81 98


4487 81 97 98
81 97
81 98


4488 81 97 98
81 97
81 98


4489 81 97 98
81 97
81 98


4490 81 97 98
81 97
81 98


4491 81 97 98
81 97
81 98


4492 81 97 98
81 97
81 98


4493 81 97 98
81 97
81 98


4494 81 97 98
81 97
81 98


4495 81 97 98
81 97
81 98


4496 81 97 98
81 97
81 98


4497 81 97 98
81 97
81 98


4498 81 97 98
81 97
81 98


4499 81 97 98
81 97
81 98


4500 81 97 98
81 97
81 98


4501 81 97 98
81 97
81 98


4502 81 97 98
81 97
81 98


4503 81 97 98
81 97
81 98


4504 81 97 98
81 97
81 98


4505 81 97 98
81 97
81 98


4506 81 97 98
81 97
81 98


4507 81 97 98
81 97
81 98


4508 81 97 98
81 97
81 98


4509 81 97 98
81 97
81 98


4510 81 97 98
81 97
81 98


4511 81 97 98
81 97
81 98


4512 81 97 98
81 97
81 98


4513 81 97 98
81 97
81 98


4514 81 97 98
81 97
81 98


4515 81 97 98
81 97
81 98


4516 81 97 98
81 97
81 98


4517 81 97 98
81 97
81 98


4518 81 97 98
81 97
81 98


4519 81 97 98
81 97
81 98


4520 81 97 98
81 97
81 98


4521 81 97 98
81 97
81 98


4522 81 97 98
81 97
81 98


4523 81 97 98
81 97
81 98


7892 67 84 100
67 84
67 100


7893 67 84 100
67 84
67 100


7894 67 84 100
67 84
67 100


7895 67 84 100
67 84
67 100


7896 67 84 100
67 84
67 100


7897 67 84 100
67 84
67 100


7898 67 84 100
67 84
67 100


7899 67 84 100
67 84
67 100


7900 67 84 100
67 84
67 100


7901 67 84 100
67 84
67 100


7902 67 84 100
67 84
67 100


7903 67 84 100
67 84
67 100


7904 67 84 100
67 84
67 100


7905 67 84 100
67 84
67 100


7906 67 84 100
67 84
67 100


7907 67 84 100
67 84
67 100


7908 67 84 100
67 84
67 100


7909 67 84 100
67 84
67 100


7910 67 84 100
67 84
67 100


7911 67 84 100
67 84
67 100


7912 67 84 100
67 84
67 100


7913 67 84 100
67 84
67 100


7914 67 84 100
67 84
67 100


7915 67 84 100
67 84
67 100


7916 67 84 100
67 84
67 100


7917 67 84 100
67 84
67 100


7918 67 84 100
67 84
67 100


7919 67 84 100
67 84
67 100


7920 67 84 100
67 84
67 100


7921 67 84 100
67 84
67 100


7922 67 84 100
67 84
67 100


7923 67 84 100
67 84
67 100


7924 67 84 100
67 84
67 100


7925 67 84 100
67 84
67 100


7926 67 84 100
67 84
67 100


7927 67 84 100
67 84
67 100


7928 67 84 100
67 84
67 100


7929 67 84 100
67 84
67 100


7930 67 84 100
67 84
67 100


7931 67 84 100
67 84
67 100


7932 67 84 100
67 84
67 100


7933 67 84 100
67 84
67 100


7934 67 84 100
67 84
67 100


7935 67 84 100
67 84
67 100


7936 67 84 100
67 84
67 100


7937 67 84 100
67 84
67 100


7938 67 84 100
67 84
67 100


7939 67 84 100
67 84
67 100


7940 67 84 100
67 84
67 100


7941 67 84 100
67 84
67 100


7942 67 84 100
67 84
67 100


7943 67 84 100
67 84
67 100


7944 67 84 100
67 84
67 100


7945 67 84 100
67 84
67 100


7946 67 84 100
67 84
67 100


7947 67 84 100
67 84
67 100


7948 67 84 100
67 84
67 100


7949 67 84 100
67 84
67 100


7950 67 84 100
67 84
67 100


7951 67 84 100
67 84
67 100


7952 67 84 100
67 84
67 100


7953 67 84 100
67 84
67 100


7954 67 84 100
67 84
67 100


7955 67 84 100
67 84
67 100


7956 67 84 100
67 84
67 100


7957 67 84 100
67 84
67 100


7958 67 84 100
67 84
67 100


7959 67 84 100
67 84
67 100


7960 67 84 100
67 84
67 100


7961 67 84 100
67 84
67 100


7962 67 84 100
67 84
67 100


7963 67 84 100
67 84
67 100


7964 67 84 100
67 84
67 100


7965 67 84 100
67 84
67 100


7966 67 84 100
67 84
67 100


7967 67 84 100
67 84
67 100


7968 67 84 100
67 84
67 100


7969 67 84 100
67 84
67 100


7970 67 84 100
67 84
67 100


7971 67 84 100
67 84
67 100


7972 67 84 100
67 84
67 100


7973 67 84 100
67 84
67 100


7974 67 84 100
67 84
67 100


7975 67 84 100
67 84
67 100


7976 67 84 100
67 84
67 100


7977 67 84 100
67 84
67 100


7978 67 84 100
67 84
67 100


7979 67 84 100
67 84
67 100


7980 67 84 100
67 84
67 100


7981 67 84 100
67 84
67 100


7982 67 84 100
67 84
67 100


7983 67 84 100
67 84
67 100


7984 67 84 100
67 84
67 100


7985 67 84 100
67 84
67 100


7986 67 84 100
67 84
67 100


7987 67 84 100
67 84
67 100


7988 67 84 100
67 84
67 100


7989 67 84 100
67 84
67 100


7990 67 84 100
67 84
67 100


7991 67 84 100
67 84
67 100


7992 67 84 100
67 84
67 100


7993 67 84 100
67 84
67 100


7994 67 84 100
67 84
67 100


7995 67 84 100
67 84
67 100


7996 67 84 100
67 84
67 100


7997 67 84 100
67 84
67 100


7998 67 84 100
67 84
67 100


7999 67 84 100
67 84
67 100


8000 67 84 100
67 84
67 100


8001 67 84 100
67 84
67 100


8002 67 84 100
67 84
67 100


8003 67 84 100
67 84
67 100


8004 67 84 100
67 84
67 100


8005 67 84 100
67 84
67 100


8006 67 84 100
67 84
67 100


8007 67 84 100
67 84
67 100


8008 67 84 100
67 84
67 100


8009 67 84 100
67 84
67 100


8010 67 84 100
67 84
67 100


8011 67 84 100
67 84
67 100


8012 67 84 100
67 84
67 100


8013 67 84 100
67 84
67 100


8014 67 84 100
67 84
67 100


8015 67 84 100
67 84
67 100


8016 67 84 100
67 84
67 100


8017 67 84 100
67 84
67 100


8018 67 84 100
67 84
67 100


8019 67 84 100
67 84
67 100


8020 67 84 100
67 84
67 100


8021 67 84 100
67 84
67 100


8022 67 84 100
67 84
67 100


8023 67 84 100
67 84
67 100


8024 67 84 100
67 84
67 100


8025 67 84 100
67 84
67 100


8026 67 84 100
67 84
67 100


8027 67 84 100
67 84
67 100


8028 67 84 100
67 84
67 100


8029 67 84 100
67 84
67 100


8030 67 84 100
67 84
67 100


8031 67 84 100
67 84
67 100


8032 67 84 100
67 84
67 100


8033 67 84 100
67 84
67 100


8034 67 84 100
67 84
67 100


8035 67 84 100
67 84
67 100


8036 67 84 100
67 84
67 100


8037 67 84 100
67 84
67 100


8038 67 84 100
67 84
67 100


8039 67 84 100
67 84
67 100


8040 67 84 100
67 84
67 100


8041 67 84 100
67 84
67 100


8042 67 84 100
67 84
67 100


8043 67 84 100
67 84
67 100


8044 67 84 100
67 84
67 100


8045 67 84 100
67 84
67 100


8046 67 84 100
67 84
67 100


8047 67 84 100
67 84
67 100


8048 67 84 100
67 84
67 100


8049 67 84 100
67 84
67 100


8050 67 84 100
67 84
67 100


8051 67 84 100
67 84
67 100


8052 67 84 100
67 84
67 100


8053 67 84 100
67 84
67 100


8054 67 84 100
67 84
67 100


8055 67 84 100
67 84
67 100


8056 67 84 100
67 84
67 100


8057 67 84 100
67 84
67 100


8058 67 84 100
67 84
67 100


8059 67 84 100
67 84
67 100


8060 67 84 100
67 84
67 100


8061 67 84 100
67 84
67 100


8062 67 84 100
67 84
67 100


8063 67 84 100
67 84
67 100


8064 67 84 100
67 84
67 100


8065 67 84 100
67 84
67 100


8066 67 84 100
67 84
67 100


8067 67 84 100
67 84
67 100


8068 67 84 100
67 84
67 100


8069 67 84 100
67 84
67 100


8070 67 84 100
67 84
67 100


8071 67 84 100
67 84
67 100


8072 67 84 100
67 84
67 100


8073 67 84 100
67 84
67 100


8074 67 84 100
67 84
67 100


8075 67 84 100
67 84
67 100


8076 67 84 100
67 84
67 100


8077 67 84 100
67 84
67 100


8078 67 84 100
67 84
67 100


8079 67 84 100
67 84
67 100


8080 67 84 100
67 84
67 100


8081 67 84 100
67 84
67 100


8082 67 84 100
67 84
67 100


8083 67 84 100
67 84
67 100


8084 67 84 100
67 84
67 100


8085 67 84 100
67 84
67 100


8086 67 84 100
67 84
67 100


8087 67 84 100
67 84
67 100


8088 67 84 100
67 84
67 100


8089 67 84 100
67 84
67 100


8090 67 84 100
67 84
67 100


8091 67 84 100
67 84
67 100


8092 67 84 100
67 84
67 100


8093 67 84 100
67 84
67 100


8094 67 84 100
67 84
67 100


8095 67 84 100
67 84
67 100


8096 67 84 100
67 84
67 100


8097 67 84 100
67 84
67 100


8098 67 84 100
67 84
67 100


8099 67 84 100
67 84
67 100


8100 67 84 100
67 84
67 100


8101 67 84 100
67 84
67 100


8102 67 84 100
67 84
67 100


8103 67 84 100
67 84
67 100


8104 67 84 100
67 84
67 100


8105 67 84 100
67 84
67 100


8106 67 84 100
67 84
67 100


8107 67 84 100
67 84
67 100


8108 67 84 100
67 84
67 100


8109 67 84 100
67 84
67 100


8110 67 84 100
67 84
67 100


8111 67 84 100
67 84
67 100


8112 67 84 100
67 84
67 100


8113 67 84 100
67 84
67 100


8114 67 84 100
67 84
67 100


8115 67 84 100
67 84
67 100


8116 67 84 100
67 84
67 100


8117 67 84 100
67 84
67 100


8118 67 84 100
67 84
67 100


8119 67 84 100
67 84
67 100


8120 67 84 100
67 84
67 100


8121 67 84 100
67 84
67 100


8122 67 84 100
67 84
67 100


8123 67 84 100
67 84
67 100


8124 67 84 100
67 84
67 100


8125 67 84 100
67 84
67 100


8126 67 84 100
67 84
67 100


8127 67 84 100
67 84
67 100


8128 67 84 100
67 84
67 100


8129 67 84 100
67 84
67 100


8130 67 84 100
67 84
67 100


8131 67 84 100
67 84
67 100


8132 67 84 100
67 84
67 100


8133 67 84 100
67 84
67 100


8134 67 84 100
67 84
67 100


8135 67 84 100
67 84
67 100


8136 67 84 100
67 84
67 100


8137 67 84 100
67 84
67 100


8138 67 84 100
67 84
67 100


8139 67 84 100
67 84
67 100


8140 67 84 100
67 84
67 100


8141 67 84 100
67 84
67 100


8142 67 84 100
67 84
67 100


8143 67 84 100
67 84
67 100


8144 67 84 100
67 84
67 100


8145 67 84 100
67 84
67 100


8146 67 84 100
67 84
67 100


8147 67 84 100
67 84
67 100


8148 67 84 100
67 84
67 100


8149 67 84 100
67 84
67 100


8150 67 84 100
67 84
67 100


8151 67 84 100
67 84
67 100


8152 67 84 100
67 84
67 100


8153 67 84 100
67 84
67 100


8154 67 84 100
67 84
67 100


8155 67 84 100
67 84
67 100


8156 67 84 100
67 84
67 100


8157 67 84 100
67 84
67 100


8158 67 84 100
67 84
67 100


8159 67 84 100
67 84
67 100


8160 67 84 100
67 84
67 100


8161 67 84 100
67 84
67 100


8162 67 84 100
67 84
67 100


8163 67 84 100
67 84
67 100


8164 67 84 100
67 84
67 100


8165 67 84 100
67 84
67 100


8166 67 84 100
67 84
67 100


8167 67 84 100
67 84
67 100


8168 67 84 100
67 84
67 100


8169 67 84 100
67 84
67 100


8170 67 84 100
67 84
67 100


8171 67 84 100
67 84
67 100


8172 67 84 100
67 84
67 100


8173 67 84 100
67 84
67 100


8174 67 84 100
67 84
67 100


8175 67 84 100
67 84
67 100


8176 67 84 100
67 84
67 100


8177 67 84 100
67 84
67 100


8178 67 84 100
67 84
67 100


8179 67 84 100
67 84
67 100


8180 67 84 100
67 84
67 100


8181 67 84 100
67 84
67 100


8182 67 84 100
67 84
67 100


8183 67 84 100
67 84
67 100


8184 67 84 100
67 84
67 100


8185 67 84 100
67 84
67 100


8186 67 84 100
67 84
67 100


8187 67 84 100
67 84
67 100


8188 67 84 100
67 84
67 100


8189 67 84 100
67 84
67 100


8190 67 84 100
67 84
67 100


8191 67 84 100
67 84
67 100


8192 67 84 100
67 84
67 100


8193 67 84 100
67 84
67 100


8194 67 84 100
67 84
67 100


8195 67 84 100
67 84
67 100


8196 67 84 100
67 84
67 100


8197 67 84 100
67 84
67 100


8198 67 84 100
67 84
67 100


8199 67 84 100
67 84
67 100


8200 67 84 100
67 84
67 100


8201 67 84 100
67 84
67 100


8202 67 84 100
67 84
67 100


8203 67 84 100
67 84
67 100


8204 67 84 100
67 84
67 100


8205 67 84 100
67 84
67 100


8206 67 84 100
67 84
67 100


8207 67 84 100
67 84
67 100


8208 67 84 100
67 84
67 100


8209 67 84 100
67 84
67 100


8210 67 84 100
67 84
67 100


8211 67 84 100
67 84
67 100


8212 67 84 100
67 84
67 100


8213 67 84 100
67 84
67 100


8214 67 84 100
67 84
67 100


8215 67 84 100
67 84
67 100


8216 67 84 100
67 84
67 100


8217 67 84 100
67 84
67 100


8218 67 84 100
67 84
67 100


8219 67 84 100
67 84
67 100


8220 67 84 100
67 84
67 100


8221 67 84 100
67 84
67 100


8222 67 84 100
67 84
67 100


8223 67 84 100
67 84
67 100


8224 67 84 100
67 84
67 100


8225 67 84 100
67 84
67 100


8226 67 84 100
67 84
67 100


8227 67 84 100
67 84
67 100


8228 67 84 100
67 84
67 100


8229 67 84 100
67 84
67 100


8230 67 84 100
67 84
67 100


8231 67 84 100
67 84
67 100


8232 67 84 100
67 84
67 100


8233 67 84 100
67 84
67 100


8234 67 84 100
67 84
67 100


8235 67 84 100
67 84
67 100


8236 67 84 100
67 84
67 100


8237 67 84 100
67 84
67 100


8238 67 84 100
67 84
67 100


8239 67 84 100
67 84
67 100


8240 67 84 100
67 84
67 100


8241 67 84 100
67 84
67 100


8242 67 84 100
67 84
67 100


8243 67 84 100
67 84
67 100


8244 67 84 100
67 84
67 100


8245 67 84 100
67 84
67 100


8246 67 84 100
67 84
67 100


8247 67 84 100
67 84
67 100


8248 67 84 100
67 84
67 100


8249 67 84 100
67 84
67 100


8250 67 84 100
67 84
67 100


8251 67 84 100
67 84
67 100


8252 67 84 100
67 84
67 100


8253 67 84 100
67 84
67 100


8254 67 84 100
67 84
67 100


8255 67 84 100
67 84
67 100


8256 67 84 100
67 84
67 100


8257 67 84 100
67 84
67 100


8258 67 84 100
67 84
67 100


8259 67 84 100
67 84
67 100


8260 67 84 100
67 84
67 100


8261 67 84 100
67 84
67 100


8262 67 84 100
67 84
67 100


8263 67 84 100
67 84
67 100


8264 67 84 100
67 84
67 100


8265 67 84 100
67 84
67 100


8266 67 84 100
67 84
67 100


8267 67 84 100
67 84
67 100


8268 67 84 100
67 84
67 100


8269 67 84 100
67 84
67 100


8270 67 84 100
67 84
67 100


8271 67 84 100
67 84
67 100


8272 67 84 100
67 84
67 100


8273 67 84 100
67 84
67 100


8274 67 84 100
67 84
67 100


8275 67 84 100
67 84
67 100


8276 67 84 100
67 84
67 100


8277 67 84 100
67 84
67 100


8278 67 84 100
67 84
67 100


8279 67 84 100
67 84
67 100


8280 67 84 100
67 84
67 100


8281 67 84 100
67 84
67 100


8282 67 84 100
67 84
67 100


8283 67 84 100
67 84
67 100


8284 67 84 100
67 84
67 100


8285 67 84 100
67 84
67 100


8286 67 84 100
67 84
67 100


8287 67 84 100
67 84
67 100


8288 67 84 100
67 84
67 100


8289 67 84 100
67 84
67 100


8290 67 84 100
67 84
67 100


8291 67 84 100
67 84
67 100


8292 67 84 100
67 84
67 100


8293 67 84 100
67 84
67 100


8294 67 84 100
67 84
67 100


8295 67 84 100
67 84
67 100


8296 67 84 100
67 84
67 100


8297 67 84 100
67 84
67 100


8298 67 84 100
67 84
67 100


8299 67 84 100
67 84
67 100


8300 67 84 100
67 84
67 100


8301 67 84 100
67 84
67 100


8302 67 84 100
67 84
67 100


8303 67 84 100
67 84
67 100


8304 67 84 100
67 84
67 100


8305 67 84 100
67 84
67 100


8306 67 84 100
67 84
67 100


8307 67 84 100
67 84
67 100


8308 67 84 100
67 84
67 100


8309 67 84 100
67 84
67 100


8310 67 84 100
67 84
67 100


8311 67 84 100
67 84
67 100


8312 67 84 100
67 84
67 100


8313 67 84 100
67 84
67 100


8314 67 84 100
67 84
67 100


8315 67 84 100
67 84
67 100


8316 67 84 100
67 84
67 100


8317 67 84 100
67 84
67 100


8318 67 84 100
67 84
67 100


8319 67 84 100
67 84
67 100


8320 67 84 100
67 84
67 100


8321 67 84 100
67 84
67 100


8322 67 84 100
67 84
67 100


8323 67 84 100
67 84
67 100


8324 67 84 100
67 84
67 100


8325 67 84 100
67 84
67 100


8326 67 84 100
67 84
67 100


8327 67 84 100
67 84
67 100


8328 67 84 100
67 84
67 100


8329 67 84 100
67 84
67 100


8330 67 84 100
67 84
67 100


8331 67 84 100
67 84
67 100


8332 67 84 100
67 84
67 100


8333 67 84 100
67 84
67 100


8334 67 84 100
67 84
67 100


8335 67 84 100
67 84
67 100


8336 67 84 100
67 84
67 100


8337 67 84 100
67 84
67 100


8338 67 84 100
67 84
67 100


8339 67 84 100
67 84
67 100


8340 67 84 100
67 84
67 100


8341 67 84 100
67 84
67 100


8342 67 84 100
67 84
67 100


8343 67 84 100
67 84
67 100


8344 67 84 100
67 84
67 100


8345 67 84 100
67 84
67 100


8346 67 84 100
67 84
67 100


8347 67 84 100
67 84
67 100


8348 67 84 100
67 84
67 100


8349 67 84 100
67 84
67 100


8350 67 84 100
67 84
67 100


8351 67 84 100
67 84
67 100


8352 67 84 100
67 84
67 100


8353 67 84 100
67 84
67 100


8354 67 84 100
67 84
67 100


8355 67 84 100
67 84
67 100


8356 67 84 100
67 84
67 100


8357 67 84 100
67 84
67 100


8358 67 84 100
67 84
67 100


8359 67 84 100
67 84
67 100


8360 67 84 100
67 84
67 100


8361 67 84 100
67 84
67 100


8362 67 84 100
67 84
67 100


8363 67 84 100
67 84
67 100


8364 67 84 100
67 84
67 100


8365 67 84 100
67 84
67 100


8366 67 84 100
67 84
67 100


8367 67 84 100
67 84
67 100


8368 67 84 100
67 84
67 100


8369 67 84 100
67 84
67 100


8370 67 84 100
67 84
67 100


8371 67 84 100
67 84
67 100


8372 67 84 100
67 84
67 100


8373 67 84 100
67 84
67 100


8374 67 84 100
67 84
67 100


8375 67 84 100
67 84
67 100


8376 67 84 100
67 84
67 100


8377 67 84 100
67 84
67 100


8378 67 84 100
67 84
67 100


8379 67 84 100
67 84
67 100


8380 67 84 100
67 84
67 100


8381 67 84 100
67 84
67 100


8382 67 84 100
67 84
67 100


8383 67 84 100
67 84
67 100


8384 67 84 100
67 84
67 100


8385 67 84 100
67 84
67 100


8386 67 84 100
67 84
67 100


8387 67 84 100
67 84
67 100


8388 67 84 100
67 84
67 100


8389 67 84 100
67 84
67 100


8390 67 84 100
67 84
67 100


8391 67 84 100
67 84
67 100


8392 67 84 100
67 84
67 100


8393 67 84 100
67 84
67 100


8394 67 84 100
67 84
67 100


8395 67 84 100
67 84
67 100


8396 67 84 100
67 84
67 100


8397 67 84 100
67 84
67 100


8398 67 84 100
67 84
67 100


8399 67 84 100
67 84
67 100


8400 67 84 100
67 84
67 100


8401 67 84 100
67 84
67 100


8402 67 84 100
67 84
67 100


8403 67 84 100
67 84
67 100


13604 39 52 36
39 52
39 36


13605 39 52 36
39 52
39 36


13606 39 52 36
39 52
39 36


13607 39 52 36
39 52
39 36


13608 39 52 36
39 52
39 36


13609 39 52 36
39 52
39 36


13610 39 52 36
39 52
39 36


13611 39 52 36
39 52
39 36


13612 39 52 36
39 52
39 36


13613 39 52 36
39 52
39 36


13614 39 52 36
39 52
39 36


13615 39 52 36
39 52
39 36


13616 39 52 36
39 52
39 36


13617 39 52 36
39 52
39 36


13618 39 52 36
39 52
39 36


13619 39 52 36
39 52
39 36


13620 39 52 36
39 52
39 36


13621 39 52 36
39 52
39 36


13622 39 52 36
39 52
39 36


13623 39 52 36
39 52
39 36


13624 39 52 36
39 52
39 36


13625 39 52 36
39 52
39 36


13626 39 52 36
39 52
39 36


13627 39 52 36
39 52
39 36


13628 39 52 36
39 52
39 36


13629 39 52 36
39 52
39 36


13630 39 52 36
39 52
39 36


13631 39 52 36
39 52
39 36


13632 39 52 36
39 52
39 36


13633 39 52 36
39 52
39 36


13634 39 52 36
39 52
39 36


13635 39 52 36
39 52
39 36


13636 39 52 36
39 52
39 36


13637 39 52 36
39 52
39 36


13638 39 52 36
39 52
39 36


13639 39 52 36
39 52
39 36


13640 39 52 36
39 52
39 36


13641 39 52 36
39 52
39 36


13642 39 52 36
39 52
39 36


13643 39 52 36
39 52
39 36


13644 39 52 36
39 52
39 36


13645 39 52 36
39 52
39 36


13646 39 52 36
39 52
39 36


13647 39 52 36
39 52
39 36


13648 39 52 36
39 52
39 36


13649 39 52 36
39 52
39 36


13650 39 52 36
39 52
39 36


13651 39 52 36
39 52
39 36


13652 39 52 36
39 52
39 36


13653 39 52 36
39 52
39 36


13654 39 52 36
39 52
39 36


13655 39 52 36
39 52
39 36


13656 39 52 36
39 52
39 36


13657 39 52 36
39 52
39 36


13658 39 52 36
39 52
39 36


13659 39 52 36
39 52
39 36


13660 39 52 36
39 52
39 36


13661 39 52 36
39 52
39 36


13662 39 52 36
39 52
39 36


13663 39 52 36
39 52
39 36


13664 39 52 36
39 52
39 36


13665 39 52 36
39 52
39 36


13666 39 52 36
39 52
39 36


13667 39 52 36
39 52
39 36


13668 39 52 36
39 52
39 36


13669 39 52 36
39 52
39 36


13670 39 52 36
39 52
39 36


13671 39 52 36
39 52
39 36


13672 39 52 36
39 52
39 36


13673 39 52 36
39 52
39 36


13674 39 52 36
39 52
39 36


13675 39 52 36
39 52
39 36


13676 39 52 36
39 52
39 36


13677 39 52 36
39 52
39 36


13678 39 52 36
39 52
39 36


13679 39 52 36
39 52
39 36


13680 39 52 36
39 52
39 36


13681 39 52 36
39 52
39 36


13682 39 52 36
39 52
39 36


13683 39 52 36
39 52
39 36


13684 39 52 36
39 52
39 36


13685 39 52 36
39 52
39 36


13686 39 52 36
39 52
39 36


13687 39 52 36
39 52
39 36


13688 39 52 36
39 52
39 36


13689 39 52 36
39 52
39 36


13690 39 52 36
39 52
39 36


13691 39 52 36
39 52
39 36


13692 39 52 36
39 52
39 36


13693 39 52 36
39 52
39 36


13694 39 52 36
39 52
39 36


13695 39 52 36
39 52
39 36


13696 39 52 36
39 52
39 36


13697 39 52 36
39 52
39 36


13698 39 52 36
39 52
39 36


13699 39 52 36
39 52
39 36


13700 39 52 36
39 52
39 36


13701 39 52 36
39 52
39 36


13702 39 52 36
39 52
39 36


13703 39 52 36
39 52
39 36


13704 39 52 36
39 52
39 36


13705 39 52 36
39 52
39 36


13706 39 52 36
39 52
39 36


13707 39 52 36
39 52
39 36


13708 39 52 36
39 52
39 36


13709 39 52 36
39 52
39 36


13710 39 52 36
39 52
39 36


13711 39 52 36
39 52
39 36


13712 39 52 36
39 52
39 36


13713 39 52 36
39 52
39 36


13714 39 52 36
39 52
39 36


13715 39 52 36
39 52
39 36


13716 39 52 36
39 52
39 36


13717 39 52 36
39 52
39 36


13718 39 52 36
39 52
39 36


13719 39 52 36
39 52
39 36


13720 39 52 36
39 52
39 36


13721 39 52 36
39 52
39 36


13722 39 52 36
39 52
39 36


13723 39 52 36
39 52
39 36


13724 39 52 36
39 52
39 36


13725 39 52 36
39 52
39 36


13726 39 52 36
39 52
39 36


13727 39 52 36
39 52
39 36


13728 39 52 36
39 52
39 36


13729 39 52 36
39 52
39 36


13730 39 52 36
39 52
39 36


13731 39 52 36
39 52
39 36


13732 39 52 36
39 52
39 36


13733 39 52 36
39 52
39 36


13734 39 52 36
39 52
39 36


13735 39 52 36
39 52
39 36


13736 39 52 36
39 52
39 36


13737 39 52 36
39 52
39 36


13738 39 52 36
39 52
39 36


13739 39 52 36
39 52
39 36


13740 39 52 36
39 52
39 36


13741 39 52 36
39 52
39 36


13742 39 52 36
39 52
39 36


13743 39 52 36
39 52
39 36


13744 39 52 36
39 52
39 36


13745 39 52 36
39 52
39 36


13746 39 52 36
39 52
39 36


13747 39 52 36
39 52
39 36


13748 39 52 36
39 52
39 36


13749 39 52 36
39 52
39 36


13750 39 52 36
39 52
39 36


13751 39 52 36
39 52
39 36


13752 39 52 36
39 52
39 36


13753 39 52 36
39 52
39 36


13754 39 52 36
39 52
39 36


13755 39 52 36
39 52
39 36


13756 39 52 36
39 52
39 36


13757 39 52 36
39 52
39 36


13758 39 52 36
39 52
39 36


13759 39 52 36
39 52
39 36


13760 39 52 36
39 52
39 36


13761 39 52 36
39 52
39 36


13762 39 52 36
39 52
39 36


13763 39 52 36
39 52
39 36


13764 39 52 36
39 52
39 36


13765 39 52 36
39 52
39 36


13766 39 52 36
39 52
39 36


13767 39 52 36
39 52
39 36


13768 39 52 36
39 52
39 36


13769 39 52 36
39 52
39 36


13770 39 52 36
39 52
39 36


13771 39 52 36
39 52
39 36


13772 39 52 36
39 52
39 36


13773 39 52 36
39 52
39 36


13774 39 52 36
39 52
39 36


13775 39 52 36
39 52
39 36


13776 39 52 36
39 52
39 36


13777 39 52 36
39 52
39 36


13778 39 52 36
39 52
39 36


13779 39 52 36
39 52
39 36


13780 39 52 36
39 52
39 36


13781 39 52 36
39 52
39 36


13782 39 52 36
39 52
39 36


13783 39 52 36
39 52
39 36


13784 39 52 36
39 52
39 36


13785 39 52 36
39 52
39 36


13786 39 52 36
39 52
39 36


13787 39 52 36
39 52
39 36


13788 39 52 36
39 52
39 36


13789 39 52 36
39 52
39 36


13790 39 52 36
39 52
39 36


13791 39 52 36
39 52
39 36


13792 39 52 36
39 52
39 36


13793 39 52 36
39 52
39 36


13794 39 52 36
39 52
39 36


13795 39 52 36
39 52
39 36


13796 39 52 36
39 52
39 36


13797 39 52 36
39 52
39 36


13798 39 52 36
39 52
39 36


13799 39 52 36
39 52
39 36


13800 39 52 36
39 52
39 36


13801 39 52 36
39 52
39 36


13802 39 52 36
39 52
39 36


13803 39 52 36
39 52
39 36


13804 39 52 36
39 52
39 36


13805 39 52 36
39 52
39 36


13806 39 52 36
39 52
39 36


13807 39 52 36
39 52
39 36


13808 39 52 36
39 52
39 36


13809 39 52 36
39 52
39 36


13810 39 52 36
39 52
39 36


13811 39 52 36
39 52
39 36


13812 39 52 36
39 52
39 36


13813 39 52 36
39 52
39 36


13814 39 52 36
39 52
39 36


13815 39 52 36
39 52
39 36


13816 39 52 36
39 52
39 36


13817 39 52 36
39 52
39 36


13818 39 52 36
39 52
39 36


13819 39 52 36
39 52
39 36


13820 39 52 36
39 52
39 36


13821 39 52 36
39 52
39 36


13822 39 52 36
39 52
39 36


13823 39 52 36
39 52
39 36


13824 39 52 36
39 52
39 36


13825 39 52 36
39 52
39 36


13826 39 52 36
39 52
39 36


13827 39 52 36
39 52
39 36


13828 39 52 36
39 52
39 36


13829 39 52 36
39 52
39 36


13830 39 52 36
39 52
39 36


13831 39 52 36
39 52
39 36


13832 39 52 36
39 52
39 36


13833 39 52 36
39 52
39 36


13834 39 52 36
39 52
39 36


13835 39 52 36
39 52
39 36


13836 39 52 36
39 52
39 36


13837 39 52 36
39 52
39 36


13838 39 52 36
39 52
39 36


13839 39 52 36
39 52
39 36


13840 39 52 36
39 52
39 36


13841 39 52 36
39 52
39 36


13842 39 52 36
39 52
39 36


13843 39 52 36
39 52
39 36


13844 39 52 36
39 52
39 36


13845 39 52 36
39 52
39 36


13846 39 52 36
39 52
39 36


13847 39 52 36
39 52
39 36


13848 39 52 36
39 52
39 36


13849 39 52 36
39 52
39 36


13850 39 52 36
39 52
39 36


13851 39 52 36
39 52
39 36


13852 39 52 36
39 52
39 36


13853 39 52 36
39 52
39 36


13854 39 52 36
39 52
39 36


13855 39 52 36
39 52
39 36


13856 39 52 36
39 52
39 36


13857 39 52 36
39 52
39 36


13858 39 52 36
39 52
39 36


13859 39 52 36
39 52
39 36


13860 39 52 36
39 52
39 36


13861 39 52 36
39 52
39 36


13862 39 52 36
39 52
39 36


13863 39 52 36
39 52
39 36


13864 39 52 36
39 52
39 36


13865 39 52 36
39 52
39 36


13866 39 52 36
39 52
39 36


13867 39 52 36
39 52
39 36


13868 39 52 36
39 52
39 36


13869 39 52 36
39 52
39 36


13870 39 52 36
39 52
39 36


13871 39 52 36
39 52
39 36


13872 39 52 36
39 52
39 36


13873 39 52 36
39 52
39 36


13874 39 52 36
39 52
39 36


13875 39 52 36
39 52
39 36


13876 39 52 36
39 52
39 36


13877 39 52 36
39 52
39 36


13878 39 52 36
39 52
39 36


13879 39 52 36
39 52
39 36


13880 39 52 36
39 52
39 36


13881 39 52 36
39 52
39 36


13882 39 52 36
39 52
39 36


13883 39 52 36
39 52
39 36


13884 39 52 36
39 52
39 36


13885 39 52 36
39 52
39 36


13886 39 52 36
39 52
39 36


13887 39 52 36
39 52
39 36


13888 39 52 36
39 52
39 36


13889 39 52 36
39 52
39 36


13890 39 52 36
39 52
39 36


13891 39 52 36
39 52
39 36


13892 39 52 36
39 52
39 36


13893 39 52 36
39 52
39 36


13894 39 52 36
39 52
39 36


13895 39 52 36
39 52
39 36


13896 39 52 36
39 52
39 36


13897 39 52 36
39 52
39 36


13898 39 52 36
39 52
39 36


13899 39 52 36
39 52
39 36


13900 39 52 36
39 52
39 36


13901 39 52 36
39 52
39 36


13902 39 52 36
39 52
39 36


13903 39 52 36
39 52
39 36


13904 39 52 36
39 52
39 36


13905 39 52 36
39 52
39 36


13906 39 52 36
39 52
39 36


13907 39 52 36
39 52
39 36


13908 39 52 36
39 52
39 36


13909 39 52 36
39 52
39 36


13910 39 52 36
39 52
39 36


13911 39 52 36
39 52
39 36


13912 39 52 36
39 52
39 36


13913 39 52 36
39 52
39 36


13914 39 52 36
39 52
39 36


13915 39 52 36
39 52
39 36


13916 39 52 36
39 52
39 36


13917 39 52 36
39 52
39 36


13918 39 52 36
39 52
39 36


13919 39 52 36
39 52
39 36


13920 39 52 36
39 52
39 36


13921 39 52 36
39 52
39 36


13922 39 52 36
39 52
39 36


13923 39 52 36
39 52
39 36


13924 39 52 36
39 52
39 36


13925 39 52 36
39 52
39 36


13926 39 52 36
39 52
39 36


13927 39 52 36
39 52
39 36


13928 39 52 36
39 52
39 36


13929 39 52 36
39 52
39 36


13930 39 52 36
39 52
39 36


13931 39 52 36
39 52
39 36


13932 39 52 36
39 52
39 36


13933 39 52 36
39 52
39 36


13934 39 52 36
39 52
39 36


13935 39 52 36
39 52
39 36


13936 39 52 36
39 52
39 36


13937 39 52 36
39 52
39 36


13938 39 52 36
39 52
39 36


13939 39 52 36
39 52
39 36


13940 39 52 36
39 52
39 36


13941 39 52 36
39 52
39 36


13942 39 52 36
39 52
39 36


13943 39 52 36
39 52
39 36


13944 39 52 36
39 52
39 36


13945 39 52 36
39 52
39 36


13946 39 52 36
39 52
39 36


13947 39 52 36
39 52
39 36


13948 39 52 36
39 52
39 36


13949 39 52 36
39 52
39 36


13950 39 52 36
39 52
39 36


13951 39 52 36
39 52
39 36


13952 39 52 36
39 52
39 36


13953 39 52 36
39 52
39 36


13954 39 52 36
39 52
39 36


13955 39 52 36
39 52
39 36


13956 39 52 36
39 52
39 36


13957 39 52 36
39 52
39 36


13958 39 52 36
39 52
39 36


13959 39 52 36
39 52
39 36


13960 39 52 36
39 52
39 36


13961 39 52 36
39 52
39 36


13962 39 52 36
39 52
39 36


13963 39 52 36
39 52
39 36


13964 39 52 36
39 52
39 36


13965 39 52 36
39 52
39 36


13966 39 52 36
39 52
39 36


13967 39 52 36
39 52
39 36


13968 39 52 36
39 52
39 36


13969 39 52 36
39 52
39 36


13970 39 52 36
39 52
39 36


13971 39 52 36
39 52
39 36


13972 39 52 36
39 52
39 36


13973 39 52 36
39 52
39 36


13974 39 52 36
39 52
39 36


13975 39 52 36
39 52
39 36


13976 39 52 36
39 52
39 36


13977 39 52 36
39 52
39 36


13978 39 52 36
39 52
39 36


13979 39 52 36
39 52
39 36


13980 39 52 36
39 52
39 36


13981 39 52 36
39 52
39 36


13982 39 52 36
39 52
39 36


13983 39 52 36
39 52
39 36


13984 39 52 36
39 52
39 36


13985 39 52 36
39 52
39 36


13986 39 52 36
39 52
39 36


13987 39 52 36
39 52
39 36


13988 39 52 36
39 52
39 36


13989 39 52 36
39 52
39 36


13990 39 52 36
39 52
39 36


13991 39 52 36
39 52
39 36


13992 39 52 36
39 52
39 36


13993 39 52 36
39 52
39 36


13994 39 52 36
39 52
39 36


13995 39 52 36
39 52
39 36


13996 39 52 36
39 52
39 36


13997 39 52 36
39 52
39 36


13998 39 52 36
39 52
39 36


13999 39 52 36
39 52
39 36


14000 39 52 36
39 52
39 36


14001 39 52 36
39 52
39 36


14002 39 52 36
39 52
39 36


14003 39 52 36
39 52
39 36


14004 39 52 36
39 52
39 36


14005 39 52 36
39 52
39 36


14006 39 52 36
39 52
39 36


14007 39 52 36
39 52
39 36


14008 39 52 36
39 52
39 36


14009 39 52 36
39 52
39 36


14010 39 52 36
39 52
39 36


14011 39 52 36
39 52
39 36


14012 39 52 36
39 52
39 36


14013 39 52 36
39 52
39 36


14014 39 52 36
39 52
39 36


14015 39 52 36
39 52
39 36


14016 39 52 36
39 52
39 36


14017 39 52 36
39 52
39 36


14018 39 52 36
39 52
39 36


14019 39 52 36
39 52
39 36


14020 39 52 36
39 52
39 36


14021 39 52 36
39 52
39 36


14022 39 52 36
39 52
39 36


14023 39 52 36
39 52
39 36


14024 39 52 36
39 52
39 36


14025 39 52 36
39 52
39 36


14026 39 52 36
39 52
39 36


14027 39 52 36
39 52
39 36


14028 39 52 36
39 52
39 36


14029 39 52 36
39 52
39 36


14030 39 52 36
39 52
39 36


14031 39 52 36
39 52
39 36


14032 39 52 36
39 52
39 36


14033 39 52 36
39 52
39 36


14034 39 52 36
39 52
39 36


14035 39 52 36
39 52
39 36


14036 39 52 36
39 52
39 36


14037 39 52 36
39 52
39 36


14038 39 52 36
39 52
39 36


14039 39 52 36
39 52
39 36


14040 39 52 36
39 52
39 36


14041 39 52 36
39 52
39 36


14042 39 52 36
39 52
39 36


14043 39 52 36
39 52
39 36


14044 39 52 36
39 52
39 36


14045 39 52 36
39 52
39 36


14046 39 52 36
39 52
39 36


14047 39 52 36
39 52
39 36


14048 39 52 36
39 52
39 36


14049 39 52 36
39 52
39 36


14050 39 52 36
39 52
39 36


14051 39 52 36
39 52
39 36


14052 39 52 36
39 52
39 36


14053 39 52 36
39 52
39 36


14054 39 52 36
39 52
39 36


14055 39 52 36
39 52
39 36


14056 39 52 36
39 52
39 36


14057 39 52 36
39 52
39 36


14058 39 52 36
39 52
39 36


14059 39 52 36
39 52
39 36


14060 39 52 36
39 52
39 36


14061 39 52 36
39 52
39 36


14062 39 52 36
39 52
39 36


14063 39 52 36
39 52
39 36


14064 39 52 36
39 52
39 36


14065 39 52 36
39 52
39 36


14066 39 52 36
39 52
39 36


14067 39 52 36
39 52
39 36


14068 39 52 36
39 52
39 36


14069 39 52 36
39 52
39 36


14070 39 52 36
39 52
39 36


14071 39 52 36
39 52
39 36


14072 39 52 36
39 52
39 36


14073 39 52 36
39 52
39 36


14074 39 52 36
39 52
39 36


14075 39 52 36
39 52
39 36


14076 39 52 36
39 52
39 36


14077 39 52 36
39 52
39 36


14078 39 52 36
39 52
39 36


14079 39 52 36
39 52
39 36


14080 39 52 36
39 52
39 36


14081 39 52 36
39 52
39 36


14082 39 52 36
39 52
39 36


14083 39 52 36
39 52
39 36


14084 39 52 36
39 52
39 36


14085 39 52 36
39 52
39 36


14086 39 52 36
39 52
39 36


14087 39 52 36
39 52
39 36


14088 39 52 36
39 52
39 36


14089 39 52 36
39 52
39 36


14090 39 52 36
39 52
39 36


14091 39 52 36
39 52
39 36


14092 39 52 36
39 52
39 36


14093 39 52 36
39 52
39 36


14094 39 52 36
39 52
39 36


14095 39 52 36
39 52
39 36


14096 39 52 36
39 52
39 36


14097 39 52 36
39 52
39 36


14098 39 52 36
39 52
39 36


14099 39 52 36
39 52
39 36


14100 39 52 36
39 52
39 36


14101 39 52 36
39 52
39 36


14102 39 52 36
39 52
39 36


14103 39 52 36
39 52
39 36


14104 39 52 36
39 52
39 36


14105 39 52 36
39 52
39 36


14106 39 52 36
39 52
39 36


14107 39 52 36
39 52
39 36


14108 39 52 36
39 52
39 36


14109 39 52 36
39 52
39 36


14110 39 52 36
39 52
39 36


14111 39 52 36
39 52
39 36


14112 39 52 36
39 52
39 36


14113 39 52 36
39 52
39 36


14114 39 52 36
39 52
39 36


14115 39 52 36
39 52
39 36


19316 56 58 59
56 58
56 59


19317 56 58 59
56 58
56 59


19318 56 58 59
56 58
56 59


19319 56 58 59
56 58
56 59


19320 56 58 59
56 58
56 59


19321 56 58 59
56 58
56 59


19322 56 58 59
56 58
56 59


19323 56 58 59
56 58
56 59


19324 56 58 59
56 58
56 59


19325 56 58 59
56 58
56 59


19326 56 58 59
56 58
56 59


19327 56 58 59
56 58
56 59


19328 56 58 59
56 58
56 59


19329 56 58 59
56 58
56 59


19330 56 58 59
56 58
56 59


19331 56 58 59
56 58
56 59


19332 56 58 59
56 58
56 59


19333 56 58 59
56 58
56 59


19334 56 58 59
56 58
56 59


19335 56 58 59
56 58
56 59


19336 56 58 59
56 58
56 59


19337 56 58 59
56 58
56 59


19338 56 58 59
56 58
56 59


19339 56 58 59
56 58
56 59


19340 56 58 59
56 58
56 59


19341 56 58 59
56 58
56 59


19342 56 58 59
56 58
56 59


19343 56 58 59
56 58
56 59


19344 56 58 59
56 58
56 59


19345 56 58 59
56 58
56 59


19346 56 58 59
56 58
56 59


19347 56 58 59
56 58
56 59


19348 56 58 59
56 58
56 59


19349 56 58 59
56 58
56 59


19350 56 58 59
56 58
56 59


19351 56 58 59
56 58
56 59


19352 56 58 59
56 58
56 59


19353 56 58 59
56 58
56 59


19354 56 58 59
56 58
56 59


19355 56 58 59
56 58
56 59


19356 56 58 59
56 58
56 59


19357 56 58 59
56 58
56 59


19358 56 58 59
56 58
56 59


19359 56 58 59
56 58
56 59


19360 56 58 59
56 58
56 59


19361 56 58 59
56 58
56 59


19362 56 58 59
56 58
56 59


19363 56 58 59
56 58
56 59


19364 56 58 59
56 58
56 59


19365 56 58 59
56 58
56 59


19366 56 58 59
56 58
56 59


19367 56 58 59
56 58
56 59


19368 56 58 59
56 58
56 59


19369 56 58 59
56 58
56 59


19370 56 58 59
56 58
56 59


19371 56 58 59
56 58
56 59


19372 56 58 59
56 58
56 59


19373 56 58 59
56 58
56 59


19374 56 58 59
56 58
56 59


19375 56 58 59
56 58
56 59


19376 56 58 59
56 58
56 59


19377 56 58 59
56 58
56 59


19378 56 58 59
56 58
56 59


19379 56 58 59
56 58
56 59


19380 56 58 59
56 58
56 59


19381 56 58 59
56 58
56 59


19382 56 58 59
56 58
56 59


19383 56 58 59
56 58
56 59


19384 56 58 59
56 58
56 59


19385 56 58 59
56 58
56 59


19386 56 58 59
56 58
56 59


19387 56 58 59
56 58
56 59


19388 56 58 59
56 58
56 59


19389 56 58 59
56 58
56 59


19390 56 58 59
56 58
56 59


19391 56 58 59
56 58
56 59


19392 56 58 59
56 58
56 59


19393 56 58 59
56 58
56 59


19394 56 58 59
56 58
56 59


19395 56 58 59
56 58
56 59


19396 56 58 59
56 58
56 59


19397 56 58 59
56 58
56 59


19398 56 58 59
56 58
56 59


19399 56 58 59
56 58
56 59


19400 56 58 59
56 58
56 59


19401 56 58 59
56 58
56 59


19402 56 58 59
56 58
56 59


19403 56 58 59
56 58
56 59


19404 56 58 59
56 58
56 59


19405 56 58 59
56 58
56 59


19406 56 58 59
56 58
56 59


19407 56 58 59
56 58
56 59


19408 56 58 59
56 58
56 59


19409 56 58 59
56 58
56 59


19410 56 58 59
56 58
56 59


19411 56 58 59
56 58
56 59


19412 56 58 59
56 58
56 59


19413 56 58 59
56 58
56 59


19414 56 58 59
56 58
56 59


19415 56 58 59
56 58
56 59


19416 56 58 59
56 58
56 59


19417 56 58 59
56 58
56 59


19418 56 58 59
56 58
56 59


19419 56 58 59
56 58
56 59


19420 56 58 59
56 58
56 59


19421 56 58 59
56 58
56 59


19422 56 58 59
56 58
56 59


19423 56 58 59
56 58
56 59


19424 56 58 59
56 58
56 59


19425 56 58 59
56 58
56 59


19426 56 58 59
56 58
56 59


19427 56 58 59
56 58
56 59


19428 56 58 59
56 58
56 59


19429 56 58 59
56 58
56 59


19430 56 58 59
56 58
56 59


19431 56 58 59
56 58
56 59


19432 56 58 59
56 58
56 59


19433 56 58 59
56 58
56 59


19434 56 58 59
56 58
56 59


19435 56 58 59
56 58
56 59


19436 56 58 59
56 58
56 59


19437 56 58 59
56 58
56 59


19438 56 58 59
56 58
56 59


19439 56 58 59
56 58
56 59


19440 56 58 59
56 58
56 59


19441 56 58 59
56 58
56 59


19442 56 58 59
56 58
56 59


19443 56 58 59
56 58
56 59


19444 56 58 59
56 58
56 59


19445 56 58 59
56 58
56 59


19446 56 58 59
56 58
56 59


19447 56 58 59
56 58
56 59


19448 56 58 59
56 58
56 59


19449 56 58 59
56 58
56 59


19450 56 58 59
56 58
56 59


19451 56 58 59
56 58
56 59


19452 56 58 59
56 58
56 59


19453 56 58 59
56 58
56 59


19454 56 58 59
56 58
56 59


19455 56 58 59
56 58
56 59


19456 56 58 59
56 58
56 59


19457 56 58 59
56 58
56 59


19458 56 58 59
56 58
56 59


19459 56 58 59
56 58
56 59


19460 56 58 59
56 58
56 59


19461 56 58 59
56 58
56 59


19462 56 58 59
56 58
56 59


19463 56 58 59
56 58
56 59


19464 56 58 59
56 58
56 59


19465 56 58 59
56 58
56 59


19466 56 58 59
56 58
56 59


19467 56 58 59
56 58
56 59


19468 56 58 59
56 58
56 59


19469 56 58 59
56 58
56 59


19470 56 58 59
56 58
56 59


19471 56 58 59
56 58
56 59


19472 56 58 59
56 58
56 59


19473 56 58 59
56 58
56 59


19474 56 58 59
56 58
56 59


19475 56 58 59
56 58
56 59


19476 56 58 59
56 58
56 59


19477 56 58 59
56 58
56 59


19478 56 58 59
56 58
56 59


19479 56 58 59
56 58
56 59


19480 56 58 59
56 58
56 59


19481 56 58 59
56 58
56 59


19482 56 58 59
56 58
56 59


19483 56 58 59
56 58
56 59


19484 56 58 59
56 58
56 59


19485 56 58 59
56 58
56 59


19486 56 58 59
56 58
56 59


19487 56 58 59
56 58
56 59


19488 56 58 59
56 58
56 59


19489 56 58 59
56 58
56 59


19490 56 58 59
56 58
56 59


19491 56 58 59
56 58
56 59


19492 56 58 59
56 58
56 59


19493 56 58 59
56 58
56 59


19494 56 58 59
56 58
56 59


19495 56 58 59
56 58
56 59


19496 56 58 59
56 58
56 59


19497 56 58 59
56 58
56 59


19498 56 58 59
56 58
56 59


19499 56 58 59
56 58
56 59


19500 56 58 59
56 58
56 59


19501 56 58 59
56 58
56 59


19502 56 58 59
56 58
56 59


19503 56 58 59
56 58
56 59


19504 56 58 59
56 58
56 59


19505 56 58 59
56 58
56 59


19506 56 58 59
56 58
56 59


19507 56 58 59
56 58
56 59


19508 56 58 59
56 58
56 59


19509 56 58 59
56 58
56 59


19510 56 58 59
56 58
56 59


19511 56 58 59
56 58
56 59


19512 56 58 59
56 58
56 59


19513 56 58 59
56 58
56 59


19514 56 58 59
56 58
56 59


19515 56 58 59
56 58
56 59


19516 56 58 59
56 58
56 59


19517 56 58 59
56 58
56 59


19518 56 58 59
56 58
56 59


19519 56 58 59
56 58
56 59


19520 56 58 59
56 58
56 59


19521 56 58 59
56 58
56 59


19522 56 58 59
56 58
56 59


19523 56 58 59
56 58
56 59


19524 56 58 59
56 58
56 59


19525 56 58 59
56 58
56 59


19526 56 58 59
56 58
56 59


19527 56 58 59
56 58
56 59


19528 56 58 59
56 58
56 59


19529 56 58 59
56 58
56 59


19530 56 58 59
56 58
56 59


19531 56 58 59
56 58
56 59


19532 56 58 59
56 58
56 59


19533 56 58 59
56 58
56 59


19534 56 58 59
56 58
56 59


19535 56 58 59
56 58
56 59


19536 56 58 59
56 58
56 59


19537 56 58 59
56 58
56 59


19538 56 58 59
56 58
56 59


19539 56 58 59
56 58
56 59


19540 56 58 59
56 58
56 59


19541 56 58 59
56 58
56 59


19542 56 58 59
56 58
56 59


19543 56 58 59
56 58
56 59


19544 56 58 59
56 58
56 59


19545 56 58 59
56 58
56 59


19546 56 58 59
56 58
56 59


19547 56 58 59
56 58
56 59


19548 56 58 59
56 58
56 59


19549 56 58 59
56 58
56 59


19550 56 58 59
56 58
56 59


19551 56 58 59
56 58
56 59


19552 56 58 59
56 58
56 59


19553 56 58 59
56 58
56 59


19554 56 58 59
56 58
56 59


19555 56 58 59
56 58
56 59


19556 56 58 59
56 58
56 59


19557 56 58 59
56 58
56 59


19558 56 58 59
56 58
56 59


19559 56 58 59
56 58
56 59


19560 56 58 59
56 58
56 59


19561 56 58 59
56 58
56 59


19562 56 58 59
56 58
56 59


19563 56 58 59
56 58
56 59


19564 56 58 59
56 58
56 59


19565 56 58 59
56 58
56 59


19566 56 58 59
56 58
56 59


19567 56 58 59
56 58
56 59


19568 56 58 59
56 58
56 59


19569 56 58 59
56 58
56 59


19570 56 58 59
56 58
56 59


19571 56 58 59
56 58
56 59


19572 56 58 59
56 58
56 59


19573 56 58 59
56 58
56 59


19574 56 58 59
56 58
56 59


19575 56 58 59
56 58
56 59


19576 56 58 59
56 58
56 59


19577 56 58 59
56 58
56 59


19578 56 58 59
56 58
56 59


19579 56 58 59
56 58
56 59


19580 56 58 59
56 58
56 59


19581 56 58 59
56 58
56 59


19582 56 58 59
56 58
56 59


19583 56 58 59
56 58
56 59


19584 56 58 59
56 58
56 59


19585 56 58 59
56 58
56 59


19586 56 58 59
56 58
56 59


19587 56 58 59
56 58
56 59


19588 56 58 59
56 58
56 59


19589 56 58 59
56 58
56 59


19590 56 58 59
56 58
56 59


19591 56 58 59
56 58
56 59


19592 56 58 59
56 58
56 59


19593 56 58 59
56 58
56 59


19594 56 58 59
56 58
56 59


19595 56 58 59
56 58
56 59


19596 56 58 59
56 58
56 59


19597 56 58 59
56 58
56 59


19598 56 58 59
56 58
56 59


19599 56 58 59
56 58
56 59


19600 56 58 59
56 58
56 59


19601 56 58 59
56 58
56 59


19602 56 58 59
56 58
56 59


19603 56 58 59
56 58
56 59


19604 56 58 59
56 58
56 59


19605 56 58 59
56 58
56 59


19606 56 58 59
56 58
56 59


19607 56 58 59
56 58
56 59


19608 56 58 59
56 58
56 59


19609 56 58 59
56 58
56 59


19610 56 58 59
56 58
56 59


19611 56 58 59
56 58
56 59


19612 56 58 59
56 58
56 59


19613 56 58 59
56 58
56 59


19614 56 58 59
56 58
56 59


19615 56 58 59
56 58
56 59


19616 56 58 59
56 58
56 59


19617 56 58 59
56 58
56 59


19618 56 58 59
56 58
56 59


19619 56 58 59
56 58
56 59


19620 56 58 59
56 58
56 59


19621 56 58 59
56 58
56 59


19622 56 58 59
56 58
56 59


19623 56 58 59
56 58
56 59


19624 56 58 59
56 58
56 59


19625 56 58 59
56 58
56 59


19626 56 58 59
56 58
56 59


19627 56 58 59
56 58
56 59


19628 56 58 59
56 58
56 59


19629 56 58 59
56 58
56 59


19630 56 58 59
56 58
56 59


19631 56 58 59
56 58
56 59


19632 56 58 59
56 58
56 59


19633 56 58 59
56 58
56 59


19634 56 58 59
56 58
56 59


19635 56 58 59
56 58
56 59


19636 56 58 59
56 58
56 59


19637 56 58 59
56 58
56 59


19638 56 58 59
56 58
56 59


19639 56 58 59
56 58
56 59


19640 56 58 59
56 58
56 59


19641 56 58 59
56 58
56 59


19642 56 58 59
56 58
56 59


19643 56 58 59
56 58
56 59


19644 56 58 59
56 58
56 59


19645 56 58 59
56 58
56 59


19646 56 58 59
56 58
56 59


19647 56 58 59
56 58
56 59


19648 56 58 59
56 58
56 59


19649 56 58 59
56 58
56 59


19650 56 58 59
56 58
56 59


19651 56 58 59
56 58
56 59


19652 56 58 59
56 58
56 59


19653 56 58 59
56 58
56 59


19654 56 58 59
56 58
56 59


19655 56 58 59
56 58
56 59


19656 56 58 59
56 58
56 59


19657 56 58 59
56 58
56 59


19658 56 58 59
56 58
56 59


19659 56 58 59
56 58
56 59


19660 56 58 59
56 58
56 59


19661 56 58 59
56 58
56 59


19662 56 58 59
56 58
56 59


19663 56 58 59
56 58
56 59


19664 56 58 59
56 58
56 59


19665 56 58 59
56 58
56 59


19666 56 58 59
56 58
56 59


19667 56 58 59
56 58
56 59


19668 56 58 59
56 58
56 59


19669 56 58 59
56 58
56 59


19670 56 58 59
56 58
56 59


19671 56 58 59
56 58
56 59


19672 56 58 59
56 58
56 59


19673 56 58 59
56 58
56 59


19674 56 58 59
56 58
56 59


19675 56 58 59
56 58
56 59


19676 56 58 59
56 58
56 59


19677 56 58 59
56 58
56 59


19678 56 58 59
56 58
56 59


19679 56 58 59
56 58
56 59


19680 56 58 59
56 58
56 59


19681 56 58 59
56 58
56 59


19682 56 58 59
56 58
56 59


19683 56 58 59
56 58
56 59


19684 56 58 59
56 58
56 59


19685 56 58 59
56 58
56 59


19686 56 58 59
56 58
56 59


19687 56 58 59
56 58
56 59


19688 56 58 59
56 58
56 59


19689 56 58 59
56 58
56 59


19690 56 58 59
56 58
56 59


19691 56 58 59
56 58
56 59


19692 56 58 59
56 58
56 59


19693 56 58 59
56 58
56 59


19694 56 58 59
56 58
56 59


19695 56 58 59
56 58
56 59


19696 56 58 59
56 58
56 59


19697 56 58 59
56 58
56 59


19698 56 58 59
56 58
56 59


19699 56 58 59
56 58
56 59


19700 56 58 59
56 58
56 59


19701 56 58 59
56 58
56 59


19702 56 58 59
56 58
56 59


19703 56 58 59
56 58
56 59


19704 56 58 59
56 58
56 59


19705 56 58 59
56 58
56 59


19706 56 58 59
56 58
56 59


19707 56 58 59
56 58
56 59


19708 56 58 59
56 58
56 59


19709 56 58 59
56 58
56 59


19710 56 58 59
56 58
56 59


19711 56 58 59
56 58
56 59


19712 56 58 59
56 58
56 59


19713 56 58 59
56 58
56 59


19714 56 58 59
56 58
56 59


19715 56 58 59
56 58
56 59


19716 56 58 59
56 58
56 59


19717 56 58 59
56 58
56 59


19718 56 58 59
56 58
56 59


19719 56 58 59
56 58
56 59


19720 56 58 59
56 58
56 59


19721 56 58 59
56 58
56 59


19722 56 58 59
56 58
56 59


19723 56 58 59
56 58
56 59


19724 56 58 59
56 58
56 59


19725 56 58 59
56 58
56 59


19726 56 58 59
56 58
56 59


19727 56 58 59
56 58
56 59


19728 56 58 59
56 58
56 59


19729 56 58 59
56 58
56 59


19730 56 58 59
56 58
56 59


19731 56 58 59
56 58
56 59


19732 56 58 59
56 58
56 59


19733 56 58 59
56 58
56 59


19734 56 58 59
56 58
56 59


19735 56 58 59
56 58
56 59


19736 56 58 59
56 58
56 59


19737 56 58 59
56 58
56 59


19738 56 58 59
56 58
56 59


19739 56 58 59
56 58
56 59


19740 56 58 59
56 58
56 59


19741 56 58 59
56 58
56 59


19742 56 58 59
56 58
56 59


19743 56 58 59
56 58
56 59


19744 56 58 59
56 58
56 59


19745 56 58 59
56 58
56 59


19746 56 58 59
56 58
56 59


19747 56 58 59
56 58
56 59


19748 56 58 59
56 58
56 59


19749 56 58 59
56 58
56 59


19750 56 58 59
56 58
56 59


19751 56 58 59
56 58
56 59


19752 56 58 59
56 58
56 59


19753 56 58 59
56 58
56 59


19754 56 58 59
56 58
56 59


19755 56 58 59
56 58
56 59


19756 56 58 59
56 58
56 59


19757 56 58 59
56 58
56 59


19758 56 58 59
56 58
56 59


19759 56 58 59
56 58
56 59


19760 56 58 59
56 58
56 59


19761 56 58 59
56 58
56 59


19762 56 58 59
56 58
56 59


19763 56 58 59
56 58
56 59


19764 56 58 59
56 58
56 59


19765 56 58 59
56 58
56 59


19766 56 58 59
56 58
56 59


19767 56 58 59
56 58
56 59


19768 56 58 59
56 58
56 59


19769 56 58 59
56 58
56 59


19770 56 58 59
56 58
56 59


19771 56 58 59
56 58
56 59


19772 56 58 59
56 58
56 59


19773 56 58 59
56 58
56 59


19774 56 58 59
56 58
56 59


19775 56 58 59
56 58
56 59


19776 56 58 59
56 58
56 59


19777 56 58 59
56 58
56 59


19778 56 58 59
56 58
56 59


19779 56 58 59
56 58
56 59


19780 56 58 59
56 58
56 59


19781 56 58 59
56 58
56 59


19782 56 58 59
56 58
56 59


19783 56 58 59
56 58
56 59


19784 56 58 59
56 58
56 59


19785 56 58 59
56 58
56 59


19786 56 58 59
56 58
56 59


19787 56 58 59
56 58
56 59


19788 56 58 59
56 58
56 59


19789 56 58 59
56 58
56 59


19790 56 58 59
56 58
56 59


19791 56 58 59
56 58
56 59


19792 56 58 59
56 58
56 59


19793 56 58 59
56 58
56 59


19794 56 58 59
56 58
56 59


19795 56 58 59
56 58
56 59


19796 56 58 59
56 58
56 59


19797 56 58 59
56 58
56 59


19798 56 58 59
56 58
56 59


19799 56 58 59
56 58
56 59


19800 56 58 59
56 58
56 59


19801 56 58 59
56 58
56 59


19802 56 58 59
56 58
56 59


19803 56 58 59
56 58
56 59


19804 56 58 59
56 58
56 59


19805 56 58 59
56 58
56 59


19806 56 58 59
56 58
56 59


19807 56 58 59
56 58
56 59


19808 56 58 59
56 58
56 59


19809 56 58 59
56 58
56 59


19810 56 58 59
56 58
56 59


19811 56 58 59
56 58
56 59


19812 56 58 59
56 58
56 59


19813 56 58 59
56 58
56 59


19814 56 58 59
56 58
56 59


19815 56 58 59
56 58
56 59


19816 56 58 59
56 58
56 59


19817 56 58 59
56 58
56 59


19818 56 58 59
56 58
56 59


19819 56 58 59
56 58
56 59


19820 56 58 59
56 58
56 59


19821 56 58 59
56 58
56 59


19822 56 58 59
56 58
56 59


19823 56 58 59
56 58
56 59


19824 56 58 59
56 58
56 59


19825 56 58 59
56 58
56 59


19826 56 58 59
56 58
56 59


19827 56 58 59
56 58
56 59


25028 30 62 61
30 62
30 61


25029 30 62 61
30 62
30 61


25030 30 62 61
30 62
30 61


25031 30 62 61
30 62
30 61


25032 30 62 61
30 62
30 61


25033 30 62 61
30 62
30 61


25034 30 62 61
30 62
30 61


25035 30 62 61
30 62
30 61


25036 30 62 61
30 62
30 61


25037 30 62 61
30 62
30 61


25038 30 62 61
30 62
30 61


25039 30 62 61
30 62
30 61


25040 30 62 61
30 62
30 61


25041 30 62 61
30 62
30 61


25042 30 62 61
30 62
30 61


25043 30 62 61
30 62
30 61


25044 30 62 61
30 62
30 61


25045 30 62 61
30 62
30 61


25046 30 62 61
30 62
30 61


25047 30 62 61
30 62
30 61


25048 30 62 61
30 62
30 61


25049 30 62 61
30 62
30 61


25050 30 62 61
30 62
30 61


25051 30 62 61
30 62
30 61


25052 30 62 61
30 62
30 61


25053 30 62 61
30 62
30 61


25054 30 62 61
30 62
30 61


25055 30 62 61
30 62
30 61


25056 30 62 61
30 62
30 61


25057 30 62 61
30 62
30 61


25058 30 62 61
30 62
30 61


25059 30 62 61
30 62
30 61


25060 30 62 61
30 62
30 61


25061 30 62 61
30 62
30 61


25062 30 62 61
30 62
30 61


25063 30 62 61
30 62
30 61


25064 30 62 61
30 62
30 61


25065 30 62 61
30 62
30 61


25066 30 62 61
30 62
30 61


25067 30 62 61
30 62
30 61


25068 30 62 61
30 62
30 61


25069 30 62 61
30 62
30 61


25070 30 62 61
30 62
30 61


25071 30 62 61
30 62
30 61


25072 30 62 61
30 62
30 61


25073 30 62 61
30 62
30 61


25074 30 62 61
30 62
30 61


25075 30 62 61
30 62
30 61


25076 30 62 61
30 62
30 61


25077 30 62 61
30 62
30 61


25078 30 62 61
30 62
30 61


25079 30 62 61
30 62
30 61


25080 30 62 61
30 62
30 61


25081 30 62 61
30 62
30 61


25082 30 62 61
30 62
30 61


25083 30 62 61
30 62
30 61


25084 30 62 61
30 62
30 61


25085 30 62 61
30 62
30 61


25086 30 62 61
30 62
30 61


25087 30 62 61
30 62
30 61


25088 30 62 61
30 62
30 61


25089 30 62 61
30 62
30 61


25090 30 62 61
30 62
30 61


25091 30 62 61
30 62
30 61


25092 30 62 61
30 62
30 61


25093 30 62 61
30 62
30 61


25094 30 62 61
30 62
30 61


25095 30 62 61
30 62
30 61


25096 30 62 61
30 62
30 61


25097 30 62 61
30 62
30 61


25098 30 62 61
30 62
30 61


25099 30 62 61
30 62
30 61


25100 30 62 61
30 62
30 61


25101 30 62 61
30 62
30 61


25102 30 62 61
30 62
30 61


25103 30 62 61
30 62
30 61


25104 30 62 61
30 62
30 61


25105 30 62 61
30 62
30 61


25106 30 62 61
30 62
30 61


25107 30 62 61
30 62
30 61


25108 30 62 61
30 62
30 61


25109 30 62 61
30 62
30 61


25110 30 62 61
30 62
30 61


25111 30 62 61
30 62
30 61


25112 30 62 61
30 62
30 61


25113 30 62 61
30 62
30 61


25114 30 62 61
30 62
30 61


25115 30 62 61
30 62
30 61


25116 30 62 61
30 62
30 61


25117 30 62 61
30 62
30 61


25118 30 62 61
30 62
30 61


25119 30 62 61
30 62
30 61


25120 30 62 61
30 62
30 61


25121 30 62 61
30 62
30 61


25122 30 62 61
30 62
30 61


25123 30 62 61
30 62
30 61


25124 30 62 61
30 62
30 61


25125 30 62 61
30 62
30 61


25126 30 62 61
30 62
30 61


25127 30 62 61
30 62
30 61


25128 30 62 61
30 62
30 61


25129 30 62 61
30 62
30 61


25130 30 62 61
30 62
30 61


25131 30 62 61
30 62
30 61


25132 30 62 61
30 62
30 61


25133 30 62 61
30 62
30 61


25134 30 62 61
30 62
30 61


25135 30 62 61
30 62
30 61


25136 30 62 61
30 62
30 61


25137 30 62 61
30 62
30 61


25138 30 62 61
30 62
30 61


25139 30 62 61
30 62
30 61


25140 30 62 61
30 62
30 61


25141 30 62 61
30 62
30 61


25142 30 62 61
30 62
30 61


25143 30 62 61
30 62
30 61


25144 30 62 61
30 62
30 61


25145 30 62 61
30 62
30 61


25146 30 62 61
30 62
30 61


25147 30 62 61
30 62
30 61


25148 30 62 61
30 62
30 61


25149 30 62 61
30 62
30 61


25150 30 62 61
30 62
30 61


25151 30 62 61
30 62
30 61


25152 30 62 61
30 62
30 61


25153 30 62 61
30 62
30 61


25154 30 62 61
30 62
30 61


25155 30 62 61
30 62
30 61


25156 30 62 61
30 62
30 61


25157 30 62 61
30 62
30 61


25158 30 62 61
30 62
30 61


25159 30 62 61
30 62
30 61


25160 30 62 61
30 62
30 61


25161 30 62 61
30 62
30 61


25162 30 62 61
30 62
30 61


25163 30 62 61
30 62
30 61


25164 30 62 61
30 62
30 61


25165 30 62 61
30 62
30 61


25166 30 62 61
30 62
30 61


25167 30 62 61
30 62
30 61


25168 30 62 61
30 62
30 61


25169 30 62 61
30 62
30 61


25170 30 62 61
30 62
30 61


25171 30 62 61
30 62
30 61


25172 30 62 61
30 62
30 61


25173 30 62 61
30 62
30 61


25174 30 62 61
30 62
30 61


25175 30 62 61
30 62
30 61


25176 30 62 61
30 62
30 61


25177 30 62 61
30 62
30 61


25178 30 62 61
30 62
30 61


25179 30 62 61
30 62
30 61


25180 30 62 61
30 62
30 61


25181 30 62 61
30 62
30 61


25182 30 62 61
30 62
30 61


25183 30 62 61
30 62
30 61


25184 30 62 61
30 62
30 61


25185 30 62 61
30 62
30 61


25186 30 62 61
30 62
30 61


25187 30 62 61
30 62
30 61


25188 30 62 61
30 62
30 61


25189 30 62 61
30 62
30 61


25190 30 62 61
30 62
30 61


25191 30 62 61
30 62
30 61


25192 30 62 61
30 62
30 61


25193 30 62 61
30 62
30 61


25194 30 62 61
30 62
30 61


25195 30 62 61
30 62
30 61


25196 30 62 61
30 62
30 61


25197 30 62 61
30 62
30 61


25198 30 62 61
30 62
30 61


25199 30 62 61
30 62
30 61


25200 30 62 61
30 62
30 61


25201 30 62 61
30 62
30 61


25202 30 62 61
30 62
30 61


25203 30 62 61
30 62
30 61


25204 30 62 61
30 62
30 61


25205 30 62 61
30 62
30 61


25206 30 62 61
30 62
30 61


25207 30 62 61
30 62
30 61


25208 30 62 61
30 62
30 61


25209 30 62 61
30 62
30 61


25210 30 62 61
30 62
30 61


25211 30 62 61
30 62
30 61


25212 30 62 61
30 62
30 61


25213 30 62 61
30 62
30 61


25214 30 62 61
30 62
30 61


25215 30 62 61
30 62
30 61


25216 30 62 61
30 62
30 61


25217 30 62 61
30 62
30 61


25218 30 62 61
30 62
30 61


25219 30 62 61
30 62
30 61


25220 30 62 61
30 62
30 61


25221 30 62 61
30 62
30 61


25222 30 62 61
30 62
30 61


25223 30 62 61
30 62
30 61


25224 30 62 61
30 62
30 61


25225 30 62 61
30 62
30 61


25226 30 62 61
30 62
30 61


25227 30 62 61
30 62
30 61


25228 30 62 61
30 62
30 61


25229 30 62 61
30 62
30 61


25230 30 62 61
30 62
30 61


25231 30 62 61
30 62
30 61


25232 30 62 61
30 62
30 61


25233 30 62 61
30 62
30 61


25234 30 62 61
30 62
30 61


25235 30 62 61
30 62
30 61


25236 30 62 61
30 62
30 61


25237 30 62 61
30 62
30 61


25238 30 62 61
30 62
30 61


25239 30 62 61
30 62
30 61


25240 30 62 61
30 62
30 61


25241 30 62 61
30 62
30 61


25242 30 62 61
30 62
30 61


25243 30 62 61
30 62
30 61


25244 30 62 61
30 62
30 61


25245 30 62 61
30 62
30 61


25246 30 62 61
30 62
30 61


25247 30 62 61
30 62
30 61


25248 30 62 61
30 62
30 61


25249 30 62 61
30 62
30 61


25250 30 62 61
30 62
30 61


25251 30 62 61
30 62
30 61


25252 30 62 61
30 62
30 61


25253 30 62 61
30 62
30 61


25254 30 62 61
30 62
30 61


25255 30 62 61
30 62
30 61


25256 30 62 61
30 62
30 61


25257 30 62 61
30 62
30 61


25258 30 62 61
30 62
30 61


25259 30 62 61
30 62
30 61


25260 30 62 61
30 62
30 61


25261 30 62 61
30 62
30 61


25262 30 62 61
30 62
30 61


25263 30 62 61
30 62
30 61


25264 30 62 61
30 62
30 61


25265 30 62 61
30 62
30 61


25266 30 62 61
30 62
30 61


25267 30 62 61
30 62
30 61


25268 30 62 61
30 62
30 61


25269 30 62 61
30 62
30 61


25270 30 62 61
30 62
30 61


25271 30 62 61
30 62
30 61


25272 30 62 61
30 62
30 61


25273 30 62 61
30 62
30 61


25274 30 62 61
30 62
30 61


25275 30 62 61
30 62
30 61


25276 30 62 61
30 62
30 61


25277 30 62 61
30 62
30 61


25278 30 62 61
30 62
30 61


25279 30 62 61
30 62
30 61


25280 30 62 61
30 62
30 61


25281 30 62 61
30 62
30 61


25282 30 62 61
30 62
30 61


25283 30 62 61
30 62
30 61


25284 30 62 61
30 62
30 61


25285 30 62 61
30 62
30 61


25286 30 62 61
30 62
30 61


25287 30 62 61
30 62
30 61


25288 30 62 61
30 62
30 61


25289 30 62 61
30 62
30 61


25290 30 62 61
30 62
30 61


25291 30 62 61
30 62
30 61


25292 30 62 61
30 62
30 61


25293 30 62 61
30 62
30 61


25294 30 62 61
30 62
30 61


25295 30 62 61
30 62
30 61


25296 30 62 61
30 62
30 61


25297 30 62 61
30 62
30 61


25298 30 62 61
30 62
30 61


25299 30 62 61
30 62
30 61


25300 30 62 61
30 62
30 61


25301 30 62 61
30 62
30 61


25302 30 62 61
30 62
30 61


25303 30 62 61
30 62
30 61


25304 30 62 61
30 62
30 61


25305 30 62 61
30 62
30 61


25306 30 62 61
30 62
30 61


25307 30 62 61
30 62
30 61


25308 30 62 61
30 62
30 61


25309 30 62 61
30 62
30 61


25310 30 62 61
30 62
30 61


25311 30 62 61
30 62
30 61


25312 30 62 61
30 62
30 61


25313 30 62 61
30 62
30 61


25314 30 62 61
30 62
30 61


25315 30 62 61
30 62
30 61


25316 30 62 61
30 62
30 61


25317 30 62 61
30 62
30 61


25318 30 62 61
30 62
30 61


25319 30 62 61
30 62
30 61


25320 30 62 61
30 62
30 61


25321 30 62 61
30 62
30 61


25322 30 62 61
30 62
30 61


25323 30 62 61
30 62
30 61


25324 30 62 61
30 62
30 61


25325 30 62 61
30 62
30 61


25326 30 62 61
30 62
30 61


25327 30 62 61
30 62
30 61


25328 30 62 61
30 62
30 61


25329 30 62 61
30 62
30 61


25330 30 62 61
30 62
30 61


25331 30 62 61
30 62
30 61


25332 30 62 61
30 62
30 61


25333 30 62 61
30 62
30 61


25334 30 62 61
30 62
30 61


25335 30 62 61
30 62
30 61


25336 30 62 61
30 62
30 61


25337 30 62 61
30 62
30 61


25338 30 62 61
30 62
30 61


25339 30 62 61
30 62
30 61


25340 30 62 61
30 62
30 61


25341 30 62 61
30 62
30 61


25342 30 62 61
30 62
30 61


25343 30 62 61
30 62
30 61


25344 30 62 61
30 62
30 61


25345 30 62 61
30 62
30 61


25346 30 62 61
30 62
30 61


25347 30 62 61
30 62
30 61


25348 30 62 61
30 62
30 61


25349 30 62 61
30 62
30 61


25350 30 62 61
30 62
30 61


25351 30 62 61
30 62
30 61


25352 30 62 61
30 62
30 61


25353 30 62 61
30 62
30 61


25354 30 62 61
30 62
30 61


25355 30 62 61
30 62
30 61


25356 30 62 61
30 62
30 61


25357 30 62 61
30 62
30 61


25358 30 62 61
30 62
30 61


25359 30 62 61
30 62
30 61


25360 30 62 61
30 62
30 61


25361 30 62 61
30 62
30 61


25362 30 62 61
30 62
30 61


25363 30 62 61
30 62
30 61


25364 30 62 61
30 62
30 61


25365 30 62 61
30 62
30 61


25366 30 62 61
30 62
30 61


25367 30 62 61
30 62
30 61


25368 30 62 61
30 62
30 61


25369 30 62 61
30 62
30 61


25370 30 62 61
30 62
30 61


25371 30 62 61
30 62
30 61


25372 30 62 61
30 62
30 61


25373 30 62 61
30 62
30 61


25374 30 62 61
30 62
30 61


25375 30 62 61
30 62
30 61


25376 30 62 61
30 62
30 61


25377 30 62 61
30 62
30 61


25378 30 62 61
30 62
30 61


25379 30 62 61
30 62
30 61


25380 30 62 61
30 62
30 61


25381 30 62 61
30 62
30 61


25382 30 62 61
30 62
30 61


25383 30 62 61
30 62
30 61


25384 30 62 61
30 62
30 61


25385 30 62 61
30 62
30 61


25386 30 62 61
30 62
30 61


25387 30 62 61
30 62
30 61


25388 30 62 61
30 62
30 61


25389 30 62 61
30 62
30 61


25390 30 62 61
30 62
30 61


25391 30 62 61
30 62
30 61


25392 30 62 61
30 62
30 61


25393 30 62 61
30 62
30 61


25394 30 62 61
30 62
30 61


25395 30 62 61
30 62
30 61


25396 30 62 61
30 62
30 61


25397 30 62 61
30 62
30 61


25398 30 62 61
30 62
30 61


25399 30 62 61
30 62
30 61


25400 30 62 61
30 62
30 61


25401 30 62 61
30 62
30 61


25402 30 62 61
30 62
30 61


25403 30 62 61
30 62
30 61


25404 30 62 61
30 62
30 61


25405 30 62 61
30 62
30 61


25406 30 62 61
30 62
30 61


25407 30 62 61
30 62
30 61


25408 30 62 61
30 62
30 61


25409 30 62 61
30 62
30 61


25410 30 62 61
30 62
30 61


25411 30 62 61
30 62
30 61


25412 30 62 61
30 62
30 61


25413 30 62 61
30 62
30 61


25414 30 62 61
30 62
30 61


25415 30 62 61
30 62
30 61


25416 30 62 61
30 62
30 61


25417 30 62 61
30 62
30 61


25418 30 62 61
30 62
30 61


25419 30 62 61
30 62
30 61


25420 30 62 61
30 62
30 61


25421 30 62 61
30 62
30 61


25422 30 62 61
30 62
30 61


25423 30 62 61
30 62
30 61


25424 30 62 61
30 62
30 61


25425 30 62 61
30 62
30 61


25426 30 62 61
30 62
30 61


25427 30 62 61
30 62
30 61


25428 30 62 61
30 62
30 61


25429 30 62 61
30 62
30 61


25430 30 62 61
30 62
30 61


25431 30 62 61
30 62
30 61


25432 30 62 61
30 62
30 61


25433 30 62 61
30 62
30 61


25434 30 62 61
30 62
30 61


25435 30 62 61
30 62
30 61


25436 30 62 61
30 62
30 61


25437 30 62 61
30 62
30 61


25438 30 62 61
30 62
30 61


25439 30 62 61
30 62
30 61


25440 30 62 61
30 62
30 61


25441 30 62 61
30 62
30 61


25442 30 62 61
30 62
30 61


25443 30 62 61
30 62
30 61


25444 30 62 61
30 62
30 61


25445 30 62 61
30 62
30 61


25446 30 62 61
30 62
30 61


25447 30 62 61
30 62
30 61


25448 30 62 61
30 62
30 61


25449 30 62 61
30 62
30 61


25450 30 62 61
30 62
30 61


25451 30 62 61
30 62
30 61


25452 30 62 61
30 62
30 61


25453 30 62 61
30 62
30 61


25454 30 62 61
30 62
30 61


25455 30 62 61
30 62
30 61


25456 30 62 61
30 62
30 61


25457 30 62 61
30 62
30 61


25458 30 62 61
30 62
30 61


25459 30 62 61
30 62
30 61


25460 30 62 61
30 62
30 61


25461 30 62 61
30 62
30 61


25462 30 62 61
30 62
30 61


25463 30 62 61
30 62
30 61


25464 30 62 61
30 62
30 61


25465 30 62 61
30 62
30 61


25466 30 62 61
30 62
30 61


25467 30 62 61
30 62
30 61


25468 30 62 61
30 62
30 61


25469 30 62 61
30 62
30 61


25470 30 62 61
30 62
30 61


25471 30 62 61
30 62
30 61


25472 30 62 61
30 62
30 61


25473 30 62 61
30 62
30 61


25474 30 62 61
30 62
30 61


25475 30 62 61
30 62
30 61


25476 30 62 61
30 62
30 61


25477 30 62 61
30 62
30 61


25478 30 62 61
30 62
30 61


25479 30 62 61
30 62
30 61


25480 30 62 61
30 62
30 61


25481 30 62 61
30 62
30 61


25482 30 62 61
30 62
30 61


25483 30 62 61
30 62
30 61


25484 30 62 61
30 62
30 61


25485 30 62 61
30 62
30 61


25486 30 62 61
30 62
30 61


25487 30 62 61
30 62
30 61


25488 30 62 61
30 62
30 61


25489 30 62 61
30 62
30 61


25490 30 62 61
30 62
30 61


25491 30 62 61
30 62
30 61


25492 30 62 61
30 62
30 61


25493 30 62 61
30 62
30 61


25494 30 62 61
30 62
30 61


25495 30 62 61
30 62
30 61


25496 30 62 61
30 62
30 61


25497 30 62 61
30 62
30 61


25498 30 62 61
30 62
30 61


25499 30 62 61
30 62
30 61


25500 30 62 61
30 62
30 61


25501 30 62 61
30 62
30 61


25502 30 62 61
30 62
30 61


25503 30 62 61
30 62
30 61


25504 30 62 61
30 62
30 61


25505 30 62 61
30 62
30 61


25506 30 62 61
30 62
30 61


25507 30 62 61
30 62
30 61


25508 30 62 61
30 62
30 61


25509 30 62 61
30 62
30 61


25510 30 62 61
30 62
30 61


25511 30 62 61
30 62
30 61


25512 30 62 61
30 62
30 61


25513 30 62 61
30 62
30 61


25514 30 62 61
30 62
30 61


25515 30 62 61
30 62
30 61


25516 30 62 61
30 62
30 61


25517 30 62 61
30 62
30 61


25518 30 62 61
30 62
30 61


25519 30 62 61
30 62
30 61


25520 30 62 61
30 62
30 61


25521 30 62 61
30 62
30 61


25522 30 62 61
30 62
30 61


25523 30 62 61
30 62
30 61


25524 30 62 61
30 62
30 61


25525 30 62 61
30 62
30 61


25526 30 62 61
30 62
30 61


25527 30 62 61
30 62
30 61


25528 30 62 61
30 62
30 61


25529 30 62 61
30 62
30 61


25530 30 62 61
30 62
30 61


25531 30 62 61
30 62
30 61


25532 30 62 61
30 62
30 61


25533 30 62 61
30 62
30 61


25534 30 62 61
30 62
30 61


25535 30 62 61
30 62
30 61


25536 30 62 61
30 62
30 61


25537 30 62 61
30 62
30 61


25538 30 62 61
30 62
30 61


25539 30 62 61
30 62
30 61


