0 3 0 1
3 0
3 1


1 3 0 1
3 0
3 1


2 3 0 1
3 0
3 1


3 3 0 1
3 0
3 1


4 3 0 1
3 0
3 1


5 3 0 1
3 0
3 1


6 3 0 1
3 0
3 1


7 3 0 1
3 0
3 1


8 3 0 1
3 0
3 1


9 3 0 1
3 0
3 1


10 3 0 1
3 0
3 1


11 3 0 1
3 0
3 1


12 3 0 1
3 0
3 1


13 3 0 1
3 0
3 1


14 3 0 1
3 0
3 1


15 3 0 1
3 0
3 1


81 6 0 1
6 0
6 1


82 6 0 1
6 0
6 1


83 6 0 1
6 0
6 1


84 6 0 1
6 0
6 1


85 6 0 1
6 0
6 1


86 6 0 1
6 0
6 1


87 6 0 1
6 0
6 1


88 6 0 1
6 0
6 1


89 6 0 1
6 0
6 1


90 6 0 1
6 0
6 1


91 6 0 1
6 0
6 1


92 6 0 1
6 0
6 1


93 6 0 1
6 0
6 1


94 6 0 1
6 0
6 1


95 6 0 1
6 0
6 1


96 6 0 1
6 0
6 1


243 0 8 7
0 8
0 7


244 0 8 7
0 8
0 7


245 0 8 7
0 8
0 7


246 0 8 7
0 8
0 7


247 0 8 7
0 8
0 7


248 0 8 7
0 8
0 7


249 0 8 7
0 8
0 7


250 0 8 7
0 8
0 7


251 0 8 7
0 8
0 7


252 0 8 7
0 8
0 7


253 0 8 7
0 8
0 7


254 0 8 7
0 8
0 7


255 0 8 7
0 8
0 7


256 0 8 7
0 8
0 7


257 0 8 7
0 8
0 7


258 0 8 7
0 8
0 7


324 4 24 21
4 24
4 21


325 4 24 21
4 24
4 21


326 4 24 21
4 24
4 21


327 4 24 21
4 24
4 21


328 4 24 21
4 24
4 21


329 4 24 21
4 24
4 21


330 4 24 21
4 24
4 21


331 4 24 21
4 24
4 21


332 4 24 21
4 24
4 21


333 4 24 21
4 24
4 21


334 4 24 21
4 24
4 21


335 4 24 21
4 24
4 21


336 4 24 21
4 24
4 21


337 4 24 21
4 24
4 21


338 4 24 21
4 24
4 21


339 4 24 21
4 24
4 21


340 4 24 21
4 24
4 21


341 4 24 21
4 24
4 21


342 4 24 21
4 24
4 21


343 4 24 21
4 24
4 21


344 4 24 21
4 24
4 21


345 4 24 21
4 24
4 21


346 4 24 21
4 24
4 21


347 4 24 21
4 24
4 21


348 4 24 21
4 24
4 21


349 4 24 21
4 24
4 21


350 4 24 21
4 24
4 21


351 4 24 21
4 24
4 21


352 4 24 21
4 24
4 21


353 4 24 21
4 24
4 21


354 4 24 21
4 24
4 21


355 4 24 21
4 24
4 21


356 4 24 21
4 24
4 21


357 4 24 21
4 24
4 21


358 4 24 21
4 24
4 21


359 4 24 21
4 24
4 21


360 4 24 21
4 24
4 21


361 4 24 21
4 24
4 21


362 4 24 21
4 24
4 21


363 4 24 21
4 24
4 21


364 4 24 21
4 24
4 21


365 4 24 21
4 24
4 21


366 4 24 21
4 24
4 21


367 4 24 21
4 24
4 21


368 4 24 21
4 24
4 21


369 4 24 21
4 24
4 21


370 4 24 21
4 24
4 21


371 4 24 21
4 24
4 21


372 4 24 21
4 24
4 21


373 4 24 21
4 24
4 21


374 4 24 21
4 24
4 21


375 4 24 21
4 24
4 21


376 4 24 21
4 24
4 21


377 4 24 21
4 24
4 21


378 4 24 21
4 24
4 21


379 4 24 21
4 24
4 21


380 4 24 21
4 24
4 21


381 4 24 21
4 24
4 21


382 4 24 21
4 24
4 21


383 4 24 21
4 24
4 21


384 4 24 21
4 24
4 21


385 4 24 21
4 24
4 21


386 4 24 21
4 24
4 21


387 4 24 21
4 24
4 21


645 9 20 0
9 20
9 0


646 9 20 0
9 20
9 0


647 9 20 0
9 20
9 0


648 9 20 0
9 20
9 0


649 9 20 0
9 20
9 0


650 9 20 0
9 20
9 0


651 9 20 0
9 20
9 0


652 9 20 0
9 20
9 0


653 9 20 0
9 20
9 0


654 9 20 0
9 20
9 0


655 9 20 0
9 20
9 0


656 9 20 0
9 20
9 0


657 9 20 0
9 20
9 0


658 9 20 0
9 20
9 0


659 9 20 0
9 20
9 0


660 9 20 0
9 20
9 0


661 9 20 0
9 20
9 0


662 9 20 0
9 20
9 0


663 9 20 0
9 20
9 0


664 9 20 0
9 20
9 0


665 9 20 0
9 20
9 0


666 9 20 0
9 20
9 0


667 9 20 0
9 20
9 0


668 9 20 0
9 20
9 0


669 9 20 0
9 20
9 0


670 9 20 0
9 20
9 0


671 9 20 0
9 20
9 0


672 9 20 0
9 20
9 0


673 9 20 0
9 20
9 0


674 9 20 0
9 20
9 0


675 9 20 0
9 20
9 0


676 9 20 0
9 20
9 0


677 9 20 0
9 20
9 0


678 9 20 0
9 20
9 0


679 9 20 0
9 20
9 0


680 9 20 0
9 20
9 0


681 9 20 0
9 20
9 0


682 9 20 0
9 20
9 0


683 9 20 0
9 20
9 0


684 9 20 0
9 20
9 0


685 9 20 0
9 20
9 0


686 9 20 0
9 20
9 0


687 9 20 0
9 20
9 0


688 9 20 0
9 20
9 0


689 9 20 0
9 20
9 0


690 9 20 0
9 20
9 0


691 9 20 0
9 20
9 0


692 9 20 0
9 20
9 0


693 9 20 0
9 20
9 0


694 9 20 0
9 20
9 0


695 9 20 0
9 20
9 0


696 9 20 0
9 20
9 0


697 9 20 0
9 20
9 0


698 9 20 0
9 20
9 0


699 9 20 0
9 20
9 0


700 9 20 0
9 20
9 0


701 9 20 0
9 20
9 0


702 9 20 0
9 20
9 0


703 9 20 0
9 20
9 0


704 9 20 0
9 20
9 0


705 9 20 0
9 20
9 0


706 9 20 0
9 20
9 0


707 9 20 0
9 20
9 0


708 9 20 0
9 20
9 0


709 9 20 0
9 20
9 0


710 9 20 0
9 20
9 0


711 9 20 0
9 20
9 0


712 9 20 0
9 20
9 0


713 9 20 0
9 20
9 0


714 9 20 0
9 20
9 0


715 9 20 0
9 20
9 0


716 9 20 0
9 20
9 0


717 9 20 0
9 20
9 0


718 9 20 0
9 20
9 0


719 9 20 0
9 20
9 0


720 9 20 0
9 20
9 0


721 9 20 0
9 20
9 0


722 9 20 0
9 20
9 0


723 9 20 0
9 20
9 0


724 9 20 0
9 20
9 0


725 9 20 0
9 20
9 0


726 9 20 0
9 20
9 0


727 9 20 0
9 20
9 0


728 9 20 0
9 20
9 0


729 9 20 0
9 20
9 0


730 9 20 0
9 20
9 0


731 9 20 0
9 20
9 0


732 9 20 0
9 20
9 0


733 9 20 0
9 20
9 0


734 9 20 0
9 20
9 0


735 9 20 0
9 20
9 0


736 9 20 0
9 20
9 0


737 9 20 0
9 20
9 0


738 9 20 0
9 20
9 0


739 9 20 0
9 20
9 0


740 9 20 0
9 20
9 0


741 9 20 0
9 20
9 0


742 9 20 0
9 20
9 0


743 9 20 0
9 20
9 0


744 9 20 0
9 20
9 0


745 9 20 0
9 20
9 0


746 9 20 0
9 20
9 0


747 9 20 0
9 20
9 0


748 9 20 0
9 20
9 0


749 9 20 0
9 20
9 0


750 9 20 0
9 20
9 0


751 9 20 0
9 20
9 0


752 9 20 0
9 20
9 0


753 9 20 0
9 20
9 0


754 9 20 0
9 20
9 0


755 9 20 0
9 20
9 0


756 9 20 0
9 20
9 0


757 9 20 0
9 20
9 0


758 9 20 0
9 20
9 0


759 9 20 0
9 20
9 0


760 9 20 0
9 20
9 0


761 9 20 0
9 20
9 0


762 9 20 0
9 20
9 0


763 9 20 0
9 20
9 0


764 9 20 0
9 20
9 0


765 9 20 0
9 20
9 0


766 9 20 0
9 20
9 0


767 9 20 0
9 20
9 0


768 9 20 0
9 20
9 0


769 9 20 0
9 20
9 0


770 9 20 0
9 20
9 0


771 9 20 0
9 20
9 0


772 9 20 0
9 20
9 0


1034 1 6 5
1 6
1 5


1035 1 6 5
1 6
1 5


1036 1 6 5
1 6
1 5


1037 1 6 5
1 6
1 5


1038 1 6 5
1 6
1 5


1039 1 6 5
1 6
1 5


1040 1 6 5
1 6
1 5


1041 1 6 5
1 6
1 5


1042 1 6 5
1 6
1 5


1043 1 6 5
1 6
1 5


1044 1 6 5
1 6
1 5


1045 1 6 5
1 6
1 5


1046 1 6 5
1 6
1 5


1047 1 6 5
1 6
1 5


1048 1 6 5
1 6
1 5


1049 1 6 5
1 6
1 5


1115 16 12 17
16 12
16 17


1116 16 12 17
16 12
16 17


1117 16 12 17
16 12
16 17


1118 16 12 17
16 12
16 17


1119 16 12 17
16 12
16 17


1120 16 12 17
16 12
16 17


1121 16 12 17
16 12
16 17


1122 16 12 17
16 12
16 17


1123 16 12 17
16 12
16 17


1124 16 12 17
16 12
16 17


1125 16 12 17
16 12
16 17


1126 16 12 17
16 12
16 17


1127 16 12 17
16 12
16 17


1128 16 12 17
16 12
16 17


1129 16 12 17
16 12
16 17


1130 16 12 17
16 12
16 17


1973 18 8 7
18 8
18 7


1974 18 8 7
18 8
18 7


1975 18 8 7
18 8
18 7


1976 18 8 7
18 8
18 7


1977 18 8 7
18 8
18 7


1978 18 8 7
18 8
18 7


1979 18 8 7
18 8
18 7


1980 18 8 7
18 8
18 7


1981 18 8 7
18 8
18 7


1982 18 8 7
18 8
18 7


1983 18 8 7
18 8
18 7


1984 18 8 7
18 8
18 7


1985 18 8 7
18 8
18 7


1986 18 8 7
18 8
18 7


1987 18 8 7
18 8
18 7


1988 18 8 7
18 8
18 7


1989 18 8 7
18 8
18 7


1990 18 8 7
18 8
18 7


1991 18 8 7
18 8
18 7


1992 18 8 7
18 8
18 7


1993 18 8 7
18 8
18 7


1994 18 8 7
18 8
18 7


1995 18 8 7
18 8
18 7


1996 18 8 7
18 8
18 7


1997 18 8 7
18 8
18 7


1998 18 8 7
18 8
18 7


1999 18 8 7
18 8
18 7


2000 18 8 7
18 8
18 7


2001 18 8 7
18 8
18 7


2002 18 8 7
18 8
18 7


2003 18 8 7
18 8
18 7


2004 18 8 7
18 8
18 7


2005 18 8 7
18 8
18 7


2006 18 8 7
18 8
18 7


2007 18 8 7
18 8
18 7


2008 18 8 7
18 8
18 7


2009 18 8 7
18 8
18 7


2010 18 8 7
18 8
18 7


2011 18 8 7
18 8
18 7


2012 18 8 7
18 8
18 7


2013 18 8 7
18 8
18 7


2014 18 8 7
18 8
18 7


2015 18 8 7
18 8
18 7


2016 18 8 7
18 8
18 7


2017 18 8 7
18 8
18 7


2018 18 8 7
18 8
18 7


2019 18 8 7
18 8
18 7


2020 18 8 7
18 8
18 7


2021 18 8 7
18 8
18 7


2022 18 8 7
18 8
18 7


2023 18 8 7
18 8
18 7


2024 18 8 7
18 8
18 7


2025 18 8 7
18 8
18 7


2026 18 8 7
18 8
18 7


2027 18 8 7
18 8
18 7


2028 18 8 7
18 8
18 7


2029 18 8 7
18 8
18 7


2030 18 8 7
18 8
18 7


2031 18 8 7
18 8
18 7


2032 18 8 7
18 8
18 7


2033 18 8 7
18 8
18 7


2034 18 8 7
18 8
18 7


2035 18 8 7
18 8
18 7


2036 18 8 7
18 8
18 7


2037 18 8 7
18 8
18 7


2038 18 8 7
18 8
18 7


2039 18 8 7
18 8
18 7


2040 18 8 7
18 8
18 7


2041 18 8 7
18 8
18 7


2042 18 8 7
18 8
18 7


2043 18 8 7
18 8
18 7


2044 18 8 7
18 8
18 7


2045 18 8 7
18 8
18 7


2046 18 8 7
18 8
18 7


2047 18 8 7
18 8
18 7


2048 18 8 7
18 8
18 7


2049 18 8 7
18 8
18 7


2050 18 8 7
18 8
18 7


2051 18 8 7
18 8
18 7


2052 18 8 7
18 8
18 7


2053 18 8 7
18 8
18 7


2054 18 8 7
18 8
18 7


2055 18 8 7
18 8
18 7


2056 18 8 7
18 8
18 7


2057 18 8 7
18 8
18 7


2058 18 8 7
18 8
18 7


2059 18 8 7
18 8
18 7


2060 18 8 7
18 8
18 7


2061 18 8 7
18 8
18 7


2062 18 8 7
18 8
18 7


2063 18 8 7
18 8
18 7


2064 18 8 7
18 8
18 7


2065 18 8 7
18 8
18 7


2066 18 8 7
18 8
18 7


2067 18 8 7
18 8
18 7


2068 18 8 7
18 8
18 7


2069 18 8 7
18 8
18 7


2070 18 8 7
18 8
18 7


2071 18 8 7
18 8
18 7


2072 18 8 7
18 8
18 7


2073 18 8 7
18 8
18 7


2074 18 8 7
18 8
18 7


2075 18 8 7
18 8
18 7


2076 18 8 7
18 8
18 7


2077 18 8 7
18 8
18 7


2078 18 8 7
18 8
18 7


2079 18 8 7
18 8
18 7


2080 18 8 7
18 8
18 7


2081 18 8 7
18 8
18 7


2082 18 8 7
18 8
18 7


2083 18 8 7
18 8
18 7


2084 18 8 7
18 8
18 7


2085 18 8 7
18 8
18 7


2086 18 8 7
18 8
18 7


2087 18 8 7
18 8
18 7


2088 18 8 7
18 8
18 7


2089 18 8 7
18 8
18 7


2090 18 8 7
18 8
18 7


2091 18 8 7
18 8
18 7


2092 18 8 7
18 8
18 7


2093 18 8 7
18 8
18 7


2094 18 8 7
18 8
18 7


2095 18 8 7
18 8
18 7


2096 18 8 7
18 8
18 7


2097 18 8 7
18 8
18 7


2098 18 8 7
18 8
18 7


2099 18 8 7
18 8
18 7


2100 18 8 7
18 8
18 7


3401 13 7 4
13 7
13 4


3402 13 7 4
13 7
13 4


3403 13 7 4
13 7
13 4


3404 13 7 4
13 7
13 4


3405 13 7 4
13 7
13 4


3406 13 7 4
13 7
13 4


3407 13 7 4
13 7
13 4


3408 13 7 4
13 7
13 4


3409 13 7 4
13 7
13 4


3410 13 7 4
13 7
13 4


3411 13 7 4
13 7
13 4


3412 13 7 4
13 7
13 4


3413 13 7 4
13 7
13 4


3414 13 7 4
13 7
13 4


3415 13 7 4
13 7
13 4


3416 13 7 4
13 7
13 4


3417 13 7 4
13 7
13 4


3418 13 7 4
13 7
13 4


3419 13 7 4
13 7
13 4


3420 13 7 4
13 7
13 4


3421 13 7 4
13 7
13 4


3422 13 7 4
13 7
13 4


3423 13 7 4
13 7
13 4


3424 13 7 4
13 7
13 4


3425 13 7 4
13 7
13 4


3426 13 7 4
13 7
13 4


3427 13 7 4
13 7
13 4


3428 13 7 4
13 7
13 4


3429 13 7 4
13 7
13 4


3430 13 7 4
13 7
13 4


3431 13 7 4
13 7
13 4


3432 13 7 4
13 7
13 4


3433 13 7 4
13 7
13 4


3434 13 7 4
13 7
13 4


3435 13 7 4
13 7
13 4


3436 13 7 4
13 7
13 4


3437 13 7 4
13 7
13 4


3438 13 7 4
13 7
13 4


3439 13 7 4
13 7
13 4


3440 13 7 4
13 7
13 4


3441 13 7 4
13 7
13 4


3442 13 7 4
13 7
13 4


3443 13 7 4
13 7
13 4


3444 13 7 4
13 7
13 4


3445 13 7 4
13 7
13 4


3446 13 7 4
13 7
13 4


3447 13 7 4
13 7
13 4


3448 13 7 4
13 7
13 4


3449 13 7 4
13 7
13 4


3450 13 7 4
13 7
13 4


3451 13 7 4
13 7
13 4


3452 13 7 4
13 7
13 4


3453 13 7 4
13 7
13 4


3454 13 7 4
13 7
13 4


3455 13 7 4
13 7
13 4


3456 13 7 4
13 7
13 4


3457 13 7 4
13 7
13 4


3458 13 7 4
13 7
13 4


3459 13 7 4
13 7
13 4


3460 13 7 4
13 7
13 4


3461 13 7 4
13 7
13 4


3462 13 7 4
13 7
13 4


3463 13 7 4
13 7
13 4


3464 13 7 4
13 7
13 4


3465 13 7 4
13 7
13 4


3466 13 7 4
13 7
13 4


3467 13 7 4
13 7
13 4


3468 13 7 4
13 7
13 4


3469 13 7 4
13 7
13 4


3470 13 7 4
13 7
13 4


3471 13 7 4
13 7
13 4


3472 13 7 4
13 7
13 4


3473 13 7 4
13 7
13 4


3474 13 7 4
13 7
13 4


3475 13 7 4
13 7
13 4


3476 13 7 4
13 7
13 4


3477 13 7 4
13 7
13 4


3478 13 7 4
13 7
13 4


3479 13 7 4
13 7
13 4


3480 13 7 4
13 7
13 4


3481 13 7 4
13 7
13 4


3482 13 7 4
13 7
13 4


3483 13 7 4
13 7
13 4


3484 13 7 4
13 7
13 4


3485 13 7 4
13 7
13 4


3486 13 7 4
13 7
13 4


3487 13 7 4
13 7
13 4


3488 13 7 4
13 7
13 4


3489 13 7 4
13 7
13 4


3490 13 7 4
13 7
13 4


3491 13 7 4
13 7
13 4


3492 13 7 4
13 7
13 4


3493 13 7 4
13 7
13 4


3494 13 7 4
13 7
13 4


3495 13 7 4
13 7
13 4


3496 13 7 4
13 7
13 4


3497 13 7 4
13 7
13 4


3498 13 7 4
13 7
13 4


3499 13 7 4
13 7
13 4


3500 13 7 4
13 7
13 4


3501 13 7 4
13 7
13 4


3502 13 7 4
13 7
13 4


3503 13 7 4
13 7
13 4


3504 13 7 4
13 7
13 4


3505 13 7 4
13 7
13 4


3506 13 7 4
13 7
13 4


3507 13 7 4
13 7
13 4


3508 13 7 4
13 7
13 4


3509 13 7 4
13 7
13 4


3510 13 7 4
13 7
13 4


3511 13 7 4
13 7
13 4


3512 13 7 4
13 7
13 4


3513 13 7 4
13 7
13 4


3514 13 7 4
13 7
13 4


3515 13 7 4
13 7
13 4


3516 13 7 4
13 7
13 4


3517 13 7 4
13 7
13 4


3518 13 7 4
13 7
13 4


3519 13 7 4
13 7
13 4


3520 13 7 4
13 7
13 4


3521 13 7 4
13 7
13 4


3522 13 7 4
13 7
13 4


3523 13 7 4
13 7
13 4


3524 13 7 4
13 7
13 4


3525 13 7 4
13 7
13 4


3526 13 7 4
13 7
13 4


3527 13 7 4
13 7
13 4


3528 13 7 4
13 7
13 4


4829 7 21 20
7 21
7 20


4830 7 21 20
7 21
7 20


4831 7 21 20
7 21
7 20


4832 7 21 20
7 21
7 20


4833 7 21 20
7 21
7 20


4834 7 21 20
7 21
7 20


4835 7 21 20
7 21
7 20


4836 7 21 20
7 21
7 20


4837 7 21 20
7 21
7 20


4838 7 21 20
7 21
7 20


4839 7 21 20
7 21
7 20


4840 7 21 20
7 21
7 20


4841 7 21 20
7 21
7 20


4842 7 21 20
7 21
7 20


4843 7 21 20
7 21
7 20


4844 7 21 20
7 21
7 20


4845 7 21 20
7 21
7 20


4846 7 21 20
7 21
7 20


4847 7 21 20
7 21
7 20


4848 7 21 20
7 21
7 20


4849 7 21 20
7 21
7 20


4850 7 21 20
7 21
7 20


4851 7 21 20
7 21
7 20


4852 7 21 20
7 21
7 20


4853 7 21 20
7 21
7 20


4854 7 21 20
7 21
7 20


4855 7 21 20
7 21
7 20


4856 7 21 20
7 21
7 20


4857 7 21 20
7 21
7 20


4858 7 21 20
7 21
7 20


4859 7 21 20
7 21
7 20


4860 7 21 20
7 21
7 20


4861 7 21 20
7 21
7 20


4862 7 21 20
7 21
7 20


4863 7 21 20
7 21
7 20


4864 7 21 20
7 21
7 20


4865 7 21 20
7 21
7 20


4866 7 21 20
7 21
7 20


4867 7 21 20
7 21
7 20


4868 7 21 20
7 21
7 20


4869 7 21 20
7 21
7 20


4870 7 21 20
7 21
7 20


4871 7 21 20
7 21
7 20


4872 7 21 20
7 21
7 20


4873 7 21 20
7 21
7 20


4874 7 21 20
7 21
7 20


4875 7 21 20
7 21
7 20


4876 7 21 20
7 21
7 20


4877 7 21 20
7 21
7 20


4878 7 21 20
7 21
7 20


4879 7 21 20
7 21
7 20


4880 7 21 20
7 21
7 20


4881 7 21 20
7 21
7 20


4882 7 21 20
7 21
7 20


4883 7 21 20
7 21
7 20


4884 7 21 20
7 21
7 20


4885 7 21 20
7 21
7 20


4886 7 21 20
7 21
7 20


4887 7 21 20
7 21
7 20


4888 7 21 20
7 21
7 20


4889 7 21 20
7 21
7 20


4890 7 21 20
7 21
7 20


4891 7 21 20
7 21
7 20


4892 7 21 20
7 21
7 20


4893 7 21 20
7 21
7 20


4894 7 21 20
7 21
7 20


4895 7 21 20
7 21
7 20


4896 7 21 20
7 21
7 20


4897 7 21 20
7 21
7 20


4898 7 21 20
7 21
7 20


4899 7 21 20
7 21
7 20


4900 7 21 20
7 21
7 20


4901 7 21 20
7 21
7 20


4902 7 21 20
7 21
7 20


4903 7 21 20
7 21
7 20


4904 7 21 20
7 21
7 20


4905 7 21 20
7 21
7 20


4906 7 21 20
7 21
7 20


4907 7 21 20
7 21
7 20


4908 7 21 20
7 21
7 20


4909 7 21 20
7 21
7 20


4910 7 21 20
7 21
7 20


4911 7 21 20
7 21
7 20


4912 7 21 20
7 21
7 20


4913 7 21 20
7 21
7 20


4914 7 21 20
7 21
7 20


4915 7 21 20
7 21
7 20


4916 7 21 20
7 21
7 20


4917 7 21 20
7 21
7 20


4918 7 21 20
7 21
7 20


4919 7 21 20
7 21
7 20


4920 7 21 20
7 21
7 20


4921 7 21 20
7 21
7 20


4922 7 21 20
7 21
7 20


4923 7 21 20
7 21
7 20


4924 7 21 20
7 21
7 20


4925 7 21 20
7 21
7 20


4926 7 21 20
7 21
7 20


4927 7 21 20
7 21
7 20


4928 7 21 20
7 21
7 20


4929 7 21 20
7 21
7 20


4930 7 21 20
7 21
7 20


4931 7 21 20
7 21
7 20


4932 7 21 20
7 21
7 20


4933 7 21 20
7 21
7 20


4934 7 21 20
7 21
7 20


4935 7 21 20
7 21
7 20


4936 7 21 20
7 21
7 20


4937 7 21 20
7 21
7 20


4938 7 21 20
7 21
7 20


4939 7 21 20
7 21
7 20


4940 7 21 20
7 21
7 20


4941 7 21 20
7 21
7 20


4942 7 21 20
7 21
7 20


4943 7 21 20
7 21
7 20


4944 7 21 20
7 21
7 20


4945 7 21 20
7 21
7 20


4946 7 21 20
7 21
7 20


4947 7 21 20
7 21
7 20


4948 7 21 20
7 21
7 20


4949 7 21 20
7 21
7 20


4950 7 21 20
7 21
7 20


4951 7 21 20
7 21
7 20


4952 7 21 20
7 21
7 20


4953 7 21 20
7 21
7 20


4954 7 21 20
7 21
7 20


4955 7 21 20
7 21
7 20


4956 7 21 20
7 21
7 20


6257 24 6 5
24 6
24 5


6258 24 6 5
24 6
24 5


6259 24 6 5
24 6
24 5


6260 24 6 5
24 6
24 5


6261 24 6 5
24 6
24 5


6262 24 6 5
24 6
24 5


6263 24 6 5
24 6
24 5


6264 24 6 5
24 6
24 5


6265 24 6 5
24 6
24 5


6266 24 6 5
24 6
24 5


6267 24 6 5
24 6
24 5


6268 24 6 5
24 6
24 5


6269 24 6 5
24 6
24 5


6270 24 6 5
24 6
24 5


6271 24 6 5
24 6
24 5


6272 24 6 5
24 6
24 5


6273 24 6 5
24 6
24 5


6274 24 6 5
24 6
24 5


6275 24 6 5
24 6
24 5


6276 24 6 5
24 6
24 5


6277 24 6 5
24 6
24 5


6278 24 6 5
24 6
24 5


6279 24 6 5
24 6
24 5


6280 24 6 5
24 6
24 5


6281 24 6 5
24 6
24 5


6282 24 6 5
24 6
24 5


6283 24 6 5
24 6
24 5


6284 24 6 5
24 6
24 5


6285 24 6 5
24 6
24 5


6286 24 6 5
24 6
24 5


6287 24 6 5
24 6
24 5


6288 24 6 5
24 6
24 5


6289 24 6 5
24 6
24 5


6290 24 6 5
24 6
24 5


6291 24 6 5
24 6
24 5


6292 24 6 5
24 6
24 5


6293 24 6 5
24 6
24 5


6294 24 6 5
24 6
24 5


6295 24 6 5
24 6
24 5


6296 24 6 5
24 6
24 5


6297 24 6 5
24 6
24 5


6298 24 6 5
24 6
24 5


6299 24 6 5
24 6
24 5


6300 24 6 5
24 6
24 5


6301 24 6 5
24 6
24 5


6302 24 6 5
24 6
24 5


6303 24 6 5
24 6
24 5


6304 24 6 5
24 6
24 5


6305 24 6 5
24 6
24 5


6306 24 6 5
24 6
24 5


6307 24 6 5
24 6
24 5


6308 24 6 5
24 6
24 5


6309 24 6 5
24 6
24 5


6310 24 6 5
24 6
24 5


6311 24 6 5
24 6
24 5


6312 24 6 5
24 6
24 5


6313 24 6 5
24 6
24 5


6314 24 6 5
24 6
24 5


6315 24 6 5
24 6
24 5


6316 24 6 5
24 6
24 5


6317 24 6 5
24 6
24 5


6318 24 6 5
24 6
24 5


6319 24 6 5
24 6
24 5


6320 24 6 5
24 6
24 5


6321 24 6 5
24 6
24 5


6322 24 6 5
24 6
24 5


6323 24 6 5
24 6
24 5


6324 24 6 5
24 6
24 5


6325 24 6 5
24 6
24 5


6326 24 6 5
24 6
24 5


6327 24 6 5
24 6
24 5


6328 24 6 5
24 6
24 5


6329 24 6 5
24 6
24 5


6330 24 6 5
24 6
24 5


6331 24 6 5
24 6
24 5


6332 24 6 5
24 6
24 5


6333 24 6 5
24 6
24 5


6334 24 6 5
24 6
24 5


6335 24 6 5
24 6
24 5


6336 24 6 5
24 6
24 5


6337 24 6 5
24 6
24 5


6338 24 6 5
24 6
24 5


6339 24 6 5
24 6
24 5


6340 24 6 5
24 6
24 5


6341 24 6 5
24 6
24 5


6342 24 6 5
24 6
24 5


6343 24 6 5
24 6
24 5


6344 24 6 5
24 6
24 5


6345 24 6 5
24 6
24 5


6346 24 6 5
24 6
24 5


6347 24 6 5
24 6
24 5


6348 24 6 5
24 6
24 5


6349 24 6 5
24 6
24 5


6350 24 6 5
24 6
24 5


6351 24 6 5
24 6
24 5


6352 24 6 5
24 6
24 5


6353 24 6 5
24 6
24 5


6354 24 6 5
24 6
24 5


6355 24 6 5
24 6
24 5


6356 24 6 5
24 6
24 5


6357 24 6 5
24 6
24 5


6358 24 6 5
24 6
24 5


6359 24 6 5
24 6
24 5


6360 24 6 5
24 6
24 5


6361 24 6 5
24 6
24 5


6362 24 6 5
24 6
24 5


6363 24 6 5
24 6
24 5


6364 24 6 5
24 6
24 5


6365 24 6 5
24 6
24 5


6366 24 6 5
24 6
24 5


6367 24 6 5
24 6
24 5


6368 24 6 5
24 6
24 5


6369 24 6 5
24 6
24 5


6370 24 6 5
24 6
24 5


6371 24 6 5
24 6
24 5


6372 24 6 5
24 6
24 5


6373 24 6 5
24 6
24 5


6374 24 6 5
24 6
24 5


6375 24 6 5
24 6
24 5


6376 24 6 5
24 6
24 5


6377 24 6 5
24 6
24 5


6378 24 6 5
24 6
24 5


6379 24 6 5
24 6
24 5


6380 24 6 5
24 6
24 5


6381 24 6 5
24 6
24 5


6382 24 6 5
24 6
24 5


6383 24 6 5
24 6
24 5


6384 24 6 5
24 6
24 5


